10 10
-6001 -3105 -18000 -38500 -186 -1987 -8820 -42000 -4025 -3270
-450 10 0 -20 1 -5 2 -100 3 -200 4 -2 5 -4 6 -60 7 -150 8 -80 9 -40
-540 10 0 -20 1 -7 2 -130 3 -280 4 -2 5 -8 6 -110 7 -210 8 -100 9 -40
-200 10 0 -60 1 -3 2 -50 3 -100 4 -4 5 -2 6 -20 7 -40 8 -6 9 -12
-360 10 0 -60 1 -8 2 -70 3 -200 4 -4 5 -6 6 -40 7 -70 8 -16 9 -20
-440 10 0 -60 1 -13 2 -70 3 -250 4 -4 5 -10 6 -60 7 -90 8 -20 9 -24
-480 10 0 -60 1 -13 2 -70 3 -280 4 -4 5 -10 6 -70 7 -105 8 -22 9 -28
-200 8 0 -5 1 -2 2 -20 3 -100 4 -2 5 -5 6 -10 7 -60
-360 9 0 -45 1 -14 2 -80 3 -180 4 -6 5 -10 6 -40 7 -100 8 -20
-440 10 0 -55 1 -14 2 -80 3 -200 4 -6 5 -10 6 -50 7 -140 8 -30 9 -40
-480 10 0 -65 1 -14 2 -80 3 -220 4 -6 5 -10 6 -50 7 -180 8 -30 9 -50
incumbent 1
1 1 1 0 1 1 1 1 0 1
