75 35
-19 -25 -16 -25 -25 -23 -24 -21 -24 -19 -24 -16 -25 -18 -21 -20 -21 -22 -19 -22 -20 -19 -24 -15 -20 -25 -17 -24 -18 -15 -16 -17 -16 -20 -20 -21 -19 -17 -22 -19 -24 -23 -15 -23 -18 -15 -21 -18 -18 -18 -17 -21 -15 -16 -17 -17 -23 -17 -19 -23 -20 -20 -18 -17 -17 -20 -15 -24 -15 -25 -20 -16 -18 -22 -25
1 5 0 1 1 1 2 1 3 1 4 1
-1 5 0 -1 1 -1 2 -1 3 -1 4 -1
1 5 5 1 6 1 7 1 8 1 9 1
-1 5 5 -1 6 -1 7 -1 8 -1 9 -1
1 5 10 1 11 1 12 1 13 1 14 1
-1 5 10 -1 11 -1 12 -1 13 -1 14 -1
1 5 15 1 16 1 17 1 18 1 19 1
-1 5 15 -1 16 -1 17 -1 18 -1 19 -1
1 5 20 1 21 1 22 1 23 1 24 1
-1 5 20 -1 21 -1 22 -1 23 -1 24 -1
1 5 25 1 26 1 27 1 28 1 29 1
-1 5 25 -1 26 -1 27 -1 28 -1 29 -1
1 5 30 1 31 1 32 1 33 1 34 1
-1 5 30 -1 31 -1 32 -1 33 -1 34 -1
1 5 35 1 36 1 37 1 38 1 39 1
-1 5 35 -1 36 -1 37 -1 38 -1 39 -1
1 5 40 1 41 1 42 1 43 1 44 1
-1 5 40 -1 41 -1 42 -1 43 -1 44 -1
1 5 45 1 46 1 47 1 48 1 49 1
-1 5 45 -1 46 -1 47 -1 48 -1 49 -1
1 5 50 1 51 1 52 1 53 1 54 1
-1 5 50 -1 51 -1 52 -1 53 -1 54 -1
1 5 55 1 56 1 57 1 58 1 59 1
-1 5 55 -1 56 -1 57 -1 58 -1 59 -1
1 5 60 1 61 1 62 1 63 1 64 1
-1 5 60 -1 61 -1 62 -1 63 -1 64 -1
1 5 65 1 66 1 67 1 68 1 69 1
-1 5 65 -1 66 -1 67 -1 68 -1 69 -1
1 5 70 1 71 1 72 1 73 1 74 1
-1 5 70 -1 71 -1 72 -1 73 -1 74 -1
-36 15 0 -16 5 -12 10 -8 15 -20 20 -18 25 -10 30 -12 35 -8 40 -14 45 -23 50 -19 55 -14 60 -15 65 -15 70 -24
-37 15 1 -16 6 -18 11 -19 16 -22 21 -13 26 -20 31 -9 36 -7 41 -25 46 -10 51 -20 56 -13 61 -11 66 -15 71 -16
-38 15 2 -6 7 -20 12 -20 17 -5 22 -14 27 -12 32 -6 37 -15 42 -22 47 -18 52 -13 57 -23 62 -23 67 -18 72 -25
-48 15 3 -18 8 -23 13 -25 18 -17 23 -25 28 -13 33 -23 38 -23 43 -13 48 -20 53 -20 58 -23 63 -17 68 -19 73 -24
-44 15 4 -12 9 -17 14 -15 19 -25 24 -22 29 -5 34 -24 39 -19 44 -12 49 -25 54 -23 59 -21 64 -23 69 -19 74 -18
incumbent 1
0 0 1 0 0 1 0 0 0 0 1 0 0 0 0 0 0 1 0 0 0 1 0 0 0 0 0 0 0 1 0 0 1 0 0 0 1 0 0 0 0 0 0 1 0 0 0 0 1 0 0 0 1 0 0 0 0 0 0 1 0 1 0 0 0 1 0 0 0 0 0 0 0 0 1
