75 35
-25 -25 -18 -18 -17 -25 -18 -16 -21 -18 -18 -17 -19 -16 -15 -24 -22 -15 -18 -21 -20 -21 -15 -17 -23 -19 -23 -18 -24 -21 -25 -20 -15 -18 -24 -24 -23 -20 -23 -23 -23 -16 -19 -22 -20 -15 -19 -24 -16 -22 -18 -15 -22 -17 -19 -18 -18 -20 -22 -15 -25 -16 -25 -22 -22 -15 -23 -16 -18 -22 -22 -16 -21 -16 -25
1 5 0 1 1 1 2 1 3 1 4 1
-1 5 0 -1 1 -1 2 -1 3 -1 4 -1
1 5 5 1 6 1 7 1 8 1 9 1
-1 5 5 -1 6 -1 7 -1 8 -1 9 -1
1 5 10 1 11 1 12 1 13 1 14 1
-1 5 10 -1 11 -1 12 -1 13 -1 14 -1
1 5 15 1 16 1 17 1 18 1 19 1
-1 5 15 -1 16 -1 17 -1 18 -1 19 -1
1 5 20 1 21 1 22 1 23 1 24 1
-1 5 20 -1 21 -1 22 -1 23 -1 24 -1
1 5 25 1 26 1 27 1 28 1 29 1
-1 5 25 -1 26 -1 27 -1 28 -1 29 -1
1 5 30 1 31 1 32 1 33 1 34 1
-1 5 30 -1 31 -1 32 -1 33 -1 34 -1
1 5 35 1 36 1 37 1 38 1 39 1
-1 5 35 -1 36 -1 37 -1 38 -1 39 -1
1 5 40 1 41 1 42 1 43 1 44 1
-1 5 40 -1 41 -1 42 -1 43 -1 44 -1
1 5 45 1 46 1 47 1 48 1 49 1
-1 5 45 -1 46 -1 47 -1 48 -1 49 -1
1 5 50 1 51 1 52 1 53 1 54 1
-1 5 50 -1 51 -1 52 -1 53 -1 54 -1
1 5 55 1 56 1 57 1 58 1 59 1
-1 5 55 -1 56 -1 57 -1 58 -1 59 -1
1 5 60 1 61 1 62 1 63 1 64 1
-1 5 60 -1 61 -1 62 -1 63 -1 64 -1
1 5 65 1 66 1 67 1 68 1 69 1
-1 5 65 -1 66 -1 67 -1 68 -1 69 -1
1 5 70 1 71 1 72 1 73 1 74 1
-1 5 70 -1 71 -1 72 -1 73 -1 74 -1
-40 15 0 -16 5 -20 10 -9 15 -22 20 -17 25 -19 30 -20 35 -22 40 -20 45 -13 50 -6 55 -20 60 -23 65 -19 70 -7
-38 15 1 -12 6 -22 11 -18 16 -18 21 -6 26 -13 31 -17 36 -17 41 -17 46 -14 51 -20 56 -12 61 -17 66 -14 71 -22
-38 15 2 -5 7 -19 12 -19 17 -14 22 -24 27 -16 32 -7 37 -8 42 -9 47 -22 52 -13 57 -23 62 -24 67 -15 72 -20
-35 15 3 -20 8 -8 13 -6 18 -9 23 -5 28 -17 33 -23 38 -18 43 -14 48 -12 53 -14 58 -17 63 -15 68 -23 73 -21
-34 15 4 -6 9 -6 14 -24 19 -24 24 -8 29 -7 34 -5 39 -25 44 -21 49 -18 54 -12 59 -20 64 -20 69 -7 74 -12
incumbent 1
0 0 1 0 0 0 0 0 0 1 0 0 0 1 0 0 0 0 1 0 0 1 0 0 0 0 0 0 0 1 0 0 1 0 0 0 0 1 0 0 1 0 0 0 0 0 1 0 0 0 1 0 0 0 0 0 1 0 0 0 0 0 0 1 0 0 0 0 0 1 1 0 0 0 0
