75 35
-17 -23 -16 -19 -18 -21 -16 -20 -19 -19 -22 -21 -16 -22 -15 -18 -16 -25 -22 -15 -24 -17 -24 -20 -21 -15 -16 -16 -16 -25 -20 -19 -17 -19 -16 -18 -25 -19 -17 -16 -19 -18 -19 -21 -23 -18 -21 -18 -19 -15 -16 -17 -20 -25 -22 -22 -15 -16 -23 -17 -24 -25 -17 -25 -19 -24 -17 -21 -25 -22 -16 -24 -24 -25 -24
1 5 0 1 1 1 2 1 3 1 4 1
-1 5 0 -1 1 -1 2 -1 3 -1 4 -1
1 5 5 1 6 1 7 1 8 1 9 1
-1 5 5 -1 6 -1 7 -1 8 -1 9 -1
1 5 10 1 11 1 12 1 13 1 14 1
-1 5 10 -1 11 -1 12 -1 13 -1 14 -1
1 5 15 1 16 1 17 1 18 1 19 1
-1 5 15 -1 16 -1 17 -1 18 -1 19 -1
1 5 20 1 21 1 22 1 23 1 24 1
-1 5 20 -1 21 -1 22 -1 23 -1 24 -1
1 5 25 1 26 1 27 1 28 1 29 1
-1 5 25 -1 26 -1 27 -1 28 -1 29 -1
1 5 30 1 31 1 32 1 33 1 34 1
-1 5 30 -1 31 -1 32 -1 33 -1 34 -1
1 5 35 1 36 1 37 1 38 1 39 1
-1 5 35 -1 36 -1 37 -1 38 -1 39 -1
1 5 40 1 41 1 42 1 43 1 44 1
-1 5 40 -1 41 -1 42 -1 43 -1 44 -1
1 5 45 1 46 1 47 1 48 1 49 1
-1 5 45 -1 46 -1 47 -1 48 -1 49 -1
1 5 50 1 51 1 52 1 53 1 54 1
-1 5 50 -1 51 -1 52 -1 53 -1 54 -1
1 5 55 1 56 1 57 1 58 1 59 1
-1 5 55 -1 56 -1 57 -1 58 -1 59 -1
1 5 60 1 61 1 62 1 63 1 64 1
-1 5 60 -1 61 -1 62 -1 63 -1 64 -1
1 5 65 1 66 1 67 1 68 1 69 1
-1 5 65 -1 66 -1 67 -1 68 -1 69 -1
1 5 70 1 71 1 72 1 73 1 74 1
-1 5 70 -1 71 -1 72 -1 73 -1 74 -1
-36 15 0 -8 5 -15 10 -14 15 -23 20 -8 25 -16 30 -8 35 -25 40 -9 45 -17 50 -25 55 -15 60 -10 65 -8 70 -24
-34 15 1 -15 6 -7 11 -23 16 -22 21 -11 26 -11 31 -12 36 -10 41 -17 46 -16 51 -7 56 -16 61 -10 66 -18 71 -22
-38 15 2 -21 7 -20 12 -6 17 -22 22 -24 27 -10 32 -24 37 -9 42 -21 47 -14 52 -11 57 -14 62 -11 67 -19 72 -16
-27 15 3 -20 8 -11 13 -8 18 -14 23 -9 28 -5 33 -6 38 -19 43 -19 48 -7 53 -6 58 -6 63 -13 68 -9 73 -18
-33 15 4 -8 9 -13 14 -13 19 -13 24 -10 29 -20 34 -25 39 -16 44 -16 49 -17 54 -10 59 -10 64 -5 69 -12 74 -23
incumbent 1
1 0 0 0 0 0 1 0 0 0 0 0 1 0 0 0 0 0 0 1 1 0 0 0 0 0 0 0 1 0 0 0 0 1 0 0 0 1 0 0 1 0 0 0 0 0 0 0 1 0 0 1 0 0 0 0 0 0 0 1 0 1 0 0 0 1 0 0 0 0 0 0 1 0 0
