75 35
-22 -23 -21 -17 -15 -21 -24 -20 -21 -25 -16 -19 -21 -25 -23 -17 -15 -25 -25 -19 -21 -16 -21 -23 -17 -15 -21 -20 -22 -17 -17 -15 -21 -20 -25 -22 -25 -19 -19 -24 -22 -16 -17 -20 -24 -25 -21 -16 -25 -17 -18 -20 -25 -15 -24 -20 -19 -19 -20 -19 -24 -16 -15 -21 -18 -15 -23 -15 -25 -19 -22 -20 -15 -23 -16
1 5 0 1 1 1 2 1 3 1 4 1
-1 5 0 -1 1 -1 2 -1 3 -1 4 -1
1 5 5 1 6 1 7 1 8 1 9 1
-1 5 5 -1 6 -1 7 -1 8 -1 9 -1
1 5 10 1 11 1 12 1 13 1 14 1
-1 5 10 -1 11 -1 12 -1 13 -1 14 -1
1 5 15 1 16 1 17 1 18 1 19 1
-1 5 15 -1 16 -1 17 -1 18 -1 19 -1
1 5 20 1 21 1 22 1 23 1 24 1
-1 5 20 -1 21 -1 22 -1 23 -1 24 -1
1 5 25 1 26 1 27 1 28 1 29 1
-1 5 25 -1 26 -1 27 -1 28 -1 29 -1
1 5 30 1 31 1 32 1 33 1 34 1
-1 5 30 -1 31 -1 32 -1 33 -1 34 -1
1 5 35 1 36 1 37 1 38 1 39 1
-1 5 35 -1 36 -1 37 -1 38 -1 39 -1
1 5 40 1 41 1 42 1 43 1 44 1
-1 5 40 -1 41 -1 42 -1 43 -1 44 -1
1 5 45 1 46 1 47 1 48 1 49 1
-1 5 45 -1 46 -1 47 -1 48 -1 49 -1
1 5 50 1 51 1 52 1 53 1 54 1
-1 5 50 -1 51 -1 52 -1 53 -1 54 -1
1 5 55 1 56 1 57 1 58 1 59 1
-1 5 55 -1 56 -1 57 -1 58 -1 59 -1
1 5 60 1 61 1 62 1 63 1 64 1
-1 5 60 -1 61 -1 62 -1 63 -1 64 -1
1 5 65 1 66 1 67 1 68 1 69 1
-1 5 65 -1 66 -1 67 -1 68 -1 69 -1
1 5 70 1 71 1 72 1 73 1 74 1
-1 5 70 -1 71 -1 72 -1 73 -1 74 -1
-32 15 0 -23 5 -10 10 -15 15 -13 20 -17 25 -10 30 -13 35 -6 40 -9 45 -21 50 -20 55 -7 60 -9 65 -25 70 -8
-37 15 1 -17 6 -13 11 -8 16 -23 21 -11 26 -18 31 -7 36 -22 41 -13 46 -5 51 -24 56 -24 61 -15 66 -10 71 -22
-44 15 2 -22 7 -17 12 -22 17 -23 22 -20 27 -11 32 -17 37 -25 42 -23 47 -9 52 -22 57 -20 62 -15 67 -9 72 -25
-35 15 3 -5 8 -19 13 -25 18 -16 23 -15 28 -10 33 -18 38 -9 43 -11 48 -20 53 -7 58 -21 63 -15 68 -8 73 -25
-40 15 4 -22 9 -9 14 -10 19 -23 24 -19 29 -21 34 -17 39 -15 44 -15 49 -17 54 -25 59 -19 64 -10 69 -9 74 -21
incumbent 1
0 0 0 1 0 0 0 0 0 1 0 1 0 0 0 1 0 0 0 0 0 1 0 0 0 0 0 1 0 0 0 1 0 0 0 0 0 0 1 0 1 0 0 0 0 0 0 1 0 0 0 0 0 1 0 0 0 0 0 1 0 0 1 0 0 0 0 0 1 0 1 0 0 0 0
