75 35
-15 -20 -25 -19 -25 -25 -18 -19 -19 -24 -20 -25 -18 -23 -17 -18 -25 -18 -17 -19 -19 -16 -23 -19 -25 -21 -24 -18 -19 -19 -18 -22 -15 -22 -23 -22 -24 -22 -19 -19 -24 -17 -23 -23 -25 -15 -18 -16 -22 -15 -25 -23 -25 -24 -19 -17 -25 -22 -22 -21 -17 -21 -22 -25 -18 -15 -25 -15 -19 -19 -22 -24 -16 -16 -22
1 5 0 1 1 1 2 1 3 1 4 1
-1 5 0 -1 1 -1 2 -1 3 -1 4 -1
1 5 5 1 6 1 7 1 8 1 9 1
-1 5 5 -1 6 -1 7 -1 8 -1 9 -1
1 5 10 1 11 1 12 1 13 1 14 1
-1 5 10 -1 11 -1 12 -1 13 -1 14 -1
1 5 15 1 16 1 17 1 18 1 19 1
-1 5 15 -1 16 -1 17 -1 18 -1 19 -1
1 5 20 1 21 1 22 1 23 1 24 1
-1 5 20 -1 21 -1 22 -1 23 -1 24 -1
1 5 25 1 26 1 27 1 28 1 29 1
-1 5 25 -1 26 -1 27 -1 28 -1 29 -1
1 5 30 1 31 1 32 1 33 1 34 1
-1 5 30 -1 31 -1 32 -1 33 -1 34 -1
1 5 35 1 36 1 37 1 38 1 39 1
-1 5 35 -1 36 -1 37 -1 38 -1 39 -1
1 5 40 1 41 1 42 1 43 1 44 1
-1 5 40 -1 41 -1 42 -1 43 -1 44 -1
1 5 45 1 46 1 47 1 48 1 49 1
-1 5 45 -1 46 -1 47 -1 48 -1 49 -1
1 5 50 1 51 1 52 1 53 1 54 1
-1 5 50 -1 51 -1 52 -1 53 -1 54 -1
1 5 55 1 56 1 57 1 58 1 59 1
-1 5 55 -1 56 -1 57 -1 58 -1 59 -1
1 5 60 1 61 1 62 1 63 1 64 1
-1 5 60 -1 61 -1 62 -1 63 -1 64 -1
1 5 65 1 66 1 67 1 68 1 69 1
-1 5 65 -1 66 -1 67 -1 68 -1 69 -1
1 5 70 1 71 1 72 1 73 1 74 1
-1 5 70 -1 71 -1 72 -1 73 -1 74 -1
-39 15 0 -20 5 -20 10 -18 15 -9 20 -18 25 -5 30 -16 35 -18 40 -13 45 -24 50 -21 55 -23 60 -15 65 -19 70 -9
-36 15 1 -5 6 -12 11 -18 16 -8 21 -22 26 -19 31 -19 36 -11 41 -7 46 -19 51 -20 56 -17 61 -21 66 -25 71 -5
-37 15 2 -18 7 -8 12 -8 17 -9 22 -20 27 -20 32 -23 37 -13 42 -15 47 -12 52 -6 57 -12 62 -25 67 -25 72 -23
-38 15 3 -17 8 -19 13 -24 18 -9 23 -16 28 -22 33 -10 38 -17 43 -12 48 -17 53 -15 58 -21 63 -16 68 -18 73 -6
-37 15 4 -14 9 -6 14 -20 19 -6 24 -21 29 -5 34 -11 39 -23 44 -20 49 -21 54 -20 59 -18 64 -13 69 -13 74 -21
incumbent 1
0 1 0 0 0 0 0 0 0 1 0 0 1 0 0 0 0 0 0 1 0 0 0 1 0 1 0 0 0 0 0 0 0 0 1 0 1 0 0 0 0 1 0 0 0 0 0 1 0 0 0 0 1 0 0 1 0 0 0 0 0 0 0 1 0 0 0 0 0 1 0 1 0 0 0
