20 10
-100 -220 -90 -400 -300 -400 -205 -120 -160 -580 -400 -140 -100 -1300 -650 -320 -480 -80 -60 -2550
-550 20 0 -8 1 -24 2 -13 3 -80 4 -70 5 -80 6 -45 7 -15 8 -28 9 -90 10 -130 11 -32 12 -20 13 -120 14 -40 15 -30 16 -20 17 -6 18 -3 19 -180
-700 20 0 -8 1 -44 2 -13 3 -100 4 -100 5 -90 6 -75 7 -25 8 -28 9 -120 10 -130 11 -32 12 -40 13 -160 14 -40 15 -60 16 -55 17 -10 18 -6 19 -240
-130 18 0 -3 1 -6 2 -4 3 -20 4 -20 5 -30 6 -8 7 -3 8 -12 9 -14 10 -40 11 -6 12 -3 13 -20 14 -5 16 -5 17 -3 19 -20
-240 20 0 -5 1 -9 2 -6 3 -40 4 -30 5 -40 6 -16 7 -5 8 -18 9 -24 10 -60 11 -16 12 -11 13 -30 14 -25 15 -10 16 -13 17 -5 18 -1 19 -80
-280 20 0 -5 1 -11 2 -7 3 -50 4 -40 5 -40 6 -19 7 -7 8 -18 9 -29 10 -70 11 -21 12 -17 13 -30 14 -25 15 -15 16 -25 17 -5 18 -1 19 -100
-310 20 0 -5 1 -11 2 -7 3 -55 4 -40 5 -40 6 -21 7 -9 8 -18 9 -29 10 -70 11 -21 12 -17 13 -35 14 -25 15 -20 16 -25 17 -5 18 -2 19 -110
-110 10 2 -1 3 -10 4 -4 5 -10 7 -6 9 -6 10 -32 11 -3 13 -70 14 -10
-205 20 0 -3 1 -4 2 -5 3 -20 4 -14 5 -20 6 -6 7 -12 8 -10 9 -18 10 -42 11 -9 12 -12 13 -100 14 -20 15 -5 16 -6 17 -4 18 -1 19 -20
-260 20 0 -3 1 -6 2 -9 3 -30 4 -29 5 -20 6 -12 7 -12 8 -10 9 -30 10 -42 11 -18 12 -18 13 -110 14 -20 15 -15 16 -18 17 -7 18 -2 19 -40
-275 20 0 -3 1 -8 2 -9 3 -35 4 -29 5 -20 6 -16 7 -15 8 -10 9 -30 10 -42 11 -20 12 -18 13 -120 14 -20 15 -20 16 -22 17 -7 18 -3 19 -50
incumbent 1
1 1 1 0 0 0 0 0 1 0 0 0 0 1 1 1 1 1 1 1
