33 16
171 171 171 171 163 162 163 69 69 183 183 183 183 49 183 258 517 250 500 250 500 159 318 159 318 159 318 159 318 114 228 159 318
-1 4 0 -1 1 -1 2 -1 3 -1
-1 3 4 -1 5 -1 6 -1
-1 2 7 -1 8 -1
-1 5 9 -1 10 -1 11 -1 12 -1 14 -1
5 3 9 230 15 200 16 400
-2700 19 2 -300 3 -300 4 -285 5 -285 7 -265 8 -265 11 -230 12 -230 13 -190 21 -200 22 -400 23 -200 24 -400 25 -200 26 -400 27 -200 28 -400 29 -200 30 -400
2600 19 2 300 3 300 4 285 5 285 7 265 8 265 11 230 12 230 13 190 21 200 22 400 23 200 24 400 25 200 26 400 27 200 28 400 29 200 30 400
100 3 3 300 29 200 30 400
900 6 0 300 5 285 8 265 13 190 25 200 26 400
1656 10 0 300 2 300 5 285 8 265 12 230 13 190 25 200 26 400 27 200 28 400
335 5 4 285 7 265 10 230 21 200 22 400
1026 8 4 285 7 265 10 230 11 230 21 200 22 400 23 200 24 400
5 3 1 300 17 200 18 400
500 5 1 300 17 200 18 400 19 200 20 400
270 3 6 285 31 200 32 400
0 0
incumbent 0
