282 241
204 7 68 34 87 3 29 14 2355 79 785 393 1008 34 336 168 819 55 273 137 351 23 117 58 9423 628 3141 1571 4023 268 1341 671 1023 68 341 171 438 29 146 73 11781 785 3927 1963 5049 337 1683 842 72 5 24 12 9 1 3 2 3585 239 1195 598 399 27 133 67 294 20 98 49 33 2 11 6 14340 956 4780 2390 1593 106 531 266 1950 130 650 325 520 489 33 163 82 130 7806 520 2602 1301 2082 1950 130 650 325 520 9756 650 3252 1626 2439 163 813 407 120 4 40 20 120 4 40 20 2256 75 752 376 1068 36 356 178 237 16 79 39 120 8 40 20 4395 293 1465 733 2376 158 792 396 60 4 20 10 1068 71 356 178 60 4 20 10 1158 39 386 193 624 21 208 104 177 12 59 29 90 6 30 15 3297 220 1099 549 1782 119 594 297 90 6 30 15 1605 107 535 268 90 6 30 15 1068 71 356 178 120 8 40 20 9147 610 3049 1524 357 24 119 59 951 63 317 158 237 16 79 39 1872 125 624 312 499 267 18 89 44 71 10692 713 3564 1782 2851 534 36 178 89 142 160646 320 59108 2097 4938 40146 912 66670 30 33330 1670 30 30 66670 30 424 4244 255 44244 13546 13546 2270 75768 54500 6446 2122 4530 40914 1091 4244 2122 5305 809 5615 81177 10401 1874 13167 140446 18925 863 365 5114 80053 8569 7673 7673 763 941 10
242 24 0 110 1 7 2 60 3 60 232 110 233 7 234 60 247 -4 248 18 249 10 250 30 251 40 252 34 253 5 254 109 255 90 256 10 257 5 258 20 259 23 260 7 261 5 262 11 263 10
-18 24 4 110 5 7 6 60 7 60 232 110 233 7 234 60 247 -4 248 18 249 10 250 30 251 40 252 34 253 5 254 109 255 90 256 10 257 5 258 20 259 23 260 7 261 5 262 11 263 10
262 24 8 110 9 7 10 60 11 60 232 110 233 7 234 60 247 -4 248 18 249 10 250 30 251 40 252 34 253 5 254 109 255 90 256 10 257 5 258 20 259 23 260 7 261 5 262 11 263 10
-21 24 12 110 13 7 14 60 15 60 232 110 233 7 234 60 247 -4 248 18 249 10 250 30 251 40 252 34 253 5 254 109 255 90 256 10 257 5 258 20 259 23 260 7 261 5 262 11 263 10
179 24 16 110 17 14 18 60 19 60 232 110 234 60 235 14 247 -4 248 18 250 30 251 40 252 34 254 109 256 10 257 5 259 23 260 7 261 5 262 11 263 10 264 10 265 5 266 150 267 28
-34 24 20 110 21 14 22 60 23 60 232 110 234 60 235 14 247 -4 248 18 250 30 251 40 252 34 254 109 256 10 257 5 259 23 260 7 261 5 262 11 263 10 264 10 265 5 266 150 267 28
199 24 24 110 25 14 26 60 27 60 232 110 234 60 235 14 247 -4 248 18 250 30 251 40 252 34 254 109 256 10 257 5 259 23 260 7 261 5 262 11 263 10 264 10 265 5 266 150 267 28
-34 24 28 110 29 14 30 60 31 60 232 110 234 60 235 14 247 -4 248 18 250 30 251 40 252 34 254 109 256 10 257 5 259 23 260 7 261 5 262 11 263 10 264 10 265 5 266 150 267 28
165 24 32 110 33 14 34 60 35 60 232 110 234 60 236 14 247 -4 248 18 250 30 251 40 252 34 254 109 256 10 257 5 259 23 260 7 261 5 262 11 263 10 268 10 269 5 270 204 271 32
-34 24 36 110 37 14 38 60 39 60 232 110 234 60 236 14 247 -4 248 18 250 30 251 40 252 34 254 109 256 10 257 5 259 23 260 7 261 5 262 11 263 10 268 10 269 5 270 204 271 32
185 24 40 110 41 14 42 60 43 60 232 110 234 60 236 14 247 -4 248 18 250 30 251 40 252 34 254 109 256 10 257 5 259 23 260 7 261 5 262 11 263 10 268 10 269 5 270 204 271 32
-34 24 44 110 45 14 46 60 47 60 232 110 234 60 236 14 247 -4 248 18 250 30 251 40 252 34 254 109 256 10 257 5 259 23 260 7 261 5 262 11 263 10 268 10 269 5 270 204 271 32
189 24 48 110 49 14 50 60 51 60 232 110 234 60 235 14 247 -4 248 18 250 30 251 40 252 34 254 109 256 10 257 5 259 23 260 7 261 5 262 11 263 10 264 10 265 5 266 150 267 28
-34 24 52 110 53 14 54 60 55 60 232 110 234 60 235 14 247 -4 248 18 250 30 251 40 252 34 254 109 256 10 257 5 259 23 260 7 261 5 262 11 263 10 264 10 265 5 266 150 267 28
209 24 56 110 57 14 58 60 59 60 232 110 234 60 235 14 247 -4 248 18 250 30 251 40 252 34 254 109 256 10 257 5 259 23 260 7 261 5 262 11 263 10 264 10 265 5 266 150 267 28
-34 24 60 110 61 14 62 60 63 60 232 110 234 60 235 14 247 -4 248 18 250 30 251 40 252 34 254 109 256 10 257 5 259 23 260 7 261 5 262 11 263 10 264 10 265 5 266 150 267 28
175 24 64 110 65 14 66 60 67 60 232 110 234 60 236 14 247 -4 248 18 250 30 251 40 252 34 254 109 256 10 257 5 259 23 260 7 261 5 262 11 263 10 268 10 269 5 270 204 271 32
-34 24 68 110 69 14 70 60 71 60 232 110 234 60 236 14 247 -4 248 18 250 30 251 40 252 34 254 109 256 10 257 5 259 23 260 7 261 5 262 11 263 10 268 10 269 5 270 204 271 32
195 24 72 110 73 14 74 60 75 60 232 110 234 60 236 14 247 -4 248 18 250 30 251 40 252 34 254 109 256 10 257 5 259 23 260 7 261 5 262 11 263 10 268 10 269 5 270 204 271 32
-34 24 76 110 77 14 78 60 79 60 232 110 234 60 236 14 247 -4 248 18 250 30 251 40 252 34 254 109 256 10 257 5 259 23 260 7 261 5 262 11 263 10 268 10 269 5 270 204 271 32
318 27 80 110 81 14 82 60 83 60 84 120 232 110 234 60 236 14 237 120 247 -4 248 18 250 30 251 40 252 34 254 109 256 10 257 5 259 23 260 7 261 5 262 11 263 10 268 10 269 5 270 204 271 32 272 18
58 27 85 110 86 14 87 60 88 60 89 120 232 110 234 60 236 14 237 120 247 -4 248 18 250 30 251 40 252 34 254 109 256 10 257 5 259 23 260 7 261 5 262 11 263 10 268 10 269 5 270 204 271 32 272 18
338 27 90 110 91 14 92 60 93 60 94 120 232 110 234 60 236 14 237 120 247 -4 248 18 250 30 251 40 252 34 254 109 256 10 257 5 259 23 260 7 261 5 262 11 263 10 268 10 269 5 270 204 271 32 272 18
78 27 95 110 96 14 97 60 98 60 99 120 232 110 234 60 236 14 237 120 247 -4 248 18 250 30 251 40 252 34 254 109 256 10 257 5 259 23 260 7 261 5 262 11 263 10 268 10 269 5 270 204 271 32 272 18
526 24 100 110 101 14 102 60 103 60 232 110 234 60 238 14 247 -4 248 18 250 30 251 40 252 34 254 109 256 10 257 5 259 23 260 7 261 5 262 11 263 10 273 10 274 5 275 204 276 32
246 24 104 110 105 14 106 60 107 60 232 110 234 60 238 14 247 -4 248 18 250 30 251 40 252 34 254 109 256 10 257 5 259 23 260 7 261 5 262 11 263 10 273 10 274 5 275 204 276 32
195 24 108 110 109 7 110 60 111 60 232 110 233 7 234 60 247 -4 248 18 249 10 250 30 253 5 254 109 255 90 256 10 257 5 258 20 259 23 260 7 261 5 262 11 263 10 277 40 278 34
-34 24 112 110 113 7 114 60 115 60 232 110 233 7 234 60 247 -4 248 18 249 10 250 30 253 5 254 109 255 90 256 10 257 5 258 20 259 23 260 7 261 5 262 11 263 10 277 40 278 34
215 24 116 110 117 7 118 60 119 60 232 110 233 7 234 60 247 -4 248 18 249 10 250 30 253 5 254 109 255 90 256 10 257 5 258 20 259 23 260 7 261 5 262 11 263 10 277 40 278 34
-34 24 120 110 121 7 122 60 123 60 232 110 233 7 234 60 247 -4 248 18 249 10 250 30 253 5 254 109 255 90 256 10 257 5 258 20 259 23 260 7 261 5 262 11 263 10 277 40 278 34
152 24 124 110 125 14 126 60 127 60 232 110 234 60 235 14 247 -4 248 18 250 30 254 109 256 10 257 5 259 23 260 7 261 5 262 11 263 10 264 10 265 5 266 150 267 28 277 40 278 34
-34 24 128 110 129 14 130 60 131 60 232 110 234 60 235 14 247 -4 248 18 250 30 254 109 256 10 257 5 259 23 260 7 261 5 262 11 263 10 264 10 265 5 266 150 267 28 277 40 278 34
172 24 132 110 133 14 134 60 135 60 232 110 234 60 235 14 247 -4 248 18 250 30 254 109 256 10 257 5 259 23 260 7 261 5 262 11 263 10 264 10 265 5 266 150 267 28 277 40 278 34
-34 24 136 110 137 14 138 60 139 60 232 110 234 60 235 14 247 -4 248 18 250 30 254 109 256 10 257 5 259 23 260 7 261 5 262 11 263 10 264 10 265 5 266 150 267 28 277 40 278 34
115 24 140 110 141 14 142 60 143 60 232 110 234 60 236 14 247 -4 248 18 250 30 254 109 256 10 257 5 259 23 260 7 261 5 262 11 263 10 268 10 269 5 270 204 271 32 277 40 278 34
135 24 144 110 145 14 146 60 147 60 232 110 234 60 236 14 247 -4 248 18 250 30 254 109 256 10 257 5 259 23 260 7 261 5 262 11 263 10 268 10 269 5 270 204 271 32 277 40 278 34
-34 24 148 110 149 14 150 60 151 60 232 110 234 60 236 14 247 -4 248 18 250 30 254 109 256 10 257 5 259 23 260 7 261 5 262 11 263 10 268 10 269 5 270 204 271 32 277 40 278 34
264 24 152 110 153 7 154 60 155 60 232 110 233 7 234 60 247 -4 248 18 249 10 250 30 253 5 254 109 255 90 256 10 257 5 258 20 259 23 260 7 261 5 262 11 263 10 277 40 278 34
4 24 156 110 157 7 158 60 159 60 232 110 233 7 234 60 247 -4 248 18 249 10 250 30 253 5 254 109 255 90 256 10 257 5 258 20 259 23 260 7 261 5 262 11 263 10 277 40 278 34
201 24 160 110 161 14 162 60 163 60 232 110 234 60 235 14 247 -4 248 18 250 30 254 109 256 10 257 5 259 23 260 7 261 5 262 11 263 10 264 10 265 5 266 150 267 28 277 40 278 34
-34 24 164 110 165 14 166 60 167 60 232 110 234 60 235 14 247 -4 248 18 250 30 254 109 256 10 257 5 259 23 260 7 261 5 262 11 263 10 264 10 265 5 266 150 267 28 277 40 278 34
221 24 168 110 169 14 170 60 171 60 232 110 234 60 235 14 247 -4 248 18 250 30 254 109 256 10 257 5 259 23 260 7 261 5 262 11 263 10 264 10 265 5 266 150 267 28 277 40 278 34
-34 24 172 110 173 14 174 60 175 60 232 110 234 60 235 14 247 -4 248 18 250 30 254 109 256 10 257 5 259 23 260 7 261 5 262 11 263 10 264 10 265 5 266 150 267 28 277 40 278 34
164 24 176 110 177 14 178 60 179 60 232 110 234 60 236 14 247 -4 248 18 250 30 254 109 256 10 257 5 259 23 260 7 261 5 262 11 263 10 268 10 269 5 270 204 271 32 277 40 278 34
184 24 180 110 181 14 182 60 183 60 232 110 234 60 236 14 247 -4 248 18 250 30 254 109 256 10 257 5 259 23 260 7 261 5 262 11 263 10 268 10 269 5 270 204 271 32 277 40 278 34
-34 24 184 110 185 14 186 60 187 60 232 110 234 60 236 14 247 -4 248 18 250 30 254 109 256 10 257 5 259 23 260 7 261 5 262 11 263 10 268 10 269 5 270 204 271 32 277 40 278 34
231 25 188 110 189 14 190 60 191 60 232 110 234 60 236 14 247 -4 248 18 250 30 254 109 256 10 257 5 259 23 260 7 261 5 262 11 263 10 268 10 269 5 270 204 271 32 277 40 278 34 279 18
-26 25 192 110 193 14 194 60 195 60 232 110 234 60 236 14 247 -4 248 18 250 30 254 109 256 10 257 5 259 23 260 7 261 5 262 11 263 10 268 10 269 5 270 204 271 32 277 40 278 34 279 18
251 25 196 110 197 14 198 60 199 60 232 110 234 60 236 14 247 -4 248 18 250 30 254 109 256 10 257 5 259 23 260 7 261 5 262 11 263 10 268 10 269 5 270 204 271 32 277 40 278 34 279 18
-6 25 200 110 201 14 202 60 203 60 232 110 234 60 236 14 247 -4 248 18 250 30 254 109 256 10 257 5 259 23 260 7 261 5 262 11 263 10 268 10 269 5 270 204 271 32 277 40 278 34 279 18
439 24 204 110 205 14 206 60 207 60 232 110 234 60 238 14 247 -4 248 18 250 30 254 109 256 10 257 5 259 23 260 7 261 5 262 11 263 10 273 10 274 5 275 204 276 32 277 40 278 34
179 24 208 110 209 14 210 60 211 60 232 110 234 60 238 14 247 -4 248 18 250 30 254 109 256 10 257 5 259 23 260 7 261 5 262 11 263 10 273 10 274 5 275 204 276 32 277 40 278 34
398 27 212 110 213 14 214 60 215 60 216 120 232 110 234 60 236 14 237 120 247 -4 248 18 250 30 254 109 256 10 257 5 259 23 260 7 261 5 262 11 263 10 268 10 269 5 270 204 271 32 277 40 278 34 280 18
138 27 217 110 218 14 219 60 220 60 221 120 232 110 234 60 236 14 237 120 247 -4 248 18 250 30 254 109 256 10 257 5 259 23 260 7 261 5 262 11 263 10 268 10 269 5 270 204 271 32 277 40 278 34 280 18
418 27 222 110 223 14 224 60 225 60 226 120 232 110 234 60 236 14 237 120 247 -4 248 18 250 30 254 109 256 10 257 5 259 23 260 7 261 5 262 11 263 10 268 10 269 5 270 204 271 32 277 40 278 34 280 18
158 27 227 110 228 14 229 60 230 60 231 120 232 110 234 60 236 14 237 120 247 -4 248 18 250 30 254 109 256 10 257 5 259 23 260 7 261 5 262 11 263 10 268 10 269 5 270 204 271 32 277 40 278 34 280 18
0 57 0 -1 4 -1 8 -1 12 -1 16 -1 20 -1 24 -1 28 -1 32 -1 36 -1 40 -1 44 -1 48 -1 52 -1 56 -1 60 -1 64 -1 68 -1 72 -1 76 -1 80 -1 85 -1 90 -1 95 -1 100 -1 104 -1 108 -1 112 -1 116 -1 120 -1 124 -1 128 -1 132 -1 136 -1 140 -1 144 -1 148 -1 152 -1 156 -1 160 -1 164 -1 168 -1 172 -1 176 -1 180 -1 184 -1 188 -1 192 -1 196 -1 200 -1 204 -1 208 -1 212 -1 217 -1 222 -1 227 -1 239 56
0 11 1 -1 5 -1 9 -1 13 -1 109 -1 113 -1 117 -1 121 -1 153 -1 157 -1 240 10
0 57 2 -1 6 -1 10 -1 14 -1 18 -1 22 -1 26 -1 30 -1 34 -1 38 -1 42 -1 46 -1 50 -1 54 -1 58 -1 62 -1 66 -1 70 -1 74 -1 78 -1 82 -1 87 -1 92 -1 97 -1 102 -1 106 -1 110 -1 114 -1 118 -1 122 -1 126 -1 130 -1 134 -1 138 -1 142 -1 146 -1 150 -1 154 -1 158 -1 162 -1 166 -1 170 -1 174 -1 178 -1 182 -1 186 -1 190 -1 194 -1 198 -1 202 -1 206 -1 210 -1 214 -1 219 -1 224 -1 229 -1 241 56
0 57 3 -1 7 -1 11 -1 15 -1 19 -1 23 -1 27 -1 31 -1 35 -1 39 -1 43 -1 47 -1 51 -1 55 -1 59 -1 63 -1 67 -1 71 -1 75 -1 79 -1 83 -1 88 -1 93 -1 98 -1 103 -1 107 -1 111 -1 115 -1 119 -1 123 -1 127 -1 131 -1 135 -1 139 -1 143 -1 147 -1 151 -1 155 -1 159 -1 163 -1 167 -1 171 -1 175 -1 179 -1 183 -1 187 -1 191 -1 195 -1 199 -1 203 -1 207 -1 211 -1 215 -1 220 -1 225 -1 230 -1 242 56
0 17 17 -1 21 -1 25 -1 29 -1 49 -1 53 -1 57 -1 61 -1 125 -1 129 -1 133 -1 137 -1 161 -1 165 -1 169 -1 173 -1 243 16
0 27 33 -1 37 -1 41 -1 45 -1 65 -1 69 -1 73 -1 77 -1 81 -1 86 -1 91 -1 96 -1 141 -1 145 -1 149 -1 177 -1 181 -1 185 -1 189 -1 193 -1 197 -1 201 -1 213 -1 218 -1 223 -1 228 -1 244 26
0 9 84 -1 89 -1 94 -1 99 -1 216 -1 221 -1 226 -1 231 -1 245 8
0 5 101 -1 105 -1 205 -1 209 -1 246 4
1 2 247 1 281 1
-1 2 0 -1 232 -1
-1 2 1 -1 233 -1
-1 2 2 -1 234 -1
-1 2 4 -1 232 -1
-1 2 5 -1 233 -1
-1 2 6 -1 234 -1
-1 2 8 -1 232 -1
-1 2 9 -1 233 -1
-1 2 10 -1 234 -1
-1 2 12 -1 232 -1
-1 2 13 -1 233 -1
-1 2 14 -1 234 -1
-1 2 16 -1 232 -1
-1 2 17 -1 235 -1
-1 2 18 -1 234 -1
-1 2 20 -1 232 -1
-1 2 21 -1 235 -1
-1 2 22 -1 234 -1
-1 2 24 -1 232 -1
-1 2 25 -1 235 -1
-1 2 26 -1 234 -1
-1 2 28 -1 232 -1
-1 2 29 -1 235 -1
-1 2 30 -1 234 -1
-1 2 32 -1 232 -1
-1 2 33 -1 236 -1
-1 2 34 -1 234 -1
-1 2 36 -1 232 -1
-1 2 37 -1 236 -1
-1 2 38 -1 234 -1
-1 2 40 -1 232 -1
-1 2 41 -1 236 -1
-1 2 42 -1 234 -1
-1 2 44 -1 232 -1
-1 2 45 -1 236 -1
-1 2 46 -1 234 -1
-1 2 48 -1 232 -1
-1 2 49 -1 235 -1
-1 2 50 -1 234 -1
-1 2 52 -1 232 -1
-1 2 53 -1 235 -1
-1 2 54 -1 234 -1
-1 2 56 -1 232 -1
-1 2 57 -1 235 -1
-1 2 58 -1 234 -1
-1 2 60 -1 232 -1
-1 2 61 -1 235 -1
-1 2 62 -1 234 -1
-1 2 64 -1 232 -1
-1 2 65 -1 236 -1
-1 2 66 -1 234 -1
-1 2 68 -1 232 -1
-1 2 69 -1 236 -1
-1 2 70 -1 234 -1
-1 2 72 -1 232 -1
-1 2 73 -1 236 -1
-1 2 74 -1 234 -1
-1 2 76 -1 232 -1
-1 2 77 -1 236 -1
-1 2 78 -1 234 -1
-1 2 80 -1 232 -1
-1 2 81 -1 236 -1
-1 2 82 -1 234 -1
-1 2 84 -1 237 -1
-1 2 85 -1 232 -1
-1 2 86 -1 236 -1
-1 2 87 -1 234 -1
-1 2 89 -1 237 -1
-1 2 90 -1 232 -1
-1 2 91 -1 236 -1
-1 2 92 -1 234 -1
-1 2 94 -1 237 -1
-1 2 95 -1 232 -1
-1 2 96 -1 236 -1
-1 2 97 -1 234 -1
-1 2 99 -1 237 -1
-1 2 100 -1 232 -1
-1 2 101 -1 238 -1
-1 2 102 -1 234 -1
-1 2 104 -1 232 -1
-1 2 105 -1 238 -1
-1 2 106 -1 234 -1
-1 2 108 -1 232 -1
-1 2 109 -1 233 -1
-1 2 110 -1 234 -1
-1 2 112 -1 232 -1
-1 2 113 -1 233 -1
-1 2 114 -1 234 -1
-1 2 116 -1 232 -1
-1 2 117 -1 233 -1
-1 2 118 -1 234 -1
-1 2 120 -1 232 -1
-1 2 121 -1 233 -1
-1 2 122 -1 234 -1
-1 2 124 -1 232 -1
-1 2 125 -1 235 -1
-1 2 126 -1 234 -1
-1 2 128 -1 232 -1
-1 2 129 -1 235 -1
-1 2 130 -1 234 -1
-1 2 132 -1 232 -1
-1 2 133 -1 235 -1
-1 2 134 -1 234 -1
-1 2 136 -1 232 -1
-1 2 137 -1 235 -1
-1 2 138 -1 234 -1
-1 2 140 -1 232 -1
-1 2 141 -1 236 -1
-1 2 142 -1 234 -1
-1 2 144 -1 232 -1
-1 2 145 -1 236 -1
-1 2 146 -1 234 -1
-1 2 148 -1 232 -1
-1 2 149 -1 236 -1
-1 2 150 -1 234 -1
-1 2 152 -1 232 -1
-1 2 153 -1 233 -1
-1 2 154 -1 234 -1
-1 2 156 -1 232 -1
-1 2 157 -1 233 -1
-1 2 158 -1 234 -1
-1 2 160 -1 232 -1
-1 2 161 -1 235 -1
-1 2 162 -1 234 -1
-1 2 164 -1 232 -1
-1 2 165 -1 235 -1
-1 2 166 -1 234 -1
-1 2 168 -1 232 -1
-1 2 169 -1 235 -1
-1 2 170 -1 234 -1
-1 2 172 -1 232 -1
-1 2 173 -1 235 -1
-1 2 174 -1 234 -1
-1 2 176 -1 232 -1
-1 2 177 -1 236 -1
-1 2 178 -1 234 -1
-1 2 180 -1 232 -1
-1 2 181 -1 236 -1
-1 2 182 -1 234 -1
-1 2 184 -1 232 -1
-1 2 185 -1 236 -1
-1 2 186 -1 234 -1
-1 2 188 -1 232 -1
-1 2 189 -1 236 -1
-1 2 190 -1 234 -1
-1 2 192 -1 232 -1
-1 2 193 -1 236 -1
-1 2 194 -1 234 -1
-1 2 196 -1 232 -1
-1 2 197 -1 236 -1
-1 2 198 -1 234 -1
-1 2 200 -1 232 -1
-1 2 201 -1 236 -1
-1 2 202 -1 234 -1
-1 2 204 -1 232 -1
-1 2 205 -1 238 -1
-1 2 206 -1 234 -1
-1 2 208 -1 232 -1
-1 2 209 -1 238 -1
-1 2 210 -1 234 -1
-1 2 212 -1 232 -1
-1 2 213 -1 236 -1
-1 2 214 -1 234 -1
-1 2 216 -1 237 -1
-1 2 217 -1 232 -1
-1 2 218 -1 236 -1
-1 2 219 -1 234 -1
-1 2 221 -1 237 -1
-1 2 222 -1 232 -1
-1 2 223 -1 236 -1
-1 2 224 -1 234 -1
-1 2 226 -1 237 -1
-1 2 227 -1 232 -1
-1 2 228 -1 236 -1
-1 2 229 -1 234 -1
-1 2 231 -1 237 -1
incumbent 0
