201 133
50 100 200 400 800 1600 3200 50 100 200 400 800 1600 3200 150 300 600 1200 2400 4800 9600 500 560 600 560 500 600 850 850 750 500 560 600 560 500 600 850 850 750 450 510 550 510 450 550 775 775 675 450 510 550 510 450 550 775 775 675 400 460 500 460 400 500 700 700 600 400 460 500 460 400 500 700 700 600 350 410 450 410 350 450 625 625 525 350 410 450 410 350 450 625 625 525 300 360 400 360 300 400 550 550 450 300 360 400 360 300 400 550 550 450 250 310 350 310 250 350 475 475 375 250 310 350 310 250 350 475 475 375 200 260 300 260 200 300 400 400 300 200 260 300 260 200 300 400 400 300 150 210 250 210 150 250 325 325 225 150 210 250 210 150 250 325 325 225 100 160 200 160 100 200 250 250 150 100 160 200 160 100 200 250 250 150 50 110 150 110 50 150 175 175 75 50 110 150 110 50 150 175 175 75
-25 7 0 -1 1 -2 2 -4 3 -8 4 -16 5 -32 6 -64
-25 7 7 -1 8 -2 9 -4 10 -8 11 -16 12 -32 13 -64
-25 7 14 -1 15 -2 16 -4 17 -8 18 -16 19 -32 20 -64
-1 9 21 -1 22 -1 23 -1 24 -1 25 -1 26 -1 27 -1 28 -1 29 -1
1 9 21 1 22 1 23 1 24 1 25 1 26 1 27 1 28 1 29 1
-1 9 30 -1 31 -1 32 -1 33 -1 34 -1 35 -1 36 -1 37 -1 38 -1
1 9 30 1 31 1 32 1 33 1 34 1 35 1 36 1 37 1 38 1
-1 9 39 -1 40 -1 41 -1 42 -1 43 -1 44 -1 45 -1 46 -1 47 -1
1 9 39 1 40 1 41 1 42 1 43 1 44 1 45 1 46 1 47 1
-1 9 48 -1 49 -1 50 -1 51 -1 52 -1 53 -1 54 -1 55 -1 56 -1
1 9 48 1 49 1 50 1 51 1 52 1 53 1 54 1 55 1 56 1
-1 9 57 -1 58 -1 59 -1 60 -1 61 -1 62 -1 63 -1 64 -1 65 -1
1 9 57 1 58 1 59 1 60 1 61 1 62 1 63 1 64 1 65 1
-1 9 66 -1 67 -1 68 -1 69 -1 70 -1 71 -1 72 -1 73 -1 74 -1
1 9 66 1 67 1 68 1 69 1 70 1 71 1 72 1 73 1 74 1
-1 9 75 -1 76 -1 77 -1 78 -1 79 -1 80 -1 81 -1 82 -1 83 -1
1 9 75 1 76 1 77 1 78 1 79 1 80 1 81 1 82 1 83 1
-1 9 84 -1 85 -1 86 -1 87 -1 88 -1 89 -1 90 -1 91 -1 92 -1
1 9 84 1 85 1 86 1 87 1 88 1 89 1 90 1 91 1 92 1
-1 9 93 -1 94 -1 95 -1 96 -1 97 -1 98 -1 99 -1 100 -1 101 -1
1 9 93 1 94 1 95 1 96 1 97 1 98 1 99 1 100 1 101 1
-1 9 102 -1 103 -1 104 -1 105 -1 106 -1 107 -1 108 -1 109 -1 110 -1
1 9 102 1 103 1 104 1 105 1 106 1 107 1 108 1 109 1 110 1
-1 9 111 -1 112 -1 113 -1 114 -1 115 -1 116 -1 117 -1 118 -1 119 -1
1 9 111 1 112 1 113 1 114 1 115 1 116 1 117 1 118 1 119 1
-1 9 120 -1 121 -1 122 -1 123 -1 124 -1 125 -1 126 -1 127 -1 128 -1
1 9 120 1 121 1 122 1 123 1 124 1 125 1 126 1 127 1 128 1
-1 9 129 -1 130 -1 131 -1 132 -1 133 -1 134 -1 135 -1 136 -1 137 -1
1 9 129 1 130 1 131 1 132 1 133 1 134 1 135 1 136 1 137 1
-1 9 138 -1 139 -1 140 -1 141 -1 142 -1 143 -1 144 -1 145 -1 146 -1
1 9 138 1 139 1 140 1 141 1 142 1 143 1 144 1 145 1 146 1
-1 9 147 -1 148 -1 149 -1 150 -1 151 -1 152 -1 153 -1 154 -1 155 -1
1 9 147 1 148 1 149 1 150 1 151 1 152 1 153 1 154 1 155 1
-1 9 156 -1 157 -1 158 -1 159 -1 160 -1 161 -1 162 -1 163 -1 164 -1
1 9 156 1 157 1 158 1 159 1 160 1 161 1 162 1 163 1 164 1
-1 9 165 -1 166 -1 167 -1 168 -1 169 -1 170 -1 171 -1 172 -1 173 -1
1 9 165 1 166 1 167 1 168 1 169 1 170 1 171 1 172 1 173 1
-1 9 174 -1 175 -1 176 -1 177 -1 178 -1 179 -1 180 -1 181 -1 182 -1
1 9 174 1 175 1 176 1 177 1 178 1 179 1 180 1 181 1 182 1
-1 9 183 -1 184 -1 185 -1 186 -1 187 -1 188 -1 189 -1 190 -1 191 -1
1 9 183 1 184 1 185 1 186 1 187 1 188 1 189 1 190 1 191 1
-1 9 192 -1 193 -1 194 -1 195 -1 196 -1 197 -1 198 -1 199 -1 200 -1
1 9 192 1 193 1 194 1 195 1 196 1 197 1 198 1 199 1 200 1
5 13 0 1 1 2 2 4 3 8 4 16 5 32 6 64 21 10 22 10 23 10 30 10 31 10 32 10
5 13 7 1 8 2 9 4 10 8 11 16 12 32 13 64 24 10 25 10 26 10 33 10 34 10 35 10
5 13 14 1 15 2 16 4 17 8 18 16 19 32 20 64 27 5 28 5 29 5 36 5 37 5 38 5
10 19 0 1 1 2 2 4 3 8 4 16 5 32 6 64 21 10 22 10 23 10 30 10 31 10 32 10 39 10 40 10 41 10 48 10 49 10 50 10
10 19 7 1 8 2 9 4 10 8 11 16 12 32 13 64 24 10 25 10 26 10 33 10 34 10 35 10 42 10 43 10 44 10 51 10 52 10 53 10
10 19 14 1 15 2 16 4 17 8 18 16 19 32 20 64 27 5 28 5 29 5 36 5 37 5 38 5 45 5 46 5 47 5 54 5 55 5 56 5
15 25 0 1 1 2 2 4 3 8 4 16 5 32 6 64 21 10 22 10 23 10 30 10 31 10 32 10 39 10 40 10 41 10 48 10 49 10 50 10 57 10 58 10 59 10 66 10 67 10 68 10
15 25 7 1 8 2 9 4 10 8 11 16 12 32 13 64 24 10 25 10 26 10 33 10 34 10 35 10 42 10 43 10 44 10 51 10 52 10 53 10 60 10 61 10 62 10 69 10 70 10 71 10
15 25 14 1 15 2 16 4 17 8 18 16 19 32 20 64 27 5 28 5 29 5 36 5 37 5 38 5 45 5 46 5 47 5 54 5 55 5 56 5 63 5 64 5 65 5 72 5 73 5 74 5
20 31 0 1 1 2 2 4 3 8 4 16 5 32 6 64 21 10 22 10 23 10 30 10 31 10 32 10 39 10 40 10 41 10 48 10 49 10 50 10 57 10 58 10 59 10 66 10 67 10 68 10 75 10 76 10 77 10 84 10 85 10 86 10
20 31 7 1 8 2 9 4 10 8 11 16 12 32 13 64 24 10 25 10 26 10 33 10 34 10 35 10 42 10 43 10 44 10 51 10 52 10 53 10 60 10 61 10 62 10 69 10 70 10 71 10 78 10 79 10 80 10 87 10 88 10 89 10
20 31 14 1 15 2 16 4 17 8 18 16 19 32 20 64 27 5 28 5 29 5 36 5 37 5 38 5 45 5 46 5 47 5 54 5 55 5 56 5 63 5 64 5 65 5 72 5 73 5 74 5 81 5 82 5 83 5 90 5 91 5 92 5
25 37 0 1 1 2 2 4 3 8 4 16 5 32 6 64 21 10 22 10 23 10 30 10 31 10 32 10 39 10 40 10 41 10 48 10 49 10 50 10 57 10 58 10 59 10 66 10 67 10 68 10 75 10 76 10 77 10 84 10 85 10 86 10 93 10 94 10 95 10 102 10 103 10 104 10
25 37 7 1 8 2 9 4 10 8 11 16 12 32 13 64 24 10 25 10 26 10 33 10 34 10 35 10 42 10 43 10 44 10 51 10 52 10 53 10 60 10 61 10 62 10 69 10 70 10 71 10 78 10 79 10 80 10 87 10 88 10 89 10 96 10 97 10 98 10 105 10 106 10 107 10
25 37 14 1 15 2 16 4 17 8 18 16 19 32 20 64 27 5 28 5 29 5 36 5 37 5 38 5 45 5 46 5 47 5 54 5 55 5 56 5 63 5 64 5 65 5 72 5 73 5 74 5 81 5 82 5 83 5 90 5 91 5 92 5 99 5 100 5 101 5 108 5 109 5 110 5
30 43 0 1 1 2 2 4 3 8 4 16 5 32 6 64 21 10 22 10 23 10 30 10 31 10 32 10 39 10 40 10 41 10 48 10 49 10 50 10 57 10 58 10 59 10 66 10 67 10 68 10 75 10 76 10 77 10 84 10 85 10 86 10 93 10 94 10 95 10 102 10 103 10 104 10 111 10 112 10 113 10 120 10 121 10 122 10
30 43 7 1 8 2 9 4 10 8 11 16 12 32 13 64 24 10 25 10 26 10 33 10 34 10 35 10 42 10 43 10 44 10 51 10 52 10 53 10 60 10 61 10 62 10 69 10 70 10 71 10 78 10 79 10 80 10 87 10 88 10 89 10 96 10 97 10 98 10 105 10 106 10 107 10 114 10 115 10 116 10 123 10 124 10 125 10
30 43 14 1 15 2 16 4 17 8 18 16 19 32 20 64 27 5 28 5 29 5 36 5 37 5 38 5 45 5 46 5 47 5 54 5 55 5 56 5 63 5 64 5 65 5 72 5 73 5 74 5 81 5 82 5 83 5 90 5 91 5 92 5 99 5 100 5 101 5 108 5 109 5 110 5 117 5 118 5 119 5 126 5 127 5 128 5
35 49 0 1 1 2 2 4 3 8 4 16 5 32 6 64 21 10 22 10 23 10 30 10 31 10 32 10 39 10 40 10 41 10 48 10 49 10 50 10 57 10 58 10 59 10 66 10 67 10 68 10 75 10 76 10 77 10 84 10 85 10 86 10 93 10 94 10 95 10 102 10 103 10 104 10 111 10 112 10 113 10 120 10 121 10 122 10 129 10 130 10 131 10 138 10 139 10 140 10
35 49 7 1 8 2 9 4 10 8 11 16 12 32 13 64 24 10 25 10 26 10 33 10 34 10 35 10 42 10 43 10 44 10 51 10 52 10 53 10 60 10 61 10 62 10 69 10 70 10 71 10 78 10 79 10 80 10 87 10 88 10 89 10 96 10 97 10 98 10 105 10 106 10 107 10 114 10 115 10 116 10 123 10 124 10 125 10 132 10 133 10 134 10 141 10 142 10 143 10
35 49 14 1 15 2 16 4 17 8 18 16 19 32 20 64 27 5 28 5 29 5 36 5 37 5 38 5 45 5 46 5 47 5 54 5 55 5 56 5 63 5 64 5 65 5 72 5 73 5 74 5 81 5 82 5 83 5 90 5 91 5 92 5 99 5 100 5 101 5 108 5 109 5 110 5 117 5 118 5 119 5 126 5 127 5 128 5 135 5 136 5 137 5 144 5 145 5 146 5
40 55 0 1 1 2 2 4 3 8 4 16 5 32 6 64 21 10 22 10 23 10 30 10 31 10 32 10 39 10 40 10 41 10 48 10 49 10 50 10 57 10 58 10 59 10 66 10 67 10 68 10 75 10 76 10 77 10 84 10 85 10 86 10 93 10 94 10 95 10 102 10 103 10 104 10 111 10 112 10 113 10 120 10 121 10 122 10 129 10 130 10 131 10 138 10 139 10 140 10 147 10 148 10 149 10 156 10 157 10 158 10
40 55 7 1 8 2 9 4 10 8 11 16 12 32 13 64 24 10 25 10 26 10 33 10 34 10 35 10 42 10 43 10 44 10 51 10 52 10 53 10 60 10 61 10 62 10 69 10 70 10 71 10 78 10 79 10 80 10 87 10 88 10 89 10 96 10 97 10 98 10 105 10 106 10 107 10 114 10 115 10 116 10 123 10 124 10 125 10 132 10 133 10 134 10 141 10 142 10 143 10 150 10 151 10 152 10 159 10 160 10 161 10
40 55 14 1 15 2 16 4 17 8 18 16 19 32 20 64 27 5 28 5 29 5 36 5 37 5 38 5 45 5 46 5 47 5 54 5 55 5 56 5 63 5 64 5 65 5 72 5 73 5 74 5 81 5 82 5 83 5 90 5 91 5 92 5 99 5 100 5 101 5 108 5 109 5 110 5 117 5 118 5 119 5 126 5 127 5 128 5 135 5 136 5 137 5 144 5 145 5 146 5 153 5 154 5 155 5 162 5 163 5 164 5
45 61 0 1 1 2 2 4 3 8 4 16 5 32 6 64 21 10 22 10 23 10 30 10 31 10 32 10 39 10 40 10 41 10 48 10 49 10 50 10 57 10 58 10 59 10 66 10 67 10 68 10 75 10 76 10 77 10 84 10 85 10 86 10 93 10 94 10 95 10 102 10 103 10 104 10 111 10 112 10 113 10 120 10 121 10 122 10 129 10 130 10 131 10 138 10 139 10 140 10 147 10 148 10 149 10 156 10 157 10 158 10 165 10 166 10 167 10 174 10 175 10 176 10
45 61 7 1 8 2 9 4 10 8 11 16 12 32 13 64 24 10 25 10 26 10 33 10 34 10 35 10 42 10 43 10 44 10 51 10 52 10 53 10 60 10 61 10 62 10 69 10 70 10 71 10 78 10 79 10 80 10 87 10 88 10 89 10 96 10 97 10 98 10 105 10 106 10 107 10 114 10 115 10 116 10 123 10 124 10 125 10 132 10 133 10 134 10 141 10 142 10 143 10 150 10 151 10 152 10 159 10 160 10 161 10 168 10 169 10 170 10 177 10 178 10 179 10
45 61 14 1 15 2 16 4 17 8 18 16 19 32 20 64 27 5 28 5 29 5 36 5 37 5 38 5 45 5 46 5 47 5 54 5 55 5 56 5 63 5 64 5 65 5 72 5 73 5 74 5 81 5 82 5 83 5 90 5 91 5 92 5 99 5 100 5 101 5 108 5 109 5 110 5 117 5 118 5 119 5 126 5 127 5 128 5 135 5 136 5 137 5 144 5 145 5 146 5 153 5 154 5 155 5 162 5 163 5 164 5 171 5 172 5 173 5 180 5 181 5 182 5
50 67 0 1 1 2 2 4 3 8 4 16 5 32 6 64 21 10 22 10 23 10 30 10 31 10 32 10 39 10 40 10 41 10 48 10 49 10 50 10 57 10 58 10 59 10 66 10 67 10 68 10 75 10 76 10 77 10 84 10 85 10 86 10 93 10 94 10 95 10 102 10 103 10 104 10 111 10 112 10 113 10 120 10 121 10 122 10 129 10 130 10 131 10 138 10 139 10 140 10 147 10 148 10 149 10 156 10 157 10 158 10 165 10 166 10 167 10 174 10 175 10 176 10 183 10 184 10 185 10 192 10 193 10 194 10
50 67 7 1 8 2 9 4 10 8 11 16 12 32 13 64 24 10 25 10 26 10 33 10 34 10 35 10 42 10 43 10 44 10 51 10 52 10 53 10 60 10 61 10 62 10 69 10 70 10 71 10 78 10 79 10 80 10 87 10 88 10 89 10 96 10 97 10 98 10 105 10 106 10 107 10 114 10 115 10 116 10 123 10 124 10 125 10 132 10 133 10 134 10 141 10 142 10 143 10 150 10 151 10 152 10 159 10 160 10 161 10 168 10 169 10 170 10 177 10 178 10 179 10 186 10 187 10 188 10 195 10 196 10 197 10
50 67 14 1 15 2 16 4 17 8 18 16 19 32 20 64 27 5 28 5 29 5 36 5 37 5 38 5 45 5 46 5 47 5 54 5 55 5 56 5 63 5 64 5 65 5 72 5 73 5 74 5 81 5 82 5 83 5 90 5 91 5 92 5 99 5 100 5 101 5 108 5 109 5 110 5 117 5 118 5 119 5 126 5 127 5 128 5 135 5 136 5 137 5 144 5 145 5 146 5 153 5 154 5 155 5 162 5 163 5 164 5 171 5 172 5 173 5 180 5 181 5 182 5 189 5 190 5 191 5 198 5 199 5 200 5
-1 3 21 -1 24 -1 27 -1
-1 3 22 -1 25 -1 28 -1
-1 3 23 -1 26 -1 29 -1
-1 3 30 -1 33 -1 36 -1
-1 3 31 -1 34 -1 37 -1
-1 3 32 -1 35 -1 38 -1
0 6 21 1 22 1 23 1 39 -1 42 -1 45 -1
0 6 24 1 25 1 26 1 40 -1 43 -1 46 -1
0 6 27 1 28 1 29 1 41 -1 44 -1 47 -1
0 6 30 1 31 1 32 1 48 -1 51 -1 54 -1
0 6 33 1 34 1 35 1 49 -1 52 -1 55 -1
0 6 36 1 37 1 38 1 50 -1 53 -1 56 -1
0 6 39 1 40 1 41 1 57 -1 60 -1 63 -1
0 6 42 1 43 1 44 1 58 -1 61 -1 64 -1
0 6 45 1 46 1 47 1 59 -1 62 -1 65 -1
0 6 48 1 49 1 50 1 66 -1 69 -1 72 -1
0 6 51 1 52 1 53 1 67 -1 70 -1 73 -1
0 6 54 1 55 1 56 1 68 -1 71 -1 74 -1
0 6 57 1 58 1 59 1 75 -1 78 -1 81 -1
0 6 60 1 61 1 62 1 76 -1 79 -1 82 -1
0 6 63 1 64 1 65 1 77 -1 80 -1 83 -1
0 6 66 1 67 1 68 1 84 -1 87 -1 90 -1
0 6 69 1 70 1 71 1 85 -1 88 -1 91 -1
0 6 72 1 73 1 74 1 86 -1 89 -1 92 -1
0 6 75 1 76 1 77 1 93 -1 96 -1 99 -1
0 6 78 1 79 1 80 1 94 -1 97 -1 100 -1
0 6 81 1 82 1 83 1 95 -1 98 -1 101 -1
0 6 84 1 85 1 86 1 102 -1 105 -1 108 -1
0 6 87 1 88 1 89 1 103 -1 106 -1 109 -1
0 6 90 1 91 1 92 1 104 -1 107 -1 110 -1
0 6 93 1 94 1 95 1 111 -1 114 -1 117 -1
0 6 96 1 97 1 98 1 112 -1 115 -1 118 -1
0 6 99 1 100 1 101 1 113 -1 116 -1 119 -1
0 6 102 1 103 1 104 1 120 -1 123 -1 126 -1
0 6 105 1 106 1 107 1 121 -1 124 -1 127 -1
0 6 108 1 109 1 110 1 122 -1 125 -1 128 -1
0 6 111 1 112 1 113 1 129 -1 132 -1 135 -1
0 6 114 1 115 1 116 1 130 -1 133 -1 136 -1
0 6 117 1 118 1 119 1 131 -1 134 -1 137 -1
0 6 120 1 121 1 122 1 138 -1 141 -1 144 -1
0 6 123 1 124 1 125 1 139 -1 142 -1 145 -1
0 6 126 1 127 1 128 1 140 -1 143 -1 146 -1
0 6 129 1 130 1 131 1 147 -1 150 -1 153 -1
0 6 132 1 133 1 134 1 148 -1 151 -1 154 -1
0 6 135 1 136 1 137 1 149 -1 152 -1 155 -1
0 6 138 1 139 1 140 1 156 -1 159 -1 162 -1
0 6 141 1 142 1 143 1 157 -1 160 -1 163 -1
0 6 144 1 145 1 146 1 158 -1 161 -1 164 -1
0 6 147 1 148 1 149 1 165 -1 168 -1 171 -1
0 6 150 1 151 1 152 1 166 -1 169 -1 172 -1
0 6 153 1 154 1 155 1 167 -1 170 -1 173 -1
0 6 156 1 157 1 158 1 174 -1 177 -1 180 -1
0 6 159 1 160 1 161 1 175 -1 178 -1 181 -1
0 6 162 1 163 1 164 1 176 -1 179 -1 182 -1
0 6 165 1 166 1 167 1 183 -1 186 -1 189 -1
0 6 168 1 169 1 170 1 184 -1 187 -1 190 -1
0 6 171 1 172 1 173 1 185 -1 188 -1 191 -1
0 6 174 1 175 1 176 1 192 -1 195 -1 198 -1
0 6 177 1 178 1 179 1 193 -1 196 -1 199 -1
0 6 180 1 181 1 182 1 194 -1 197 -1 200 -1
incumbent 0
