89 28
7 10 179 186 179 0 0 6 0 0 164 164 170 164 346 346 248 253 248 346 346 346 346 160 161 160 160 161 160 160 278 278 278 86 86 86 86 86 86 188 188 188 85 85 85 85 85 78 78 78 78 78 78 78 78 78 171 171 171 171 163 163 163 69 69 183 183 183 183 49 183 258 517 250 500 250 500 159 318 159 318 159 318 159 318 114 228 159 318
-1 3 2 -1 3 -1 4 -1
-1 5 5 -1 6 -1 7 -1 8 -1 9 -1
-1 4 10 -1 11 -1 12 -1 13 -1
-1 2 14 -1 15 -1
-1 3 16 -1 17 -1 18 -1
-1 4 19 -1 20 -1 21 -1 22 -1
-1 7 23 -1 24 -1 25 -1 26 -1 27 -1 28 -1 29 -1
-1 3 30 -1 31 -1 32 -1
-1 5 33 -1 34 -1 35 -1 36 -1 37 -1
-1 3 39 -1 40 -1 41 -1
-1 5 42 -1 43 -1 44 -1 45 -1 46 -1
-1 4 47 -1 48 -1 49 -1 50 -1
-1 5 51 -1 52 -1 53 -1 54 -1 55 -1
-1 4 56 -1 57 -1 58 -1 59 -1
-1 3 60 -1 61 -1 62 -1
-1 2 63 -1 64 -1
-1 5 65 -1 66 -1 67 -1 68 -1 70 -1
190 7 5 450 10 435 19 435 30 350 65 230 71 200 72 400
-2700 47 0 -525 1 -500 2 -475 3 -475 4 -475 12 -435 13 -435 15 -435 16 -435 17 -435 18 -435 26 -425 27 -425 28 -425 35 -330 36 -330 37 -330 38 -330 40 -330 41 -330 44 -325 45 -325 46 -325 48 -300 49 -300 53 -300 54 -300 55 -300 58 -300 59 -300 60 -285 61 -285 63 -265 64 -265 67 -230 68 -230 69 -190 77 -200 78 -400 79 -200 80 -400 81 -200 82 -400 83 -200 84 -400 85 -200 86 -400
2600 47 0 525 1 500 2 475 3 475 4 475 12 435 13 435 15 435 16 435 17 435 18 435 26 425 27 425 28 425 35 330 36 330 37 330 38 330 40 330 41 330 44 325 45 325 46 325 48 300 49 300 53 300 54 300 55 300 58 300 59 300 60 285 61 285 63 265 64 265 67 230 68 230 69 190 77 200 78 400 79 200 80 400 81 200 82 400 83 200 84 400 85 200 86 400
630 11 13 435 21 400 32 350 37 330 41 330 46 325 49 300 55 300 59 300 85 200 86 400
900 22 0 525 1 500 3 475 4 190 7 450 8 165 17 435 18 300 24 400 25 115 33 330 38 330 39 330 42 325 47 300 51 300 56 300 61 285 64 265 69 190 81 200 82 400
1656 33 0 525 1 500 3 475 4 190 7 450 8 165 12 435 17 435 18 300 20 400 24 400 25 115 27 425 28 140 33 330 36 330 38 330 39 330 42 325 45 325 47 300 51 300 54 300 56 300 58 300 61 285 64 265 68 230 69 190 81 200 82 400 83 200 84 400
335 24 2 475 4 285 6 450 8 285 9 150 11 435 14 435 16 435 18 135 22 100 23 400 25 285 29 100 31 350 35 330 40 330 44 325 48 300 53 300 60 285 63 265 66 230 77 200 78 400
1026 30 2 475 4 285 6 450 8 285 9 150 11 435 14 435 15 435 16 435 18 135 22 100 23 400 25 285 26 425 28 285 29 100 31 350 35 330 40 330 44 325 48 300 53 300 60 285 63 265 66 230 67 230 77 200 78 400 79 200 80 400
150 7 29 300 34 330 43 325 52 300 57 300 73 200 74 400
500 10 22 300 29 300 34 330 43 325 52 300 57 300 73 200 74 400 75 200 76 400
270 4 50 300 62 285 87 200 88 400
incumbent 0
