548 176
169 10 235 59 39 0 0 118 0 29 186 110 6 154 38 26 0 0 77 0 19 128 7 179 45 30 0 0 89 22 674 39 941 235 157 0 0 470 0 118 755 445 26 622 155 104 0 0 311 0 78 159 94 5 251 0 0 65 0 16 6 37 25 74 0 18 17 101 67 202 0 50 74 6 37 25 74 0 18 265 15 370 92 62 0 0 185 0 46 296 175 10 244 61 41 0 0 122 0 30 156 9 217 54 36 0 0 109 27 819 48 1142 286 190 0 0 571 0 143 916 541 31 755 189 126 0 0 377 0 94 194 114 7 306 0 0 80 0 20 5 30 20 61 0 15 14 83 55 165 0 41 60 5 30 20 60 0 15 192 87 5 121 30 20 0 0 61 455 69 55 15 209 95 6 33 22 0 0 66 495 75 59 17 234 106 6 37 25 0 0 74 554 84 66 18 229 266 120 7 168 42 28 0 0 84 630 95 76 21 7 44 29 87 653 99 22 209 95 6 33 22 0 0 66 495 75 59 17 494 224 13 78 52 0 0 156 1170 177 140 39 208 241 109 76 6 292 0 0 76 571 86 69 19 110 77 6 154 38 26 0 0 77 261 59 51 19 583 306 214 18 427 107 71 0 0 214 725 164 142 53 144 42 8 202 50 34 0 0 101 342 77 67 25 1193 626 437 36 874 218 146 0 0 437 1482 335 291 109 328 172 120 10 240 60 40 0 120 407 92 80 30 164 60 5 30 20 60 204 46 15 220 80 7 27 80 273 62 20 285 104 9 0 104 354 80 70 26 918 336 28 0 336 1140 258 224 84 256 94 8 187 0 94 318 72 62 23 166 87 5 121 30 20 0 0 61 273 56 45 15 229 36 13 319 80 53 0 0 160 718 146 120 40 430 25 600 150 100 0 0 300 1350 275 225 75 356 187 11 260 65 43 0 0 130 586 119 98 33 313 26 10 229 57 38 0 0 115 516 105 86 29 6 24 72 324 66 18 211 17 6 39 0 77 348 71 58 19 285 9 0 104 470 96 78 26 1454 44 0 532 4435 488 399 133 295 9 0 108 900 99 81 27 164 60 5 0 60 500 55 45 15 1165 36 0 427 3555 391 320 107 399 14 0 164 1370 151 123 41 100 1000 11000 2000 2600 0 0 0 0 0 0 0 0 0 0 0 0 0 0 0 0 0 0 0 0 0 0 0 0 0 0 0 0 0 0 0 0 0 0 0 0 0 0 0 0 0 0 0 0 0 0 0 0 0
-9303 11 0 59 1 10 2 167 3 -161 4 35 5 120 6 189 7 68 8 68 9 71 499 -9999
-9901 12 10 106 11 59 12 10 13 167 14 -161 15 35 16 120 17 189 18 68 19 68 20 71 500 -9999
-9509 10 21 59 22 10 23 167 24 -161 25 35 26 120 27 189 28 68 29 71 501 -9999
-9312 11 30 59 31 10 32 167 33 -161 34 35 35 120 36 189 37 68 38 68 39 71 502 -9999
-9805 12 40 106 41 59 42 10 43 167 44 -161 45 35 46 120 47 189 48 68 49 68 50 71 503 -9999
-9330 10 51 106 52 59 53 10 54 -45 55 120 56 189 57 68 58 68 59 71 504 -9999
-9446 7 60 10 61 -161 62 35 63 68 64 68 65 71 505 -9999
-9049 7 66 10 67 -161 68 35 69 68 70 68 71 71 506 -9999
-9485 8 72 136 73 10 74 -161 75 35 76 68 77 68 78 71 507 -9999
-10045 11 79 59 80 10 81 167 82 -161 83 35 84 120 85 189 86 68 87 68 88 71 508 -9999
-9740 12 89 106 90 59 91 10 92 167 93 -161 94 35 95 120 96 189 97 68 98 68 99 71 509 -9999
-9932 10 100 59 101 10 102 167 103 -161 104 35 105 120 106 189 107 68 108 71 510 -9999
-10018 11 109 59 110 10 111 167 112 -161 113 35 114 120 115 189 116 68 117 68 118 71 511 -9999
-9680 12 119 106 120 59 121 10 122 167 123 -161 124 35 125 120 126 189 127 68 128 68 129 71 512 -9999
-9240 10 130 106 131 59 132 10 133 -45 134 120 135 189 136 68 137 68 138 71 513 -9999
-9290 7 139 10 140 -161 141 35 142 68 143 68 144 71 514 -9999
-10053 7 145 10 146 -161 147 35 148 68 149 68 150 71 515 -9999
-9365 8 151 136 152 10 153 -161 154 35 155 68 156 68 157 71 516 -9999
-9826 14 158 81 159 59 160 10 161 167 162 -161 163 35 164 120 165 189 166 68 167 149 168 100 169 77 170 71 517 -9999
-9752 13 171 81 172 59 173 10 174 -161 175 35 176 120 177 189 178 68 179 149 180 100 181 77 182 71 518 -9999
-9544 13 183 81 184 59 185 10 186 -161 187 35 188 120 189 189 190 68 191 149 192 100 193 77 194 71 519 -9999
-9003 15 195 93 196 81 197 59 198 10 199 167 200 -161 201 35 202 120 203 189 204 68 205 149 206 100 207 77 208 71 520 -9999
-9827 8 209 10 210 -161 211 35 212 68 213 149 214 100 215 71 521 -9999
-9726 13 216 81 217 59 218 10 219 -161 220 35 221 120 222 189 223 68 224 149 225 100 226 77 227 71 522 -9999
-9774 13 228 81 229 59 230 10 231 -161 232 35 233 120 234 189 235 68 236 149 237 100 238 77 239 71 523 -9999
-8864 14 240 93 241 81 242 59 243 145 244 10 245 -45 246 120 247 189 248 68 249 149 250 100 251 77 252 71 524 -9999
-9910 14 253 59 254 145 255 10 256 167 257 -161 258 35 259 120 260 189 261 68 262 189 263 104 264 110 265 71 525 -9999
-9864 15 266 93 267 59 268 145 269 10 270 167 271 -161 272 35 273 120 274 189 275 68 276 189 277 104 278 110 279 71 526 -9999
-9910 14 280 59 281 155 282 10 283 167 284 -161 285 35 286 120 287 189 288 68 289 189 290 104 291 110 292 71 527 -9999
-9665 15 293 93 294 59 295 145 296 10 297 167 298 -161 299 35 300 120 301 189 302 68 303 189 304 104 305 110 306 71 528 -9999
-9653 14 307 93 308 59 309 136 310 10 311 167 312 -161 313 35 314 138 315 68 316 189 317 104 318 110 319 71 529 -9999
-9900 10 320 93 321 145 322 10 323 -161 324 35 325 68 326 189 327 104 328 71 530 -9999
-9559 9 329 93 330 145 331 10 332 35 333 68 334 189 335 104 336 71 531 -9999
-9893 10 337 93 338 145 339 10 340 189 341 68 342 189 343 104 344 110 345 71 532 -9999
-9605 10 346 93 347 145 348 10 349 189 350 68 351 189 352 104 353 110 354 71 533 -9999
-8796 11 355 93 356 136 357 10 358 167 359 138 360 68 361 189 362 104 363 110 364 71 534 -9999
-9078 14 365 93 366 59 367 10 368 167 369 -161 370 35 371 120 372 189 373 68 374 180 375 120 376 100 377 71 535 -9999
-9478 14 378 59 379 34 380 10 381 167 382 -161 383 35 384 120 385 189 386 68 387 180 388 120 389 100 390 71 536 -9999
-9647 13 391 59 392 10 393 167 394 -161 395 35 396 120 397 189 398 68 399 180 400 120 401 100 402 71 537 -9999
-10001 14 403 93 404 59 405 10 406 167 407 -161 408 35 409 120 410 189 411 68 412 180 413 120 414 100 415 71 538 -9999
-9601 14 416 93 417 34 418 10 419 167 420 -161 421 35 422 120 423 189 424 68 425 180 426 120 427 100 428 71 539 -9999
-9557 7 429 10 430 35 431 68 432 180 433 120 434 71 540 -9999
-9729 11 435 93 436 34 437 10 438 -161 439 189 440 68 441 180 442 120 443 100 444 71 541 -9999
-9516 9 445 93 446 10 447 189 448 68 449 180 450 120 451 100 452 71 542 -9999
-9179 9 453 93 454 10 455 189 456 68 457 192 458 120 459 100 460 71 543 -9999
-9125 9 461 93 462 10 463 189 464 68 465 192 466 120 467 100 468 71 544 -9999
-9723 10 469 93 470 136 471 10 472 138 473 68 474 192 475 120 476 100 477 71 545 -9999
-8782 9 478 93 479 10 480 189 481 68 482 192 483 120 484 100 485 71 546 -9999
-9690 9 486 106 487 10 488 189 489 68 490 192 491 120 492 100 493 71 547 -9999
-154 11 0 59 1 10 2 167 3 -161 4 35 5 120 6 189 7 68 8 68 9 71 499 9999
2 12 10 -106 11 -59 12 -10 13 -167 14 161 15 -35 16 -120 17 -189 18 -68 19 -68 20 -71 500 9999
-77 10 21 59 22 10 23 167 24 -161 25 35 26 120 27 189 28 68 29 71 501 9999
-587 11 30 -59 31 -10 32 -167 33 161 34 -35 35 -120 36 -189 37 -68 38 -68 39 -71 502 9999
-94 12 40 -106 41 -59 42 -10 43 -167 44 161 45 -35 46 -120 47 -189 48 -68 49 -68 50 -71 503 9999
-569 10 51 -106 52 -59 53 -10 54 45 55 -120 56 -189 57 -68 58 -68 59 -71 504 9999
-453 7 60 -10 61 161 62 -35 63 -68 64 -68 65 -71 505 9999
-850 7 66 -10 67 161 68 -35 69 -68 70 -68 71 -71 506 9999
-414 8 72 -136 73 -10 74 161 75 -35 76 -68 77 -68 78 -71 507 9999
146 11 79 -59 80 -10 81 -167 82 161 83 -35 84 -120 85 -189 86 -68 87 -68 88 -71 508 9999
-159 12 89 -106 90 -59 91 -10 92 -167 93 161 94 -35 95 -120 96 -189 97 -68 98 -68 99 -71 509 9999
33 10 100 -59 101 -10 102 -167 103 161 104 -35 105 -120 106 -189 107 -68 108 -71 510 9999
119 11 109 -59 110 -10 111 -167 112 161 113 -35 114 -120 115 -189 116 -68 117 -68 118 -71 511 9999
-219 12 119 -106 120 -59 121 -10 122 -167 123 161 124 -35 125 -120 126 -189 127 -68 128 -68 129 -71 512 9999
-659 10 130 -106 131 -59 132 -10 133 45 134 -120 135 -189 136 -68 137 -68 138 -71 513 9999
-609 7 139 -10 140 161 141 -35 142 -68 143 -68 144 -71 514 9999
154 7 145 -10 146 161 147 -35 148 -68 149 -68 150 -71 515 9999
-534 8 151 -136 152 -10 153 161 154 -35 155 -68 156 -68 157 -71 516 9999
-73 14 158 -81 159 -59 160 -10 161 -167 162 161 163 -35 164 -120 165 -189 166 -68 167 -149 168 -100 169 -77 170 -71 517 9999
-147 13 171 -81 172 -59 173 -10 174 161 175 -35 176 -120 177 -189 178 -68 179 -149 180 -100 181 -77 182 -71 518 9999
-355 13 183 -81 184 -59 185 -10 186 161 187 -35 188 -120 189 -189 190 -68 191 -149 192 -100 193 -77 194 -71 519 9999
-138 15 195 93 196 81 197 59 198 10 199 167 200 -161 201 35 202 120 203 189 204 68 205 149 206 100 207 77 208 71 520 9999
-72 8 209 -10 210 161 211 -35 212 -68 213 -149 214 -100 215 -71 521 9999
-173 13 216 -81 217 -59 218 -10 219 161 220 -35 221 -120 222 -189 223 -68 224 -149 225 -100 226 -77 227 -71 522 9999
-125 13 228 -81 229 -59 230 -10 231 161 232 -35 233 -120 234 -189 235 -68 236 -149 237 -100 238 -77 239 -71 523 9999
1 14 240 93 241 81 242 59 243 145 244 10 245 -45 246 120 247 189 248 68 249 149 250 100 251 77 252 71 524 9999
11 14 253 -59 254 -145 255 -10 256 -167 257 161 258 -35 259 -120 260 -189 261 -68 262 -189 263 -104 264 -110 265 -71 525 9999
-35 15 266 -93 267 -59 268 -145 269 -10 270 -167 271 161 272 -35 273 -120 274 -189 275 -68 276 -189 277 -104 278 -110 279 -71 526 9999
11 14 280 -59 281 -155 282 -10 283 -167 284 161 285 -35 286 -120 287 -189 288 -68 289 -189 290 -104 291 -110 292 -71 527 9999
-234 15 293 -93 294 -59 295 -145 296 -10 297 -167 298 161 299 -35 300 -120 301 -189 302 -68 303 -189 304 -104 305 -110 306 -71 528 9999
-246 14 307 -93 308 -59 309 -136 310 -10 311 -167 312 161 313 -35 314 -138 315 -68 316 -189 317 -104 318 -110 319 -71 529 9999
1 10 320 -93 321 -145 322 -10 323 161 324 -35 325 -68 326 -189 327 -104 328 -71 530 9999
-340 9 329 -93 330 -145 331 -10 332 -35 333 -68 334 -189 335 -104 336 -71 531 9999
-6 10 337 -93 338 -145 339 -10 340 -189 341 -68 342 -189 343 -104 344 -110 345 -71 532 9999
-294 10 346 -93 347 -145 348 -10 349 -189 350 -68 351 -189 352 -104 353 -110 354 -71 533 9999
69 11 355 93 356 136 357 10 358 167 359 138 360 68 361 189 362 104 363 110 364 71 534 9999
-821 14 365 -93 366 -59 367 -10 368 -167 369 161 370 -35 371 -120 372 -189 373 -68 374 -180 375 -120 376 -100 377 -71 535 9999
-421 14 378 -59 379 -34 380 -10 381 -167 382 161 383 -35 384 -120 385 -189 386 -68 387 -180 388 -120 389 -100 390 -71 536 9999
-252 13 391 -59 392 -10 393 -167 394 161 395 -35 396 -120 397 -189 398 -68 399 -180 400 -120 401 -100 402 -71 537 9999
102 14 403 -93 404 -59 405 -10 406 -167 407 161 408 -35 409 -120 410 -189 411 -68 412 -180 413 -120 414 -100 415 -71 538 9999
-298 14 416 -93 417 -34 418 -10 419 -167 420 161 421 -35 422 -120 423 -189 424 -68 425 -180 426 -120 427 -100 428 -71 539 9999
-342 7 429 -10 430 -35 431 -68 432 -180 433 -120 434 -71 540 9999
-170 11 435 -93 436 -34 437 -10 438 161 439 -189 440 -68 441 -180 442 -120 443 -100 444 -71 541 9999
-383 9 445 -93 446 -10 447 -189 448 -68 449 -180 450 -120 451 -100 452 -71 542 9999
-720 9 453 -93 454 -10 455 -189 456 -68 457 -192 458 -120 459 -100 460 -71 543 9999
-774 9 461 -93 462 -10 463 -189 464 -68 465 -192 466 -120 467 -100 468 -71 544 9999
-176 10 469 -93 470 -136 471 -10 472 -138 473 -68 474 -192 475 -120 476 -100 477 -71 545 9999
83 9 478 93 479 10 480 189 481 68 482 192 483 120 484 100 485 71 546 9999
-209 9 486 -106 487 -10 488 -189 489 -68 490 -192 491 -120 492 -100 493 -71 547 9999
920 143 2 35 3 -31 4 32 13 27 14 -24 15 25 23 26 24 -23 25 24 32 139 33 -127 34 128 43 109 44 -99 45 100 61 -25 62 26 67 -80 68 81 74 -15 75 16 81 58 82 -52 83 53 92 43 93 -38 94 39 102 33 103 -30 104 31 111 178 112 -163 113 164 122 132 123 -121 124 122 140 -21 141 22 146 -69 147 70 153 -12 154 13 161 20 162 -17 163 18 174 -23 175 24 186 -26 187 27 199 32 200 -29 201 30 210 -36 211 37 219 -23 220 24 231 -56 232 57 256 28 257 -25 258 26 270 77 271 -70 272 71 283 34 284 -31 285 32 297 158 298 -144 299 145 311 24 312 -21 313 22 323 -22 324 23 332 33 358 19 368 23 369 -20 370 21 381 52 382 -47 383 48 393 120 394 -109 395 110 406 46 407 -41 408 42 419 42 420 -38 421 39 430 33 438 -23 499 15 500 12 501 8 502 58 503 48 504 10 505 11 506 31 507 11 508 28 509 19 510 13 511 88 512 58 513 12 514 9 515 25 516 9 517 9 518 10 519 11 520 13 521 13 522 10 523 24 524 12 525 12 526 33 527 15 528 67 529 18 530 9 531 12 532 16 533 52 534 14 535 9 536 20 537 46 538 20 539 18 540 11 541 12 542 16 543 82 544 17 545 9 546 66 547 25
-1200 28 0 -20 11 -13 21 -15 30 -78 41 -52 52 -11 79 -31 90 -20 100 -18 109 -95 120 -63 131 -13 159 -10 172 -11 184 -12 197 -14 217 -11 229 -26 242 -13 253 -13 267 -36 280 -17 294 -73 308 -20 366 -10 378 -27 391 -50 404 -22
-350 23 2 -20 13 -13 23 -15 32 -78 43 -52 81 -31 92 -20 102 -18 111 -95 122 -63 161 -10 199 -14 256 -13 270 -36 283 -17 297 -73 311 -20 358 -16 368 -10 381 -27 393 -50 406 -22 419 -19
104 35 3 19 14 12 24 14 33 77 44 51 61 11 67 33 74 11 82 30 93 19 103 17 112 94 123 62 140 9 146 27 153 9 162 9 174 10 186 11 200 13 210 14 219 10 231 25 257 12 271 35 284 16 298 72 312 19 323 9 369 9 382 26 394 49 407 21 420 18 438 12
-195 36 4 -20 15 -13 25 -15 34 -78 45 -52 62 -12 68 -34 75 -12 83 -31 94 -20 104 -18 113 -95 124 -63 141 -10 147 -28 154 -10 163 -10 175 -11 187 -12 201 -14 211 -15 220 -11 232 -26 258 -13 272 -36 285 -17 299 -73 313 -20 324 -10 332 -13 370 -10 383 -27 395 -50 408 -22 421 -19 430 -12
-40 16 8 -20 19 -13 38 -78 49 -52 58 -11 64 -12 70 -34 77 -12 87 -31 98 -20 117 -95 128 -63 137 -13 143 -10 149 -28 156 -10
-1564 49 9 -20 20 -13 29 -15 39 -78 50 -52 59 -11 65 -12 71 -34 78 -12 88 -31 99 -20 108 -18 118 -95 129 -63 138 -13 144 -10 150 -28 157 -10 170 -10 182 -11 194 -12 208 -14 215 -15 227 -11 239 -26 252 -13 265 -13 279 -36 292 -17 306 -73 319 -20 328 -10 336 -13 345 -17 354 -56 364 -16 377 -10 390 -27 402 -50 415 -22 428 -19 434 -12 444 -13 452 -17 460 -89 468 -18 477 -10 485 -71 493 -27
-198 3 54 10 133 12 245 12
0 3 54 -11 133 -13 245 -13
0 3 2 -1 3 1 4 -1
-1 2 5 -1 6 -1
0 3 13 -1 14 1 15 -1
-1 2 16 -1 17 -1
0 3 23 -1 24 1 25 -1
-1 2 26 -1 27 -1
0 3 32 -1 33 1 34 -1
-1 2 35 -1 36 -1
0 3 43 -1 44 1 45 -1
-1 2 46 -1 47 -1
-1 2 55 -1 56 -1
0 2 61 1 62 -1
0 2 67 1 68 -1
0 2 74 1 75 -1
0 3 81 -1 82 1 83 -1
-1 2 84 -1 85 -1
0 3 92 -1 93 1 94 -1
-1 2 95 -1 96 -1
0 3 102 -1 103 1 104 -1
-1 2 105 -1 106 -1
0 3 111 -1 112 1 113 -1
-1 2 114 -1 115 -1
0 3 122 -1 123 1 124 -1
-1 2 125 -1 126 -1
-1 2 134 -1 135 -1
0 2 140 1 141 -1
0 2 146 1 147 -1
0 2 153 1 154 -1
0 3 161 -1 162 1 163 -1
-1 2 164 -1 165 -1
0 2 174 1 175 -1
-1 2 176 -1 177 -1
0 2 186 1 187 -1
-1 2 188 -1 189 -1
0 3 199 -1 200 1 201 -1
-1 2 202 -1 203 -1
0 2 210 1 211 -1
0 2 219 1 220 -1
-1 2 221 -1 222 -1
0 2 231 1 232 -1
-1 2 233 -1 234 -1
-1 2 246 -1 247 -1
0 3 256 -1 257 1 258 -1
-1 2 259 -1 260 -1
0 3 270 -1 271 1 272 -1
-1 2 273 -1 274 -1
0 3 283 -1 284 1 285 -1
-1 2 286 -1 287 -1
0 3 297 -1 298 1 299 -1
-1 2 300 -1 301 -1
0 3 311 -1 312 1 313 -1
0 2 323 1 324 -1
-1 1 332 -1
0 3 368 -1 369 1 370 -1
-1 2 371 -1 372 -1
0 3 381 -1 382 1 383 -1
-1 2 384 -1 385 -1
0 3 393 -1 394 1 395 -1
-1 2 396 -1 397 -1
0 3 406 -1 407 1 408 -1
-1 2 409 -1 410 -1
0 3 419 -1 420 1 421 -1
-1 2 422 -1 423 -1
-1 1 430 -1
0 50 1 -1 12 -1 22 -1 31 -1 42 -1 53 -1 60 -1 66 -1 73 -1 80 -1 91 -1 101 -1 110 -1 121 -1 132 -1 139 -1 145 -1 152 -1 160 -1 173 -1 185 -1 198 -1 209 -1 218 -1 230 -1 244 -1 255 -1 269 -1 282 -1 296 -1 310 -1 322 -1 331 -1 339 -1 348 -1 357 -1 367 -1 380 -1 392 -1 405 -1 418 -1 429 -1 437 -1 446 -1 454 -1 462 -1 471 -1 479 -1 487 -1 494 49
0 50 7 -1 18 -1 28 -1 37 -1 48 -1 57 -1 63 -1 69 -1 76 -1 86 -1 97 -1 107 -1 116 -1 127 -1 136 -1 142 -1 148 -1 155 -1 166 -1 178 -1 190 -1 204 -1 212 -1 223 -1 235 -1 248 -1 261 -1 275 -1 288 -1 302 -1 315 -1 325 -1 333 -1 341 -1 350 -1 360 -1 373 -1 386 -1 398 -1 411 -1 424 -1 431 -1 440 -1 448 -1 456 -1 464 -1 473 -1 481 -1 489 -1 495 49
0 27 10 -1 40 -1 51 -1 89 -1 119 -1 130 -1 195 -1 240 -1 266 -1 293 -1 307 -1 320 -1 329 -1 337 -1 346 -1 355 -1 365 -1 403 -1 416 -1 435 -1 445 -1 453 -1 461 -1 469 -1 478 -1 486 -1 496 26
0 6 72 -1 151 -1 309 -1 356 -1 470 -1 497 5
0 8 158 -1 171 -1 183 -1 196 -1 216 -1 228 -1 241 -1 498 7
incumbent 0
