200 60
30 4 7 29 15 26 19 8 9 28 19 7 15 28 23 21 22 24 27 17 20 5 19 18 28 29 10 8 12 25 28 21 22 11 18 8 10 24 19 15 10 12 20 18 7 28 17 7 12 23 20 28 14 27 21 4 26 27 17 26 23 21 16 19 26 24 24 1 10 28 27 25 27 27 26 4 17 24 20 5 24 6 28 23 29 4 14 8 21 13 19 15 13 13 17 11 7 22 4 14 25 12 18 15 23 2 3 28 28 15 7 17 2 22 22 28 12 16 24 15 3 23 6 14 16 19 26 23 28 14 15 15 20 1 6 23 8 16 6 23 20 12 21 3 16 25 4 7 11 2 3 24 6 14 1 20 30 23 22 18 16 30 27 27 17 18 22 29 19 16 17 23 12 1 20 15 22 12 16 16 5 12 19 23 20 12 20 12 18 5 7 29 1 25 7 26 25 22 23 19
1 40 10 1 11 1 15 1 22 1 32 1 35 1 41 1 52 1 66 1 70 1 74 1 75 1 76 1 79 1 83 1 95 1 97 1 101 1 111 1 114 1 115 1 117 1 124 1 127 1 129 1 132 1 136 1 139 1 144 1 146 1 151 1 154 1 160 1 164 1 165 1 168 1 170 1 178 1 182 1 193 1
1 45 0 1 4 1 6 1 12 1 14 1 20 1 21 1 26 1 32 1 37 1 38 1 43 1 61 1 64 1 67 1 70 1 86 1 87 1 88 1 91 1 96 1 98 1 101 1 102 1 104 1 105 1 109 1 117 1 134 1 135 1 142 1 145 1 148 1 149 1 153 1 156 1 161 1 170 1 171 1 172 1 175 1 177 1 183 1 186 1 197 1
1 42 2 1 3 1 6 1 9 1 11 1 13 1 15 1 18 1 21 1 25 1 28 1 30 1 31 1 32 1 36 1 38 1 39 1 55 1 64 1 67 1 70 1 85 1 86 1 92 1 103 1 104 1 113 1 118 1 119 1 134 1 138 1 139 1 141 1 149 1 157 1 158 1 162 1 167 1 174 1 181 1 193 1 198 1
1 38 3 1 5 1 19 1 21 1 25 1 29 1 31 1 36 1 40 1 47 1 52 1 56 1 73 1 75 1 88 1 98 1 100 1 108 1 110 1 112 1 117 1 120 1 122 1 135 1 149 1 153 1 164 1 165 1 167 1 170 1 176 1 177 1 178 1 179 1 183 1 185 1 190 1 197 1
1 33 3 1 4 1 8 1 14 1 17 1 28 1 42 1 46 1 51 1 56 1 63 1 64 1 85 1 90 1 94 1 97 1 98 1 103 1 110 1 111 1 119 1 121 1 138 1 150 1 151 1 170 1 178 1 179 1 180 1 185 1 188 1 189 1 199 1
1 47 1 1 4 1 8 1 15 1 16 1 21 1 27 1 28 1 30 1 32 1 41 1 49 1 55 1 57 1 60 1 62 1 70 1 71 1 73 1 86 1 87 1 101 1 104 1 105 1 106 1 113 1 121 1 123 1 131 1 134 1 135 1 139 1 140 1 142 1 143 1 144 1 154 1 160 1 163 1 168 1 175 1 177 1 179 1 189 1 196 1 198 1 199 1
1 46 4 1 8 1 9 1 11 1 23 1 31 1 34 1 41 1 43 1 44 1 47 1 52 1 59 1 62 1 67 1 68 1 72 1 82 1 89 1 97 1 99 1 100 1 106 1 110 1 118 1 122 1 124 1 126 1 127 1 129 1 134 1 135 1 136 1 139 1 141 1 142 1 144 1 152 1 162 1 164 1 165 1 175 1 179 1 180 1 182 1 187 1
1 49 4 1 24 1 26 1 37 1 39 1 43 1 44 1 45 1 61 1 69 1 70 1 71 1 75 1 77 1 87 1 88 1 92 1 93 1 96 1 99 1 105 1 106 1 114 1 116 1 123 1 124 1 127 1 131 1 136 1 139 1 145 1 146 1 148 1 150 1 153 1 157 1 165 1 166 1 168 1 170 1 172 1 182 1 183 1 184 1 188 1 189 1 190 1 196 1 198 1
1 59 1 1 6 1 8 1 17 1 18 1 26 1 28 1 29 1 31 1 38 1 39 1 43 1 47 1 66 1 75 1 76 1 81 1 83 1 85 1 94 1 96 1 98 1 102 1 104 1 105 1 107 1 111 1 112 1 113 1 116 1 117 1 118 1 125 1 128 1 134 1 135 1 137 1 139 1 140 1 144 1 146 1 147 1 148 1 150 1 153 1 155 1 157 1 158 1 160 1 163 1 164 1 175 1 176 1 184 1 188 1 190 1 192 1 196 1 199 1
1 42 7 1 8 1 19 1 23 1 27 1 28 1 29 1 34 1 37 1 47 1 51 1 56 1 58 1 60 1 64 1 66 1 68 1 71 1 84 1 89 1 97 1 114 1 119 1 120 1 124 1 125 1 126 1 130 1 132 1 133 1 134 1 141 1 147 1 149 1 150 1 157 1 164 1 171 1 174 1 179 1 185 1 197 1
1 49 0 1 2 1 6 1 9 1 10 1 13 1 20 1 27 1 29 1 33 1 38 1 41 1 44 1 55 1 64 1 69 1 78 1 79 1 87 1 91 1 93 1 98 1 99 1 100 1 103 1 104 1 108 1 116 1 117 1 124 1 126 1 129 1 134 1 135 1 136 1 138 1 143 1 146 1 150 1 159 1 168 1 171 1 173 1 178 1 179 1 183 1 190 1 196 1 199 1
1 38 6 1 13 1 14 1 31 1 45 1 47 1 50 1 57 1 61 1 67 1 68 1 74 1 77 1 84 1 87 1 98 1 107 1 115 1 128 1 129 1 130 1 133 1 135 1 141 1 142 1 150 1 152 1 163 1 169 1 170 1 171 1 177 1 181 1 186 1 187 1 190 1 194 1 195 1
1 44 0 1 6 1 14 1 18 1 21 1 30 1 33 1 35 1 46 1 57 1 59 1 67 1 71 1 73 1 77 1 79 1 82 1 85 1 90 1 100 1 101 1 104 1 106 1 108 1 109 1 112 1 121 1 123 1 126 1 127 1 130 1 131 1 134 1 137 1 143 1 146 1 147 1 149 1 150 1 167 1 178 1 186 1 192 1 195 1
1 42 10 1 14 1 15 1 16 1 26 1 32 1 34 1 37 1 52 1 53 1 67 1 71 1 72 1 75 1 79 1 82 1 84 1 85 1 88 1 91 1 97 1 103 1 111 1 124 1 126 1 130 1 131 1 134 1 139 1 146 1 151 1 152 1 157 1 159 1 161 1 171 1 179 1 181 1 183 1 185 1 196 1 198 1
1 45 1 1 2 1 13 1 27 1 28 1 33 1 37 1 39 1 45 1 47 1 48 1 49 1 52 1 55 1 60 1 63 1 64 1 70 1 82 1 83 1 88 1 90 1 93 1 96 1 99 1 102 1 113 1 114 1 117 1 124 1 129 1 131 1 134 1 138 1 141 1 145 1 159 1 160 1 161 1 162 1 176 1 183 1 188 1 191 1 197 1
1 31 0 1 2 1 26 1 29 1 32 1 49 1 54 1 56 1 58 1 60 1 66 1 70 1 74 1 76 1 84 1 124 1 126 1 132 1 135 1 137 1 140 1 142 1 144 1 148 1 149 1 155 1 157 1 160 1 173 1 193 1 199 1
1 52 0 1 2 1 4 1 7 1 12 1 14 1 16 1 24 1 26 1 30 1 39 1 42 1 43 1 44 1 46 1 48 1 49 1 52 1 53 1 54 1 56 1 65 1 68 1 76 1 77 1 79 1 91 1 94 1 98 1 99 1 101 1 104 1 107 1 109 1 118 1 129 1 130 1 142 1 144 1 145 1 147 1 166 1 170 1 171 1 173 1 176 1 179 1 180 1 185 1 186 1 188 1 198 1
1 48 16 1 17 1 18 1 20 1 28 1 32 1 34 1 36 1 40 1 44 1 46 1 56 1 58 1 62 1 68 1 75 1 76 1 79 1 90 1 91 1 98 1 99 1 100 1 109 1 117 1 118 1 121 1 122 1 123 1 125 1 131 1 132 1 136 1 138 1 141 1 142 1 147 1 150 1 156 1 158 1 167 1 174 1 176 1 178 1 182 1 186 1 191 1 193 1
1 55 0 1 1 1 2 1 10 1 11 1 12 1 14 1 18 1 20 1 21 1 22 1 28 1 32 1 33 1 39 1 42 1 43 1 46 1 49 1 50 1 54 1 57 1 60 1 62 1 65 1 66 1 71 1 80 1 85 1 88 1 90 1 96 1 102 1 103 1 105 1 111 1 112 1 119 1 122 1 124 1 126 1 132 1 138 1 141 1 147 1 153 1 158 1 171 1 181 1 183 1 186 1 190 1 191 1 194 1 198 1
1 47 1 1 4 1 11 1 15 1 21 1 22 1 34 1 36 1 40 1 46 1 47 1 50 1 51 1 52 1 53 1 57 1 58 1 60 1 62 1 68 1 70 1 71 1 76 1 78 1 79 1 87 1 95 1 98 1 106 1 109 1 110 1 113 1 117 1 118 1 123 1 126 1 127 1 129 1 155 1 159 1 160 1 163 1 178 1 182 1 184 1 186 1 191 1
1 46 1 1 7 1 9 1 12 1 17 1 18 1 19 1 27 1 33 1 36 1 39 1 45 1 49 1 75 1 79 1 83 1 84 1 89 1 91 1 93 1 103 1 104 1 113 1 116 1 120 1 122 1 126 1 131 1 132 1 140 1 141 1 142 1 147 1 153 1 155 1 156 1 158 1 159 1 167 1 168 1 175 1 180 1 183 1 185 1 191 1 194 1
1 43 7 1 17 1 18 1 19 1 29 1 38 1 43 1 50 1 52 1 54 1 60 1 72 1 73 1 78 1 79 1 81 1 85 1 93 1 97 1 99 1 102 1 110 1 121 1 123 1 125 1 140 1 147 1 148 1 150 1 154 1 157 1 158 1 160 1 163 1 168 1 169 1 171 1 174 1 175 1 176 1 177 1 179 1 184 1
1 35 1 1 12 1 14 1 32 1 36 1 44 1 47 1 48 1 51 1 53 1 60 1 67 1 69 1 75 1 76 1 77 1 78 1 85 1 88 1 90 1 97 1 101 1 102 1 106 1 108 1 119 1 127 1 128 1 135 1 136 1 149 1 156 1 157 1 176 1 179 1
1 45 11 1 12 1 15 1 16 1 18 1 28 1 35 1 39 1 44 1 47 1 49 1 52 1 58 1 61 1 77 1 82 1 88 1 92 1 99 1 100 1 103 1 105 1 106 1 107 1 109 1 111 1 113 1 115 1 117 1 121 1 122 1 129 1 137 1 148 1 149 1 155 1 157 1 158 1 159 1 166 1 174 1 175 1 178 1 181 1 196 1
1 32 2 1 5 1 15 1 21 1 24 1 44 1 53 1 55 1 58 1 69 1 73 1 80 1 82 1 88 1 91 1 103 1 108 1 120 1 122 1 130 1 132 1 133 1 145 1 149 1 155 1 161 1 172 1 185 1 191 1 195 1 196 1 199 1
1 46 0 1 1 1 4 1 5 1 6 1 12 1 30 1 31 1 32 1 34 1 37 1 38 1 40 1 44 1 46 1 49 1 50 1 56 1 60 1 72 1 74 1 78 1 83 1 97 1 100 1 102 1 105 1 113 1 119 1 120 1 121 1 123 1 152 1 158 1 168 1 170 1 172 1 175 1 181 1 187 1 188 1 190 1 191 1 194 1 198 1 199 1
1 44 4 1 5 1 12 1 21 1 35 1 38 1 49 1 53 1 56 1 58 1 60 1 64 1 66 1 70 1 72 1 74 1 75 1 76 1 80 1 92 1 96 1 97 1 115 1 118 1 120 1 124 1 127 1 129 1 130 1 134 1 136 1 141 1 144 1 146 1 153 1 154 1 155 1 163 1 168 1 173 1 177 1 181 1 187 1 195 1
1 37 4 1 12 1 13 1 17 1 28 1 29 1 32 1 40 1 42 1 44 1 45 1 47 1 49 1 50 1 52 1 61 1 63 1 74 1 78 1 85 1 86 1 88 1 126 1 133 1 134 1 137 1 143 1 146 1 151 1 164 1 166 1 173 1 174 1 176 1 178 1 189 1 194 1
1 47 0 1 4 1 6 1 10 1 14 1 16 1 19 1 23 1 27 1 29 1 35 1 37 1 38 1 40 1 50 1 53 1 58 1 66 1 67 1 69 1 74 1 79 1 87 1 88 1 102 1 103 1 106 1 107 1 109 1 110 1 114 1 118 1 119 1 120 1 134 1 147 1 154 1 159 1 160 1 161 1 165 1 172 1 182 1 183 1 188 1 194 1 196 1
1 39 3 1 4 1 7 1 11 1 12 1 18 1 27 1 29 1 41 1 42 1 43 1 47 1 61 1 62 1 67 1 74 1 83 1 84 1 88 1 121 1 132 1 134 1 136 1 138 1 140 1 141 1 149 1 150 1 153 1 154 1 157 1 158 1 172 1 174 1 178 1 190 1 191 1 192 1 195 1
1 47 5 1 6 1 25 1 38 1 41 1 45 1 59 1 61 1 62 1 64 1 65 1 66 1 69 1 70 1 75 1 76 1 77 1 78 1 79 1 88 1 89 1 93 1 101 1 104 1 109 1 111 1 113 1 117 1 121 1 127 1 131 1 136 1 138 1 139 1 141 1 143 1 146 1 147 1 155 1 158 1 159 1 162 1 166 1 183 1 192 1 194 1 195 1
1 45 1 1 3 1 6 1 17 1 24 1 27 1 28 1 32 1 33 1 40 1 43 1 45 1 46 1 48 1 60 1 70 1 72 1 78 1 80 1 81 1 86 1 87 1 95 1 100 1 101 1 107 1 116 1 118 1 127 1 131 1 145 1 146 1 150 1 155 1 161 1 167 1 168 1 169 1 172 1 178 1 179 1 186 1 189 1 193 1 197 1
1 51 0 1 6 1 8 1 19 1 22 1 25 1 27 1 28 1 32 1 37 1 40 1 52 1 54 1 56 1 57 1 58 1 60 1 61 1 83 1 88 1 90 1 91 1 94 1 98 1 100 1 101 1 104 1 113 1 115 1 119 1 124 1 125 1 126 1 127 1 131 1 133 1 134 1 139 1 142 1 143 1 145 1 146 1 158 1 161 1 168 1 171 1 174 1 177 1 183 1 187 1 199 1
1 48 5 1 9 1 10 1 13 1 24 1 30 1 39 1 41 1 42 1 45 1 46 1 48 1 54 1 58 1 66 1 70 1 72 1 74 1 77 1 82 1 96 1 115 1 122 1 125 1 127 1 130 1 131 1 133 1 136 1 137 1 141 1 142 1 143 1 146 1 147 1 148 1 153 1 155 1 157 1 160 1 161 1 164 1 189 1 190 1 191 1 193 1 195 1 198 1
1 38 23 1 26 1 28 1 31 1 36 1 38 1 49 1 51 1 55 1 65 1 66 1 75 1 78 1 85 1 91 1 92 1 94 1 95 1 99 1 102 1 105 1 109 1 116 1 117 1 118 1 120 1 124 1 134 1 142 1 143 1 148 1 161 1 169 1 173 1 174 1 189 1 194 1 195 1
1 47 5 1 9 1 16 1 19 1 22 1 27 1 28 1 31 1 37 1 42 1 48 1 50 1 53 1 54 1 58 1 59 1 61 1 62 1 73 1 80 1 85 1 88 1 101 1 103 1 106 1 107 1 112 1 123 1 124 1 125 1 128 1 137 1 147 1 149 1 151 1 153 1 155 1 158 1 159 1 167 1 171 1 176 1 184 1 185 1 189 1 194 1 199 1
1 37 1 1 3 1 5 1 10 1 13 1 18 1 20 1 22 1 23 1 28 1 40 1 48 1 49 1 56 1 57 1 61 1 62 1 67 1 79 1 86 1 95 1 104 1 107 1 108 1 132 1 134 1 140 1 145 1 149 1 156 1 172 1 176 1 180 1 181 1 188 1 189 1 196 1
1 40 0 1 2 1 3 1 9 1 13 1 19 1 20 1 21 1 22 1 25 1 28 1 49 1 52 1 57 1 68 1 72 1 81 1 84 1 90 1 94 1 95 1 99 1 102 1 105 1 110 1 115 1 121 1 122 1 128 1 145 1 153 1 158 1 163 1 165 1 177 1 182 1 184 1 187 1 191 1 193 1
1 33 4 1 16 1 17 1 18 1 24 1 29 1 41 1 45 1 46 1 56 1 60 1 63 1 64 1 65 1 68 1 71 1 87 1 88 1 93 1 99 1 103 1 104 1 106 1 143 1 145 1 148 1 149 1 151 1 156 1 158 1 159 1 161 1 193 1
1 43 2 1 15 1 22 1 25 1 30 1 32 1 37 1 38 1 46 1 52 1 61 1 62 1 73 1 74 1 83 1 90 1 95 1 102 1 104 1 107 1 109 1 115 1 120 1 124 1 127 1 132 1 139 1 141 1 143 1 148 1 153 1 154 1 156 1 159 1 164 1 167 1 170 1 172 1 176 1 178 1 180 1 193 1 199 1
1 38 0 1 1 1 7 1 17 1 23 1 28 1 36 1 38 1 40 1 42 1 48 1 53 1 62 1 63 1 68 1 73 1 77 1 84 1 88 1 93 1 94 1 102 1 107 1 113 1 115 1 118 1 119 1 125 1 147 1 150 1 158 1 166 1 177 1 179 1 184 1 186 1 193 1 195 1
1 43 4 1 6 1 14 1 21 1 34 1 36 1 41 1 42 1 43 1 45 1 51 1 56 1 57 1 58 1 66 1 71 1 75 1 79 1 87 1 91 1 93 1 97 1 98 1 100 1 106 1 109 1 114 1 127 1 130 1 136 1 140 1 159 1 161 1 162 1 167 1 169 1 176 1 180 1 181 1 184 1 186 1 191 1 196 1
1 49 9 1 12 1 29 1 30 1 32 1 33 1 41 1 44 1 46 1 48 1 50 1 55 1 62 1 66 1 69 1 76 1 78 1 80 1 88 1 91 1 93 1 94 1 98 1 100 1 103 1 109 1 122 1 125 1 127 1 128 1 129 1 135 1 138 1 139 1 142 1 155 1 159 1 160 1 165 1 168 1 170 1 174 1 176 1 180 1 181 1 185 1 186 1 189 1 198 1
1 50 4 1 6 1 12 1 14 1 17 1 23 1 24 1 29 1 35 1 36 1 40 1 41 1 46 1 49 1 55 1 58 1 65 1 67 1 77 1 80 1 84 1 89 1 92 1 99 1 105 1 106 1 108 1 113 1 116 1 120 1 121 1 124 1 130 1 135 1 139 1 141 1 142 1 150 1 156 1 160 1 162 1 164 1 168 1 171 1 172 1 185 1 188 1 193 1 195 1 196 1
1 50 1 1 5 1 8 1 20 1 27 1 31 1 37 1 38 1 41 1 42 1 50 1 56 1 60 1 64 1 65 1 66 1 68 1 69 1 72 1 78 1 80 1 85 1 87 1 88 1 95 1 100 1 107 1 109 1 113 1 123 1 125 1 126 1 127 1 130 1 132 1 138 1 143 1 149 1 155 1 156 1 161 1 165 1 166 1 176 1 189 1 191 1 193 1 194 1 197 1 199 1
1 38 2 1 6 1 13 1 20 1 31 1 37 1 39 1 45 1 46 1 54 1 59 1 62 1 64 1 66 1 68 1 78 1 80 1 87 1 89 1 90 1 100 1 102 1 113 1 134 1 141 1 144 1 146 1 148 1 149 1 151 1 152 1 153 1 162 1 165 1 170 1 171 1 189 1 190 1
1 55 0 1 12 1 15 1 18 1 19 1 20 1 27 1 28 1 39 1 42 1 44 1 45 1 48 1 49 1 61 1 67 1 71 1 73 1 80 1 81 1 84 1 85 1 86 1 88 1 94 1 97 1 103 1 111 1 112 1 113 1 117 1 118 1 123 1 124 1 126 1 129 1 133 1 134 1 135 1 139 1 141 1 144 1 146 1 147 1 151 1 155 1 162 1 163 1 165 1 172 1 174 1 180 1 182 1 187 1 198 1
1 41 0 1 11 1 13 1 20 1 23 1 31 1 32 1 34 1 36 1 39 1 41 1 42 1 48 1 49 1 50 1 66 1 74 1 75 1 80 1 81 1 82 1 85 1 86 1 97 1 106 1 111 1 116 1 119 1 122 1 135 1 141 1 146 1 148 1 159 1 171 1 172 1 176 1 178 1 194 1 197 1 198 1
1 52 0 1 5 1 10 1 13 1 14 1 15 1 32 1 34 1 36 1 38 1 43 1 46 1 50 1 55 1 60 1 61 1 68 1 82 1 95 1 97 1 101 1 105 1 109 1 114 1 116 1 118 1 119 1 121 1 124 1 132 1 136 1 137 1 138 1 139 1 142 1 145 1 148 1 153 1 155 1 156 1 158 1 159 1 161 1 162 1 165 1 167 1 168 1 169 1 170 1 184 1 188 1 199 1
1 47 1 1 3 1 6 1 11 1 14 1 15 1 27 1 30 1 34 1 35 1 44 1 45 1 52 1 71 1 72 1 73 1 78 1 83 1 84 1 85 1 86 1 89 1 104 1 109 1 111 1 113 1 116 1 118 1 120 1 121 1 126 1 127 1 130 1 134 1 136 1 145 1 150 1 157 1 163 1 166 1 170 1 178 1 182 1 184 1 187 1 195 1 198 1
1 46 1 1 5 1 6 1 16 1 21 1 23 1 28 1 33 1 37 1 41 1 46 1 47 1 49 1 53 1 63 1 66 1 76 1 84 1 86 1 89 1 93 1 95 1 97 1 100 1 104 1 111 1 112 1 116 1 118 1 143 1 148 1 152 1 158 1 160 1 163 1 166 1 171 1 176 1 178 1 179 1 181 1 184 1 188 1 191 1 194 1 196 1
1 60 4 1 7 1 10 1 11 1 12 1 13 1 19 1 27 1 29 1 37 1 43 1 44 1 45 1 47 1 48 1 49 1 56 1 58 1 59 1 63 1 66 1 68 1 71 1 72 1 73 1 77 1 78 1 80 1 81 1 84 1 90 1 91 1 101 1 102 1 105 1 114 1 126 1 127 1 128 1 129 1 132 1 140 1 142 1 145 1 147 1 150 1 152 1 153 1 155 1 156 1 160 1 165 1 167 1 170 1 173 1 178 1 182 1 191 1 197 1 199 1
1 40 0 1 2 1 10 1 18 1 19 1 24 1 36 1 39 1 48 1 51 1 54 1 57 1 62 1 70 1 75 1 77 1 81 1 88 1 89 1 90 1 91 1 94 1 99 1 101 1 111 1 116 1 120 1 122 1 128 1 144 1 145 1 146 1 150 1 151 1 154 1 159 1 173 1 185 1 191 1 198 1
1 44 8 1 11 1 15 1 22 1 24 1 32 1 35 1 37 1 38 1 57 1 62 1 63 1 65 1 67 1 69 1 70 1 71 1 73 1 74 1 75 1 90 1 104 1 106 1 109 1 113 1 114 1 119 1 131 1 133 1 135 1 138 1 157 1 160 1 163 1 164 1 169 1 171 1 176 1 181 1 183 1 192 1 194 1 196 1 198 1
1 38 9 1 22 1 33 1 39 1 42 1 45 1 53 1 55 1 56 1 57 1 58 1 67 1 70 1 74 1 75 1 78 1 82 1 89 1 94 1 117 1 129 1 132 1 137 1 149 1 153 1 155 1 166 1 167 1 169 1 170 1 172 1 179 1 184 1 188 1 190 1 191 1 198 1 199 1
1 38 6 1 7 1 16 1 23 1 24 1 28 1 30 1 32 1 51 1 54 1 55 1 61 1 70 1 76 1 82 1 88 1 92 1 102 1 103 1 113 1 118 1 120 1 129 1 131 1 132 1 134 1 141 1 144 1 148 1 163 1 166 1 169 1 171 1 174 1 180 1 182 1 184 1 185 1
1 34 1 1 9 1 14 1 18 1 26 1 36 1 42 1 45 1 46 1 51 1 59 1 60 1 70 1 77 1 92 1 100 1 109 1 112 1 121 1 128 1 130 1 135 1 139 1 145 1 146 1 158 1 169 1 170 1 172 1 175 1 183 1 189 1 190 1 192 1
1 39 13 1 15 1 16 1 27 1 28 1 30 1 34 1 35 1 36 1 42 1 43 1 47 1 49 1 54 1 58 1 59 1 68 1 71 1 73 1 92 1 100 1 107 1 108 1 110 1 111 1 119 1 120 1 134 1 135 1 140 1 142 1 164 1 165 1 176 1 177 1 184 1 187 1 189 1 193 1
1 49 3 1 5 1 7 1 14 1 25 1 30 1 41 1 42 1 48 1 49 1 50 1 54 1 56 1 63 1 64 1 67 1 71 1 78 1 86 1 88 1 89 1 91 1 92 1 104 1 114 1 118 1 120 1 126 1 127 1 130 1 141 1 144 1 148 1 150 1 154 1 164 1 176 1 177 1 178 1 180 1 181 1 182 1 185 1 186 1 187 1 194 1 195 1 196 1 198 1
1 40 4 1 10 1 12 1 16 1 17 1 18 1 19 1 21 1 24 1 29 1 31 1 39 1 40 1 53 1 59 1 63 1 65 1 68 1 72 1 77 1 84 1 89 1 92 1 95 1 102 1 104 1 113 1 119 1 120 1 122 1 126 1 132 1 135 1 144 1 159 1 166 1 180 1 189 1 191 1 192 1
incumbent 1
0 1 0 0 0 0 0 0 0 0 0 0 0 0 0 0 0 0 0 0 0 0 0 0 0 0 0 0 0 0 0 0 0 0 0 0 0 0 0 0 0 0 0 0 0 0 0 0 0 0 0 0 0 0 0 0 0 0 0 0 0 0 0 0 0 0 0 1 0 0 0 0 0 0 0 0 0 0 0 0 0 0 0 0 0 0 0 0 0 0 0 0 0 0 0 0 0 0 1 0 0 0 0 0 0 1 1 0 0 0 0 0 0 0 0 0 0 0 0 0 1 0 0 0 0 0 0 0 0 0 0 0 0 1 0 0 0 0 0 0 0 0 0 0 0 0 0 0 0 1 0 0 0 0 1 0 0 0 0 0 0 0 0 0 0 0 0 0 0 0 0 0 0 0 0 0 0 0 0 0 0 0 0 0 0 0 0 0 0 0 0 0 1 0 0 0 0 0 0 0
