200 1234
-17 -15 -3 -6 -9 -12 -23 -10 -19 -5 -12 -24 -11 -14 -14 -20 -13 -9 -20 -13 -19 -3 -23 -23 -15 -7 -30 -30 -15 -13 -13 -10 -21 -25 -5 -12 -13 -16 -8 -17 -2 -13 -7 -28 -9 -28 -8 -23 -24 -11 -15 -23 -23 -5 -29 -21 -24 -7 -13 -26 -25 -1 -12 -28 -16 -8 -16 -25 -23 -7 -27 -13 -8 -23 -17 -14 -17 -21 -24 -5 -19 -16 -11 -14 -28 -17 -6 -10 -12 -27 -16 -5 -3 -14 -10 -9 -29 -27 -6 -22 -8 -20 -30 -16 -10 -4 -27 -29 -7 -20 -22 -25 -6 -21 -12 -30 -23 -20 -24 -20 -12 -10 -19 -15 -5 -19 -12 -12 -17 -15 -12 -25 -10 -26 -9 -4 -20 -18 -8 -16 -17 -27 -15 -16 -16 -2 -6 -2 -12 -11 -20 -10 -15 -18 -14 -25 -8 -20 -20 -4 -23 -13 -12 -9 -16 -22 -26 -22 -27 -1 -12 -23 -7 -21 -13 -1 -9 -8 -21 -21 -8 -23 -16 -5 -30 -4 -10 -25 -22 -17 -10 -3 -15 -1 -21 -23 -10 -15 -4 -2
-1 2 0 -1 4 -1
-1 2 0 -1 14 -1
-1 2 0 -1 20 -1
-1 2 0 -1 21 -1
-1 2 0 -1 38 -1
-1 2 0 -1 66 -1
-1 2 0 -1 90 -1
-1 2 0 -1 105 -1
-1 2 0 -1 108 -1
-1 2 0 -1 111 -1
-1 2 0 -1 113 -1
-1 2 0 -1 135 -1
-1 2 0 -1 138 -1
-1 2 0 -1 142 -1
-1 2 1 -1 36 -1
-1 2 1 -1 63 -1
-1 2 1 -1 66 -1
-1 2 1 -1 72 -1
-1 2 1 -1 80 -1
-1 2 1 -1 104 -1
-1 2 1 -1 106 -1
-1 2 1 -1 113 -1
-1 2 1 -1 115 -1
-1 2 1 -1 119 -1
-1 2 1 -1 120 -1
-1 2 1 -1 129 -1
-1 2 1 -1 138 -1
-1 2 1 -1 143 -1
-1 2 1 -1 190 -1
-1 2 1 -1 197 -1
-1 2 2 -1 11 -1
-1 2 2 -1 12 -1
-1 2 2 -1 20 -1
-1 2 2 -1 51 -1
-1 2 2 -1 69 -1
-1 2 2 -1 105 -1
-1 2 2 -1 121 -1
-1 2 2 -1 124 -1
-1 2 2 -1 129 -1
-1 2 2 -1 130 -1
-1 2 2 -1 141 -1
-1 2 2 -1 162 -1
-1 2 2 -1 171 -1
-1 2 3 -1 4 -1
-1 2 3 -1 12 -1
-1 2 3 -1 26 -1
-1 2 3 -1 64 -1
-1 2 3 -1 67 -1
-1 2 3 -1 69 -1
-1 2 3 -1 71 -1
-1 2 3 -1 72 -1
-1 2 3 -1 91 -1
-1 2 3 -1 112 -1
-1 2 3 -1 133 -1
-1 2 3 -1 177 -1
-1 2 3 -1 181 -1
-1 2 3 -1 189 -1
-1 2 3 -1 190 -1
-1 2 4 -1 24 -1
-1 2 4 -1 40 -1
-1 2 4 -1 49 -1
-1 2 4 -1 88 -1
-1 2 4 -1 98 -1
-1 2 4 -1 127 -1
-1 2 4 -1 128 -1
-1 2 4 -1 130 -1
-1 2 4 -1 131 -1
-1 2 4 -1 174 -1
-1 2 4 -1 187 -1
-1 2 4 -1 191 -1
-1 2 5 -1 22 -1
-1 2 5 -1 29 -1
-1 2 5 -1 86 -1
-1 2 5 -1 134 -1
-1 2 5 -1 137 -1
-1 2 5 -1 183 -1
-1 2 5 -1 187 -1
-1 2 6 -1 17 -1
-1 2 6 -1 38 -1
-1 2 6 -1 40 -1
-1 2 6 -1 42 -1
-1 2 6 -1 61 -1
-1 2 6 -1 63 -1
-1 2 6 -1 78 -1
-1 2 6 -1 90 -1
-1 2 6 -1 104 -1
-1 2 6 -1 109 -1
-1 2 6 -1 136 -1
-1 2 6 -1 181 -1
-1 2 7 -1 28 -1
-1 2 7 -1 30 -1
-1 2 7 -1 45 -1
-1 2 7 -1 70 -1
-1 2 7 -1 73 -1
-1 2 7 -1 101 -1
-1 2 7 -1 121 -1
-1 2 7 -1 143 -1
-1 2 7 -1 156 -1
-1 2 7 -1 158 -1
-1 2 8 -1 14 -1
-1 2 8 -1 30 -1
-1 2 8 -1 34 -1
-1 2 8 -1 59 -1
-1 2 8 -1 61 -1
-1 2 8 -1 68 -1
-1 2 8 -1 76 -1
-1 2 8 -1 83 -1
-1 2 8 -1 91 -1
-1 2 8 -1 94 -1
-1 2 8 -1 110 -1
-1 2 8 -1 118 -1
-1 2 8 -1 142 -1
-1 2 8 -1 161 -1
-1 2 8 -1 163 -1
-1 2 8 -1 197 -1
-1 2 9 -1 17 -1
-1 2 9 -1 65 -1
-1 2 9 -1 68 -1
-1 2 9 -1 69 -1
-1 2 9 -1 83 -1
-1 2 9 -1 107 -1
-1 2 9 -1 130 -1
-1 2 9 -1 134 -1
-1 2 9 -1 136 -1
-1 2 9 -1 139 -1
-1 2 9 -1 179 -1
-1 2 10 -1 13 -1
-1 2 10 -1 15 -1
-1 2 10 -1 28 -1
-1 2 10 -1 58 -1
-1 2 10 -1 75 -1
-1 2 10 -1 80 -1
-1 2 10 -1 118 -1
-1 2 10 -1 126 -1
-1 2 10 -1 131 -1
-1 2 10 -1 143 -1
-1 2 10 -1 170 -1
-1 2 10 -1 172 -1
-1 2 10 -1 179 -1
-1 2 11 -1 14 -1
-1 2 11 -1 35 -1
-1 2 11 -1 38 -1
-1 2 11 -1 56 -1
-1 2 11 -1 65 -1
-1 2 11 -1 100 -1
-1 2 11 -1 106 -1
-1 2 11 -1 120 -1
-1 2 11 -1 123 -1
-1 2 11 -1 138 -1
-1 2 11 -1 151 -1
-1 2 11 -1 160 -1
-1 2 11 -1 167 -1
-1 2 12 -1 56 -1
-1 2 12 -1 57 -1
-1 2 12 -1 69 -1
-1 2 12 -1 103 -1
-1 2 12 -1 123 -1
-1 2 12 -1 135 -1
-1 2 12 -1 171 -1
-1 2 12 -1 181 -1
-1 2 12 -1 188 -1
-1 2 13 -1 17 -1
-1 2 13 -1 38 -1
-1 2 13 -1 45 -1
-1 2 13 -1 48 -1
-1 2 13 -1 49 -1
-1 2 13 -1 58 -1
-1 2 13 -1 64 -1
-1 2 13 -1 68 -1
-1 2 13 -1 77 -1
-1 2 13 -1 103 -1
-1 2 13 -1 123 -1
-1 2 13 -1 124 -1
-1 2 13 -1 130 -1
-1 2 13 -1 142 -1
-1 2 13 -1 148 -1
-1 2 13 -1 156 -1
-1 2 13 -1 166 -1
-1 2 13 -1 173 -1
-1 2 13 -1 174 -1
-1 2 13 -1 188 -1
-1 2 14 -1 55 -1
-1 2 14 -1 64 -1
-1 2 14 -1 111 -1
-1 2 14 -1 160 -1
-1 2 14 -1 178 -1
-1 2 14 -1 197 -1
-1 2 15 -1 25 -1
-1 2 15 -1 36 -1
-1 2 15 -1 39 -1
-1 2 15 -1 126 -1
-1 2 15 -1 129 -1
-1 2 15 -1 160 -1
-1 2 15 -1 163 -1
-1 2 15 -1 172 -1
-1 2 15 -1 195 -1
-1 2 15 -1 199 -1
-1 2 16 -1 20 -1
-1 2 16 -1 22 -1
-1 2 16 -1 28 -1
-1 2 16 -1 35 -1
-1 2 16 -1 51 -1
-1 2 16 -1 53 -1
-1 2 16 -1 73 -1
-1 2 16 -1 75 -1
-1 2 16 -1 76 -1
-1 2 16 -1 79 -1
-1 2 16 -1 92 -1
-1 2 16 -1 93 -1
-1 2 16 -1 94 -1
-1 2 16 -1 111 -1
-1 2 16 -1 119 -1
-1 2 16 -1 131 -1
-1 2 16 -1 147 -1
-1 2 16 -1 156 -1
-1 2 16 -1 184 -1
-1 2 17 -1 26 -1
-1 2 17 -1 33 -1
-1 2 17 -1 44 -1
-1 2 17 -1 75 -1
-1 2 17 -1 104 -1
-1 2 17 -1 108 -1
-1 2 17 -1 120 -1
-1 2 17 -1 163 -1
-1 2 17 -1 199 -1
-1 2 18 -1 29 -1
-1 2 18 -1 51 -1
-1 2 18 -1 69 -1
-1 2 18 -1 94 -1
-1 2 18 -1 95 -1
-1 2 18 -1 144 -1
-1 2 18 -1 163 -1
-1 2 18 -1 164 -1
-1 2 18 -1 169 -1
-1 2 18 -1 176 -1
-1 2 18 -1 198 -1
-1 2 19 -1 23 -1
-1 2 19 -1 56 -1
-1 2 19 -1 59 -1
-1 2 19 -1 88 -1
-1 2 19 -1 110 -1
-1 2 19 -1 131 -1
-1 2 19 -1 143 -1
-1 2 19 -1 153 -1
-1 2 19 -1 160 -1
-1 2 19 -1 191 -1
-1 2 20 -1 60 -1
-1 2 20 -1 81 -1
-1 2 20 -1 105 -1
-1 2 20 -1 106 -1
-1 2 20 -1 109 -1
-1 2 20 -1 118 -1
-1 2 20 -1 148 -1
-1 2 20 -1 161 -1
-1 2 20 -1 165 -1
-1 2 20 -1 175 -1
-1 2 20 -1 177 -1
-1 2 20 -1 193 -1
-1 2 21 -1 72 -1
-1 2 21 -1 73 -1
-1 2 21 -1 78 -1
-1 2 21 -1 90 -1
-1 2 21 -1 95 -1
-1 2 21 -1 128 -1
-1 2 21 -1 167 -1
-1 2 21 -1 174 -1
-1 2 21 -1 193 -1
-1 2 21 -1 195 -1
-1 2 22 -1 51 -1
-1 2 22 -1 52 -1
-1 2 22 -1 58 -1
-1 2 22 -1 60 -1
-1 2 22 -1 65 -1
-1 2 22 -1 92 -1
-1 2 22 -1 123 -1
-1 2 22 -1 124 -1
-1 2 22 -1 161 -1
-1 2 22 -1 183 -1
-1 2 23 -1 59 -1
-1 2 23 -1 120 -1
-1 2 23 -1 122 -1
-1 2 23 -1 127 -1
-1 2 23 -1 178 -1
-1 2 23 -1 179 -1
-1 2 24 -1 40 -1
-1 2 24 -1 52 -1
-1 2 24 -1 54 -1
-1 2 24 -1 82 -1
-1 2 24 -1 109 -1
-1 2 24 -1 137 -1
-1 2 24 -1 176 -1
-1 2 24 -1 199 -1
-1 2 25 -1 51 -1
-1 2 25 -1 53 -1
-1 2 25 -1 77 -1
-1 2 25 -1 102 -1
-1 2 25 -1 129 -1
-1 2 25 -1 132 -1
-1 2 25 -1 150 -1
-1 2 25 -1 151 -1
-1 2 25 -1 161 -1
-1 2 25 -1 171 -1
-1 2 25 -1 177 -1
-1 2 26 -1 50 -1
-1 2 26 -1 76 -1
-1 2 26 -1 85 -1
-1 2 26 -1 92 -1
-1 2 26 -1 124 -1
-1 2 27 -1 30 -1
-1 2 27 -1 37 -1
-1 2 27 -1 64 -1
-1 2 27 -1 153 -1
-1 2 27 -1 179 -1
-1 2 27 -1 190 -1
-1 2 28 -1 31 -1
-1 2 28 -1 44 -1
-1 2 28 -1 46 -1
-1 2 28 -1 58 -1
-1 2 28 -1 64 -1
-1 2 28 -1 80 -1
-1 2 28 -1 81 -1
-1 2 28 -1 84 -1
-1 2 28 -1 89 -1
-1 2 28 -1 91 -1
-1 2 28 -1 139 -1
-1 2 28 -1 160 -1
-1 2 28 -1 190 -1
-1 2 29 -1 46 -1
-1 2 29 -1 51 -1
-1 2 29 -1 62 -1
-1 2 29 -1 69 -1
-1 2 29 -1 86 -1
-1 2 29 -1 89 -1
-1 2 29 -1 127 -1
-1 2 29 -1 128 -1
-1 2 29 -1 134 -1
-1 2 29 -1 137 -1
-1 2 29 -1 163 -1
-1 2 29 -1 178 -1
-1 2 29 -1 189 -1
-1 2 29 -1 196 -1
-1 2 30 -1 59 -1
-1 2 30 -1 66 -1
-1 2 30 -1 67 -1
-1 2 30 -1 74 -1
-1 2 30 -1 83 -1
-1 2 30 -1 96 -1
-1 2 30 -1 97 -1
-1 2 30 -1 112 -1
-1 2 30 -1 127 -1
-1 2 30 -1 144 -1
-1 2 30 -1 176 -1
-1 2 30 -1 183 -1
-1 2 31 -1 36 -1
-1 2 31 -1 38 -1
-1 2 31 -1 40 -1
-1 2 31 -1 49 -1
-1 2 31 -1 56 -1
-1 2 31 -1 58 -1
-1 2 31 -1 100 -1
-1 2 31 -1 102 -1
-1 2 31 -1 105 -1
-1 2 31 -1 106 -1
-1 2 31 -1 110 -1
-1 2 31 -1 112 -1
-1 2 31 -1 131 -1
-1 2 31 -1 137 -1
-1 2 31 -1 157 -1
-1 2 31 -1 160 -1
-1 2 32 -1 35 -1
-1 2 32 -1 37 -1
-1 2 32 -1 40 -1
-1 2 32 -1 71 -1
-1 2 32 -1 88 -1
-1 2 32 -1 90 -1
-1 2 32 -1 91 -1
-1 2 32 -1 92 -1
-1 2 32 -1 106 -1
-1 2 32 -1 109 -1
-1 2 32 -1 129 -1
-1 2 32 -1 138 -1
-1 2 32 -1 142 -1
-1 2 32 -1 144 -1
-1 2 32 -1 150 -1
-1 2 32 -1 157 -1
-1 2 32 -1 164 -1
-1 2 32 -1 178 -1
-1 2 32 -1 183 -1
-1 2 33 -1 53 -1
-1 2 33 -1 62 -1
-1 2 33 -1 68 -1
-1 2 33 -1 90 -1
-1 2 33 -1 101 -1
-1 2 33 -1 115 -1
-1 2 33 -1 119 -1
-1 2 33 -1 123 -1
-1 2 33 -1 126 -1
-1 2 33 -1 134 -1
-1 2 33 -1 135 -1
-1 2 33 -1 197 -1
-1 2 34 -1 35 -1
-1 2 34 -1 63 -1
-1 2 34 -1 75 -1
-1 2 34 -1 82 -1
-1 2 34 -1 92 -1
-1 2 34 -1 110 -1
-1 2 34 -1 153 -1
-1 2 34 -1 167 -1
-1 2 34 -1 176 -1
-1 2 35 -1 50 -1
-1 2 35 -1 52 -1
-1 2 35 -1 89 -1
-1 2 35 -1 97 -1
-1 2 35 -1 98 -1
-1 2 35 -1 114 -1
-1 2 35 -1 121 -1
-1 2 35 -1 128 -1
-1 2 35 -1 195 -1
-1 2 36 -1 38 -1
-1 2 36 -1 103 -1
-1 2 36 -1 106 -1
-1 2 36 -1 145 -1
-1 2 36 -1 158 -1
-1 2 36 -1 175 -1
-1 2 36 -1 181 -1
-1 2 36 -1 186 -1
-1 2 37 -1 53 -1
-1 2 37 -1 62 -1
-1 2 37 -1 72 -1
-1 2 37 -1 97 -1
-1 2 37 -1 108 -1
-1 2 37 -1 141 -1
-1 2 37 -1 142 -1
-1 2 37 -1 176 -1
-1 2 37 -1 178 -1
-1 2 37 -1 192 -1
-1 2 37 -1 199 -1
-1 2 38 -1 44 -1
-1 2 38 -1 56 -1
-1 2 38 -1 67 -1
-1 2 38 -1 87 -1
-1 2 38 -1 109 -1
-1 2 38 -1 146 -1
-1 2 38 -1 155 -1
-1 2 38 -1 166 -1
-1 2 38 -1 178 -1
-1 2 39 -1 81 -1
-1 2 39 -1 92 -1
-1 2 39 -1 115 -1
-1 2 39 -1 134 -1
-1 2 39 -1 148 -1
-1 2 39 -1 154 -1
-1 2 39 -1 181 -1
-1 2 39 -1 187 -1
-1 2 40 -1 42 -1
-1 2 40 -1 60 -1
-1 2 40 -1 88 -1
-1 2 40 -1 126 -1
-1 2 40 -1 127 -1
-1 2 40 -1 148 -1
-1 2 40 -1 160 -1
-1 2 41 -1 50 -1
-1 2 41 -1 61 -1
-1 2 41 -1 78 -1
-1 2 41 -1 98 -1
-1 2 41 -1 101 -1
-1 2 41 -1 134 -1
-1 2 41 -1 142 -1
-1 2 41 -1 154 -1
-1 2 41 -1 176 -1
-1 2 41 -1 197 -1
-1 2 42 -1 56 -1
-1 2 42 -1 64 -1
-1 2 42 -1 111 -1
-1 2 43 -1 44 -1
-1 2 43 -1 52 -1
-1 2 43 -1 57 -1
-1 2 43 -1 59 -1
-1 2 43 -1 80 -1
-1 2 43 -1 88 -1
-1 2 43 -1 138 -1
-1 2 43 -1 171 -1
-1 2 43 -1 183 -1
-1 2 44 -1 72 -1
-1 2 44 -1 102 -1
-1 2 44 -1 123 -1
-1 2 44 -1 156 -1
-1 2 45 -1 78 -1
-1 2 45 -1 107 -1
-1 2 45 -1 114 -1
-1 2 45 -1 125 -1
-1 2 45 -1 137 -1
-1 2 45 -1 164 -1
-1 2 45 -1 182 -1
-1 2 46 -1 52 -1
-1 2 46 -1 85 -1
-1 2 46 -1 89 -1
-1 2 46 -1 99 -1
-1 2 46 -1 134 -1
-1 2 46 -1 145 -1
-1 2 46 -1 160 -1
-1 2 46 -1 188 -1
-1 2 46 -1 198 -1
-1 2 47 -1 49 -1
-1 2 47 -1 78 -1
-1 2 47 -1 133 -1
-1 2 47 -1 145 -1
-1 2 47 -1 150 -1
-1 2 47 -1 154 -1
-1 2 47 -1 173 -1
-1 2 48 -1 49 -1
-1 2 48 -1 67 -1
-1 2 48 -1 75 -1
-1 2 48 -1 77 -1
-1 2 48 -1 126 -1
-1 2 48 -1 138 -1
-1 2 48 -1 166 -1
-1 2 49 -1 53 -1
-1 2 49 -1 61 -1
-1 2 49 -1 121 -1
-1 2 49 -1 144 -1
-1 2 49 -1 157 -1
-1 2 49 -1 198 -1
-1 2 50 -1 71 -1
-1 2 50 -1 77 -1
-1 2 50 -1 79 -1
-1 2 50 -1 88 -1
-1 2 50 -1 89 -1
-1 2 50 -1 108 -1
-1 2 50 -1 132 -1
-1 2 50 -1 133 -1
-1 2 50 -1 143 -1
-1 2 50 -1 146 -1
-1 2 50 -1 155 -1
-1 2 50 -1 157 -1
-1 2 50 -1 191 -1
-1 2 50 -1 195 -1
-1 2 51 -1 72 -1
-1 2 51 -1 79 -1
-1 2 51 -1 86 -1
-1 2 51 -1 91 -1
-1 2 51 -1 113 -1
-1 2 51 -1 162 -1
-1 2 51 -1 173 -1
-1 2 51 -1 184 -1
-1 2 51 -1 185 -1
-1 2 52 -1 54 -1
-1 2 52 -1 55 -1
-1 2 52 -1 63 -1
-1 2 52 -1 69 -1
-1 2 52 -1 87 -1
-1 2 52 -1 93 -1
-1 2 52 -1 97 -1
-1 2 52 -1 106 -1
-1 2 52 -1 135 -1
-1 2 52 -1 137 -1
-1 2 52 -1 177 -1
-1 2 52 -1 188 -1
-1 2 53 -1 81 -1
-1 2 53 -1 85 -1
-1 2 53 -1 105 -1
-1 2 53 -1 115 -1
-1 2 53 -1 127 -1
-1 2 53 -1 128 -1
-1 2 53 -1 142 -1
-1 2 53 -1 151 -1
-1 2 53 -1 156 -1
-1 2 53 -1 182 -1
-1 2 54 -1 67 -1
-1 2 54 -1 122 -1
-1 2 54 -1 144 -1
-1 2 54 -1 173 -1
-1 2 54 -1 186 -1
-1 2 54 -1 189 -1
-1 2 55 -1 126 -1
-1 2 55 -1 134 -1
-1 2 55 -1 161 -1
-1 2 55 -1 184 -1
-1 2 56 -1 68 -1
-1 2 56 -1 102 -1
-1 2 56 -1 109 -1
-1 2 56 -1 197 -1
-1 2 57 -1 73 -1
-1 2 57 -1 77 -1
-1 2 57 -1 119 -1
-1 2 57 -1 126 -1
-1 2 57 -1 135 -1
-1 2 57 -1 144 -1
-1 2 57 -1 156 -1
-1 2 57 -1 166 -1
-1 2 57 -1 182 -1
-1 2 57 -1 185 -1
-1 2 58 -1 62 -1
-1 2 58 -1 76 -1
-1 2 58 -1 112 -1
-1 2 58 -1 119 -1
-1 2 58 -1 131 -1
-1 2 58 -1 136 -1
-1 2 58 -1 141 -1
-1 2 58 -1 165 -1
-1 2 59 -1 61 -1
-1 2 59 -1 97 -1
-1 2 59 -1 131 -1
-1 2 59 -1 156 -1
-1 2 59 -1 172 -1
-1 2 59 -1 182 -1
-1 2 59 -1 193 -1
-1 2 60 -1 98 -1
-1 2 60 -1 102 -1
-1 2 60 -1 104 -1
-1 2 60 -1 108 -1
-1 2 60 -1 119 -1
-1 2 60 -1 147 -1
-1 2 60 -1 168 -1
-1 2 60 -1 198 -1
-1 2 61 -1 67 -1
-1 2 61 -1 83 -1
-1 2 61 -1 103 -1
-1 2 61 -1 106 -1
-1 2 61 -1 137 -1
-1 2 61 -1 153 -1
-1 2 61 -1 164 -1
-1 2 61 -1 174 -1
-1 2 61 -1 183 -1
-1 2 62 -1 66 -1
-1 2 62 -1 67 -1
-1 2 62 -1 75 -1
-1 2 62 -1 76 -1
-1 2 62 -1 86 -1
-1 2 62 -1 104 -1
-1 2 62 -1 119 -1
-1 2 62 -1 137 -1
-1 2 62 -1 144 -1
-1 2 62 -1 150 -1
-1 2 62 -1 158 -1
-1 2 62 -1 161 -1
-1 2 62 -1 193 -1
-1 2 63 -1 69 -1
-1 2 63 -1 70 -1
-1 2 63 -1 76 -1
-1 2 63 -1 81 -1
-1 2 63 -1 103 -1
-1 2 63 -1 106 -1
-1 2 63 -1 111 -1
-1 2 63 -1 135 -1
-1 2 63 -1 151 -1
-1 2 64 -1 79 -1
-1 2 64 -1 80 -1
-1 2 64 -1 103 -1
-1 2 64 -1 110 -1
-1 2 64 -1 115 -1
-1 2 64 -1 120 -1
-1 2 64 -1 124 -1
-1 2 64 -1 126 -1
-1 2 64 -1 154 -1
-1 2 64 -1 167 -1
-1 2 65 -1 69 -1
-1 2 65 -1 79 -1
-1 2 65 -1 107 -1
-1 2 65 -1 123 -1
-1 2 65 -1 152 -1
-1 2 65 -1 167 -1
-1 2 65 -1 171 -1
-1 2 65 -1 183 -1
-1 2 65 -1 185 -1
-1 2 66 -1 77 -1
-1 2 66 -1 89 -1
-1 2 66 -1 112 -1
-1 2 66 -1 130 -1
-1 2 66 -1 131 -1
-1 2 66 -1 133 -1
-1 2 66 -1 135 -1
-1 2 66 -1 138 -1
-1 2 66 -1 159 -1
-1 2 66 -1 192 -1
-1 2 67 -1 84 -1
-1 2 67 -1 101 -1
-1 2 67 -1 115 -1
-1 2 67 -1 136 -1
-1 2 67 -1 145 -1
-1 2 67 -1 146 -1
-1 2 67 -1 176 -1
-1 2 68 -1 90 -1
-1 2 68 -1 94 -1
-1 2 68 -1 117 -1
-1 2 68 -1 128 -1
-1 2 68 -1 148 -1
-1 2 68 -1 149 -1
-1 2 68 -1 154 -1
-1 2 68 -1 197 -1
-1 2 69 -1 72 -1
-1 2 69 -1 79 -1
-1 2 69 -1 96 -1
-1 2 69 -1 115 -1
-1 2 69 -1 123 -1
-1 2 69 -1 126 -1
-1 2 69 -1 137 -1
-1 2 69 -1 153 -1
-1 2 69 -1 158 -1
-1 2 69 -1 162 -1
-1 2 69 -1 168 -1
-1 2 69 -1 171 -1
-1 2 70 -1 81 -1
-1 2 70 -1 86 -1
-1 2 70 -1 99 -1
-1 2 70 -1 116 -1
-1 2 70 -1 183 -1
-1 2 71 -1 80 -1
-1 2 71 -1 82 -1
-1 2 71 -1 108 -1
-1 2 71 -1 134 -1
-1 2 71 -1 138 -1
-1 2 71 -1 140 -1
-1 2 71 -1 147 -1
-1 2 71 -1 164 -1
-1 2 71 -1 165 -1
-1 2 71 -1 168 -1
-1 2 72 -1 75 -1
-1 2 72 -1 102 -1
-1 2 72 -1 116 -1
-1 2 72 -1 154 -1
-1 2 72 -1 189 -1
-1 2 73 -1 81 -1
-1 2 73 -1 118 -1
-1 2 73 -1 119 -1
-1 2 73 -1 121 -1
-1 2 73 -1 144 -1
-1 2 73 -1 158 -1
-1 2 73 -1 180 -1
-1 2 74 -1 96 -1
-1 2 74 -1 105 -1
-1 2 74 -1 141 -1
-1 2 74 -1 159 -1
-1 2 74 -1 164 -1
-1 2 74 -1 179 -1
-1 2 74 -1 193 -1
-1 2 75 -1 76 -1
-1 2 75 -1 80 -1
-1 2 75 -1 84 -1
-1 2 75 -1 103 -1
-1 2 75 -1 125 -1
-1 2 75 -1 179 -1
-1 2 76 -1 84 -1
-1 2 76 -1 104 -1
-1 2 76 -1 136 -1
-1 2 76 -1 140 -1
-1 2 76 -1 142 -1
-1 2 76 -1 151 -1
-1 2 77 -1 90 -1
-1 2 77 -1 105 -1
-1 2 77 -1 108 -1
-1 2 77 -1 143 -1
-1 2 77 -1 146 -1
-1 2 77 -1 169 -1
-1 2 77 -1 170 -1
-1 2 78 -1 80 -1
-1 2 78 -1 85 -1
-1 2 78 -1 87 -1
-1 2 78 -1 103 -1
-1 2 78 -1 105 -1
-1 2 78 -1 109 -1
-1 2 78 -1 117 -1
-1 2 78 -1 131 -1
-1 2 78 -1 132 -1
-1 2 78 -1 145 -1
-1 2 78 -1 156 -1
-1 2 78 -1 178 -1
-1 2 78 -1 186 -1
-1 2 78 -1 187 -1
-1 2 79 -1 106 -1
-1 2 79 -1 127 -1
-1 2 79 -1 156 -1
-1 2 79 -1 166 -1
-1 2 79 -1 197 -1
-1 2 80 -1 105 -1
-1 2 80 -1 155 -1
-1 2 80 -1 169 -1
-1 2 80 -1 177 -1
-1 2 80 -1 178 -1
-1 2 80 -1 182 -1
-1 2 80 -1 187 -1
-1 2 81 -1 85 -1
-1 2 81 -1 93 -1
-1 2 81 -1 98 -1
-1 2 81 -1 100 -1
-1 2 81 -1 113 -1
-1 2 81 -1 127 -1
-1 2 81 -1 172 -1
-1 2 81 -1 180 -1
-1 2 81 -1 184 -1
-1 2 82 -1 89 -1
-1 2 82 -1 105 -1
-1 2 82 -1 118 -1
-1 2 82 -1 137 -1
-1 2 82 -1 166 -1
-1 2 82 -1 177 -1
-1 2 83 -1 89 -1
-1 2 83 -1 102 -1
-1 2 83 -1 112 -1
-1 2 83 -1 119 -1
-1 2 83 -1 133 -1
-1 2 83 -1 136 -1
-1 2 83 -1 137 -1
-1 2 83 -1 138 -1
-1 2 83 -1 147 -1
-1 2 83 -1 155 -1
-1 2 83 -1 190 -1
-1 2 83 -1 191 -1
-1 2 84 -1 85 -1
-1 2 84 -1 86 -1
-1 2 84 -1 90 -1
-1 2 84 -1 95 -1
-1 2 84 -1 103 -1
-1 2 84 -1 104 -1
-1 2 84 -1 131 -1
-1 2 84 -1 133 -1
-1 2 84 -1 154 -1
-1 2 84 -1 155 -1
-1 2 84 -1 156 -1
-1 2 84 -1 162 -1
-1 2 84 -1 163 -1
-1 2 84 -1 166 -1
-1 2 84 -1 192 -1
-1 2 85 -1 114 -1
-1 2 85 -1 125 -1
-1 2 85 -1 128 -1
-1 2 85 -1 169 -1
-1 2 85 -1 179 -1
-1 2 86 -1 100 -1
-1 2 86 -1 102 -1
-1 2 86 -1 105 -1
-1 2 86 -1 121 -1
-1 2 86 -1 125 -1
-1 2 86 -1 139 -1
-1 2 86 -1 167 -1
-1 2 87 -1 95 -1
-1 2 87 -1 118 -1
-1 2 87 -1 120 -1
-1 2 87 -1 147 -1
-1 2 87 -1 165 -1
-1 2 87 -1 173 -1
-1 2 87 -1 183 -1
-1 2 88 -1 101 -1
-1 2 88 -1 114 -1
-1 2 88 -1 138 -1
-1 2 88 -1 183 -1
-1 2 88 -1 186 -1
-1 2 88 -1 198 -1
-1 2 89 -1 100 -1
-1 2 89 -1 106 -1
-1 2 89 -1 121 -1
-1 2 89 -1 126 -1
-1 2 89 -1 170 -1
-1 2 89 -1 187 -1
-1 2 89 -1 195 -1
-1 2 90 -1 108 -1
-1 2 90 -1 124 -1
-1 2 90 -1 180 -1
-1 2 91 -1 95 -1
-1 2 91 -1 101 -1
-1 2 91 -1 121 -1
-1 2 91 -1 122 -1
-1 2 91 -1 132 -1
-1 2 91 -1 142 -1
-1 2 91 -1 155 -1
-1 2 91 -1 164 -1
-1 2 91 -1 165 -1
-1 2 92 -1 104 -1
-1 2 92 -1 116 -1
-1 2 92 -1 117 -1
-1 2 92 -1 122 -1
-1 2 92 -1 124 -1
-1 2 92 -1 142 -1
-1 2 92 -1 144 -1
-1 2 92 -1 150 -1
-1 2 92 -1 171 -1
-1 2 92 -1 178 -1
-1 2 93 -1 103 -1
-1 2 93 -1 114 -1
-1 2 93 -1 129 -1
-1 2 93 -1 138 -1
-1 2 93 -1 142 -1
-1 2 93 -1 154 -1
-1 2 93 -1 156 -1
-1 2 93 -1 190 -1
-1 2 94 -1 98 -1
-1 2 94 -1 131 -1
-1 2 94 -1 138 -1
-1 2 94 -1 175 -1
-1 2 94 -1 191 -1
-1 2 94 -1 197 -1
-1 2 95 -1 113 -1
-1 2 95 -1 147 -1
-1 2 95 -1 179 -1
-1 2 95 -1 198 -1
-1 2 96 -1 110 -1
-1 2 96 -1 111 -1
-1 2 96 -1 122 -1
-1 2 96 -1 139 -1
-1 2 96 -1 145 -1
-1 2 96 -1 183 -1
-1 2 96 -1 197 -1
-1 2 97 -1 113 -1
-1 2 97 -1 128 -1
-1 2 97 -1 156 -1
-1 2 97 -1 159 -1
-1 2 97 -1 168 -1
-1 2 97 -1 179 -1
-1 2 97 -1 190 -1
-1 2 98 -1 100 -1
-1 2 98 -1 107 -1
-1 2 98 -1 114 -1
-1 2 98 -1 127 -1
-1 2 98 -1 136 -1
-1 2 98 -1 156 -1
-1 2 98 -1 191 -1
-1 2 99 -1 101 -1
-1 2 99 -1 109 -1
-1 2 99 -1 113 -1
-1 2 99 -1 125 -1
-1 2 99 -1 149 -1
-1 2 99 -1 153 -1
-1 2 99 -1 170 -1
-1 2 100 -1 109 -1
-1 2 100 -1 130 -1
-1 2 100 -1 133 -1
-1 2 100 -1 149 -1
-1 2 100 -1 152 -1
-1 2 100 -1 183 -1
-1 2 100 -1 188 -1
-1 2 100 -1 198 -1
-1 2 101 -1 103 -1
-1 2 101 -1 105 -1
-1 2 101 -1 148 -1
-1 2 101 -1 179 -1
-1 2 101 -1 181 -1
-1 2 101 -1 185 -1
-1 2 102 -1 122 -1
-1 2 102 -1 154 -1
-1 2 102 -1 160 -1
-1 2 102 -1 166 -1
-1 2 102 -1 176 -1
-1 2 102 -1 182 -1
-1 2 103 -1 139 -1
-1 2 103 -1 143 -1
-1 2 103 -1 152 -1
-1 2 103 -1 168 -1
-1 2 104 -1 124 -1
-1 2 104 -1 125 -1
-1 2 104 -1 134 -1
-1 2 104 -1 139 -1
-1 2 104 -1 143 -1
-1 2 104 -1 155 -1
-1 2 104 -1 195 -1
-1 2 104 -1 198 -1
-1 2 105 -1 118 -1
-1 2 105 -1 121 -1
-1 2 105 -1 145 -1
-1 2 105 -1 155 -1
-1 2 105 -1 171 -1
-1 2 105 -1 188 -1
-1 2 106 -1 118 -1
-1 2 106 -1 128 -1
-1 2 106 -1 133 -1
-1 2 106 -1 134 -1
-1 2 106 -1 150 -1
-1 2 106 -1 161 -1
-1 2 106 -1 164 -1
-1 2 106 -1 188 -1
-1 2 107 -1 113 -1
-1 2 107 -1 114 -1
-1 2 107 -1 117 -1
-1 2 107 -1 138 -1
-1 2 107 -1 149 -1
-1 2 107 -1 169 -1
-1 2 107 -1 189 -1
-1 2 107 -1 196 -1
-1 2 108 -1 116 -1
-1 2 108 -1 127 -1
-1 2 108 -1 129 -1
-1 2 108 -1 133 -1
-1 2 108 -1 135 -1
-1 2 108 -1 157 -1
-1 2 108 -1 166 -1
-1 2 108 -1 177 -1
-1 2 108 -1 195 -1
-1 2 108 -1 197 -1
-1 2 109 -1 113 -1
-1 2 109 -1 127 -1
-1 2 109 -1 137 -1
-1 2 109 -1 143 -1
-1 2 109 -1 158 -1
-1 2 109 -1 165 -1
-1 2 109 -1 174 -1
-1 2 109 -1 184 -1
-1 2 110 -1 155 -1
-1 2 110 -1 157 -1
-1 2 110 -1 179 -1
-1 2 111 -1 114 -1
-1 2 111 -1 122 -1
-1 2 111 -1 134 -1
-1 2 111 -1 136 -1
-1 2 111 -1 139 -1
-1 2 111 -1 159 -1
-1 2 111 -1 178 -1
-1 2 111 -1 179 -1
-1 2 113 -1 158 -1
-1 2 114 -1 161 -1
-1 2 115 -1 138 -1
-1 2 115 -1 148 -1
-1 2 115 -1 151 -1
-1 2 115 -1 182 -1
-1 2 116 -1 119 -1
-1 2 116 -1 135 -1
-1 2 116 -1 159 -1
-1 2 116 -1 161 -1
-1 2 116 -1 162 -1
-1 2 116 -1 195 -1
-1 2 117 -1 143 -1
-1 2 117 -1 152 -1
-1 2 117 -1 164 -1
-1 2 118 -1 136 -1
-1 2 118 -1 175 -1
-1 2 119 -1 122 -1
-1 2 119 -1 123 -1
-1 2 119 -1 130 -1
-1 2 119 -1 173 -1
-1 2 119 -1 191 -1
-1 2 120 -1 139 -1
-1 2 120 -1 149 -1
-1 2 120 -1 151 -1
-1 2 120 -1 153 -1
-1 2 120 -1 156 -1
-1 2 120 -1 164 -1
-1 2 120 -1 191 -1
-1 2 121 -1 122 -1
-1 2 121 -1 127 -1
-1 2 121 -1 163 -1
-1 2 121 -1 174 -1
-1 2 121 -1 182 -1
-1 2 121 -1 186 -1
-1 2 121 -1 196 -1
-1 2 121 -1 198 -1
-1 2 122 -1 127 -1
-1 2 122 -1 128 -1
-1 2 122 -1 157 -1
-1 2 122 -1 159 -1
-1 2 122 -1 164 -1
-1 2 122 -1 173 -1
-1 2 122 -1 176 -1
-1 2 122 -1 181 -1
-1 2 123 -1 134 -1
-1 2 123 -1 151 -1
-1 2 123 -1 176 -1
-1 2 124 -1 138 -1
-1 2 124 -1 144 -1
-1 2 124 -1 151 -1
-1 2 124 -1 180 -1
-1 2 124 -1 184 -1
-1 2 125 -1 128 -1
-1 2 125 -1 186 -1
-1 2 125 -1 187 -1
-1 2 125 -1 195 -1
-1 2 125 -1 196 -1
-1 2 126 -1 130 -1
-1 2 126 -1 149 -1
-1 2 126 -1 195 -1
-1 2 127 -1 180 -1
-1 2 128 -1 135 -1
-1 2 128 -1 157 -1
-1 2 128 -1 159 -1
-1 2 128 -1 181 -1
-1 2 128 -1 182 -1
-1 2 129 -1 153 -1
-1 2 129 -1 164 -1
-1 2 129 -1 173 -1
-1 2 130 -1 144 -1
-1 2 130 -1 147 -1
-1 2 130 -1 170 -1
-1 2 130 -1 179 -1
-1 2 130 -1 184 -1
-1 2 131 -1 136 -1
-1 2 131 -1 181 -1
-1 2 131 -1 184 -1
-1 2 131 -1 196 -1
-1 2 132 -1 154 -1
-1 2 132 -1 185 -1
-1 2 133 -1 155 -1
-1 2 133 -1 177 -1
-1 2 133 -1 179 -1
-1 2 133 -1 189 -1
-1 2 133 -1 195 -1
-1 2 133 -1 198 -1
-1 2 134 -1 135 -1
-1 2 134 -1 144 -1
-1 2 134 -1 153 -1
-1 2 134 -1 166 -1
-1 2 135 -1 153 -1
-1 2 135 -1 160 -1
-1 2 135 -1 162 -1
-1 2 135 -1 188 -1
-1 2 136 -1 173 -1
-1 2 136 -1 177 -1
-1 2 136 -1 195 -1
-1 2 137 -1 155 -1
-1 2 137 -1 157 -1
-1 2 137 -1 159 -1
-1 2 137 -1 165 -1
-1 2 137 -1 167 -1
-1 2 137 -1 175 -1
-1 2 137 -1 186 -1
-1 2 138 -1 157 -1
-1 2 138 -1 160 -1
-1 2 138 -1 167 -1
-1 2 139 -1 161 -1
-1 2 139 -1 171 -1
-1 2 139 -1 173 -1
-1 2 139 -1 186 -1
-1 2 139 -1 197 -1
-1 2 140 -1 158 -1
-1 2 140 -1 171 -1
-1 2 140 -1 192 -1
-1 2 141 -1 153 -1
-1 2 141 -1 164 -1
-1 2 142 -1 144 -1
-1 2 142 -1 145 -1
-1 2 142 -1 172 -1
-1 2 142 -1 174 -1
-1 2 142 -1 183 -1
-1 2 142 -1 192 -1
-1 2 142 -1 197 -1
-1 2 143 -1 144 -1
-1 2 143 -1 158 -1
-1 2 143 -1 184 -1
-1 2 144 -1 191 -1
-1 2 145 -1 168 -1
-1 2 145 -1 181 -1
-1 2 145 -1 192 -1
-1 2 145 -1 198 -1
-1 2 146 -1 153 -1
-1 2 146 -1 167 -1
-1 2 146 -1 168 -1
-1 2 146 -1 173 -1
-1 2 146 -1 182 -1
-1 2 146 -1 187 -1
-1 2 146 -1 190 -1
-1 2 146 -1 197 -1
-1 2 147 -1 148 -1
-1 2 147 -1 150 -1
-1 2 147 -1 151 -1
-1 2 147 -1 185 -1
-1 2 147 -1 188 -1
-1 2 149 -1 169 -1
-1 2 149 -1 172 -1
-1 2 149 -1 181 -1
-1 2 150 -1 156 -1
-1 2 150 -1 165 -1
-1 2 150 -1 189 -1
-1 2 150 -1 193 -1
-1 2 150 -1 197 -1
-1 2 150 -1 198 -1
-1 2 151 -1 180 -1
-1 2 151 -1 186 -1
-1 2 151 -1 189 -1
-1 2 151 -1 192 -1
-1 2 153 -1 178 -1
-1 2 153 -1 184 -1
-1 2 153 -1 198 -1
-1 2 154 -1 158 -1
-1 2 154 -1 162 -1
-1 2 154 -1 183 -1
-1 2 154 -1 189 -1
-1 2 155 -1 158 -1
-1 2 155 -1 167 -1
-1 2 155 -1 169 -1
-1 2 155 -1 192 -1
-1 2 156 -1 163 -1
-1 2 156 -1 172 -1
-1 2 156 -1 173 -1
-1 2 156 -1 180 -1
-1 2 156 -1 186 -1
-1 2 156 -1 192 -1
-1 2 156 -1 193 -1
-1 2 157 -1 165 -1
-1 2 157 -1 178 -1
-1 2 157 -1 189 -1
-1 2 158 -1 175 -1
-1 2 158 -1 189 -1
-1 2 159 -1 160 -1
-1 2 159 -1 180 -1
-1 2 159 -1 188 -1
-1 2 161 -1 185 -1
-1 2 162 -1 167 -1
-1 2 162 -1 193 -1
-1 2 162 -1 196 -1
-1 2 164 -1 189 -1
-1 2 164 -1 194 -1
-1 2 164 -1 196 -1
-1 2 165 -1 169 -1
-1 2 166 -1 179 -1
-1 2 166 -1 181 -1
-1 2 166 -1 197 -1
-1 2 167 -1 181 -1
-1 2 167 -1 188 -1
-1 2 167 -1 193 -1
-1 2 168 -1 177 -1
-1 2 168 -1 197 -1
-1 2 169 -1 170 -1
-1 2 169 -1 191 -1
-1 2 169 -1 198 -1
-1 2 170 -1 172 -1
-1 2 170 -1 180 -1
-1 2 170 -1 196 -1
-1 2 171 -1 181 -1
-1 2 171 -1 182 -1
-1 2 172 -1 186 -1
-1 2 172 -1 198 -1
-1 2 173 -1 199 -1
-1 2 174 -1 179 -1
-1 2 175 -1 189 -1
-1 2 175 -1 194 -1
-1 2 176 -1 191 -1
-1 2 180 -1 196 -1
-1 2 180 -1 199 -1
-1 2 181 -1 182 -1
-1 2 181 -1 194 -1
-1 2 182 -1 187 -1
-1 2 182 -1 189 -1
-1 2 184 -1 190 -1
-1 2 186 -1 190 -1
-1 2 186 -1 194 -1
-1 2 190 -1 193 -1
-1 2 190 -1 199 -1
-1 2 196 -1 197 -1
incumbent 1
0 0 0 0 0 0 0 0 0 0 0 1 0 0 0 0 0 0 1 0 1 0 1 1 0 0 1 1 1 0 0 0 0 0 0 0 1 0 0 0 0 0 1 1 0 1 0 1 1 0 0 0 0 0 1 0 0 0 0 0 0 1 0 0 0 0 1 0 0 0 1 0 0 0 0 0 0 0 0 1 0 0 1 0 0 0 0 1 0 0 1 0 0 0 0 0 1 1 1 0 0 1 1 0 0 0 0 0 0 0 0 0 0 0 0 1 0 1 0 1 0 1 0 0 0 0 0 0 0 1 0 0 1 0 1 0 0 0 0 0 1 1 1 0 0 0 0 0 0 1 0 0 0 0 0 1 0 1 0 0 0 0 1 0 0 0 0 0 0 0 1 0 0 0 0 0 0 0 0 0 0 0 0 0 1 0 0 1 1 0 0 0 0 0 1 1 0 0 0 1
