180 56
18 13 16 7 23 16 9 3 21 15 15 22 23 24 25 14 10 13 27 15 17 14 8 17 10 24 24 8 13 27 19 14 21 5 27 30 13 25 15 19 18 4 4 27 5 8 6 23 29 6 27 3 18 9 27 23 14 12 5 28 11 18 26 30 24 29 5 13 17 4 30 25 13 19 6 22 18 25 23 5 16 1 8 2 26 18 3 8 2 1 12 16 6 4 18 16 9 30 11 14 4 25 21 25 5 19 17 29 22 25 29 26 3 8 11 27 24 7 4 7 10 20 1 11 26 5 12 16 13 2 22 25 8 28 3 13 22 1 13 25 13 14 17 19 25 25 13 2 12 8 27 5 7 19 20 21 3 27 26 9 21 20 4 10 9 24 26 22 12 19 7 7 15 2 3 19 19 25 1 18
3 47 4 1 8 1 11 1 12 1 14 1 18 1 23 1 24 1 29 1 32 1 34 1 38 1 39 1 40 1 41 1 46 1 50 1 57 1 58 1 64 1 67 1 70 1 75 1 76 1 78 1 79 1 86 1 91 1 96 1 101 1 102 1 104 1 105 1 108 1 109 1 110 1 118 1 119 1 120 1 123 1 133 1 135 1 151 1 156 1 157 1 166 1 175 1
3 44 2 1 6 1 10 1 11 1 12 1 13 1 17 1 19 1 20 1 22 1 25 1 26 1 43 1 46 1 48 1 50 1 53 1 58 1 62 1 66 1 67 1 68 1 71 1 72 1 73 1 76 1 79 1 106 1 113 1 119 1 124 1 126 1 132 1 133 1 143 1 147 1 153 1 156 1 159 1 170 1 173 1 175 1 177 1 178 1
3 47 2 1 4 1 5 1 9 1 11 1 12 1 13 1 16 1 18 1 22 1 25 1 36 1 38 1 43 1 45 1 51 1 52 1 61 1 62 1 65 1 69 1 70 1 75 1 78 1 80 1 93 1 94 1 99 1 104 1 107 1 114 1 123 1 124 1 126 1 127 1 128 1 133 1 148 1 149 1 153 1 166 1 168 1 172 1 173 1 176 1 177 1 179 1
3 64 1 1 3 1 4 1 5 1 6 1 8 1 9 1 10 1 18 1 24 1 25 1 26 1 28 1 30 1 35 1 36 1 37 1 40 1 44 1 46 1 48 1 49 1 52 1 53 1 55 1 62 1 63 1 65 1 69 1 70 1 72 1 74 1 75 1 77 1 80 1 82 1 84 1 86 1 90 1 92 1 99 1 101 1 106 1 109 1 112 1 115 1 120 1 121 1 127 1 128 1 133 1 134 1 138 1 140 1 147 1 149 1 153 1 157 1 159 1 164 1 167 1 168 1 171 1 174 1
3 49 0 1 8 1 11 1 17 1 18 1 21 1 23 1 28 1 44 1 46 1 49 1 53 1 58 1 60 1 66 1 69 1 78 1 80 1 84 1 90 1 92 1 94 1 96 1 100 1 102 1 103 1 104 1 116 1 117 1 120 1 122 1 124 1 125 1 129 1 130 1 140 1 142 1 143 1 144 1 145 1 151 1 154 1 156 1 160 1 166 1 167 1 168 1 169 1 172 1
3 34 4 1 5 1 6 1 9 1 12 1 16 1 25 1 30 1 43 1 44 1 59 1 61 1 69 1 85 1 98 1 106 1 108 1 116 1 119 1 120 1 121 1 122 1 123 1 127 1 137 1 138 1 151 1 160 1 161 1 164 1 165 1 168 1 172 1 178 1
3 36 0 1 7 1 8 1 10 1 24 1 25 1 29 1 31 1 34 1 35 1 36 1 64 1 70 1 80 1 84 1 89 1 94 1 101 1 104 1 107 1 113 1 127 1 132 1 133 1 134 1 140 1 147 1 153 1 158 1 162 1 164 1 165 1 166 1 167 1 168 1 173 1
3 41 11 1 14 1 17 1 21 1 32 1 38 1 46 1 47 1 48 1 50 1 51 1 54 1 57 1 59 1 65 1 76 1 77 1 83 1 85 1 90 1 91 1 103 1 104 1 105 1 110 1 116 1 123 1 127 1 132 1 135 1 139 1 143 1 147 1 151 1 164 1 168 1 170 1 172 1 173 1 177 1 179 1
3 45 5 1 6 1 15 1 16 1 18 1 19 1 23 1 24 1 26 1 27 1 41 1 48 1 57 1 60 1 61 1 64 1 71 1 73 1 78 1 82 1 86 1 88 1 94 1 96 1 98 1 106 1 108 1 116 1 117 1 118 1 121 1 123 1 125 1 135 1 137 1 138 1 150 1 152 1 156 1 157 1 160 1 167 1 168 1 173 1 177 1
3 50 0 1 2 1 7 1 8 1 11 1 24 1 26 1 29 1 31 1 35 1 38 1 39 1 40 1 51 1 60 1 64 1 67 1 68 1 70 1 78 1 79 1 82 1 85 1 95 1 99 1 104 1 105 1 108 1 113 1 115 1 116 1 118 1 120 1 121 1 124 1 126 1 131 1 136 1 137 1 138 1 143 1 150 1 152 1 154 1 155 1 156 1 160 1 170 1 172 1 174 1
3 47 1 1 5 1 9 1 21 1 24 1 27 1 28 1 30 1 31 1 34 1 40 1 41 1 45 1 51 1 57 1 59 1 60 1 63 1 64 1 65 1 66 1 69 1 72 1 74 1 87 1 89 1 99 1 102 1 103 1 105 1 107 1 108 1 111 1 112 1 115 1 118 1 125 1 128 1 136 1 146 1 147 1 150 1 168 1 175 1 177 1 178 1 179 1
3 55 2 1 4 1 5 1 14 1 17 1 24 1 27 1 38 1 40 1 43 1 45 1 46 1 48 1 49 1 50 1 52 1 54 1 56 1 57 1 59 1 63 1 64 1 68 1 71 1 73 1 79 1 81 1 82 1 84 1 90 1 93 1 96 1 97 1 114 1 115 1 116 1 117 1 122 1 123 1 126 1 128 1 129 1 131 1 140 1 150 1 151 1 153 1 157 1 158 1 160 1 162 1 169 1 170 1 176 1 179 1
3 56 2 1 6 1 8 1 12 1 16 1 20 1 21 1 23 1 24 1 27 1 31 1 32 1 33 1 36 1 41 1 44 1 45 1 46 1 51 1 54 1 59 1 60 1 61 1 74 1 75 1 76 1 77 1 80 1 81 1 82 1 83 1 85 1 88 1 90 1 92 1 97 1 109 1 111 1 113 1 116 1 123 1 124 1 127 1 132 1 135 1 146 1 147 1 152 1 156 1 159 1 161 1 164 1 166 1 167 1 173 1 179 1
3 55 3 1 6 1 7 1 8 1 10 1 12 1 15 1 16 1 20 1 21 1 22 1 25 1 26 1 29 1 32 1 34 1 38 1 40 1 46 1 47 1 48 1 50 1 59 1 66 1 67 1 68 1 77 1 84 1 86 1 90 1 98 1 104 1 109 1 110 1 113 1 114 1 115 1 116 1 118 1 127 1 132 1 133 1 135 1 136 1 140 1 148 1 153 1 155 1 157 1 160 1 163 1 171 1 172 1 173 1 175 1
3 43 7 1 9 1 17 1 19 1 22 1 25 1 26 1 27 1 29 1 38 1 54 1 63 1 70 1 83 1 88 1 91 1 93 1 98 1 101 1 104 1 112 1 113 1 114 1 118 1 119 1 122 1 124 1 128 1 130 1 132 1 133 1 135 1 142 1 144 1 146 1 154 1 157 1 168 1 170 1 171 1 174 1 176 1 177 1
3 46 3 1 5 1 6 1 8 1 11 1 15 1 18 1 26 1 28 1 30 1 33 1 38 1 39 1 40 1 42 1 43 1 44 1 45 1 70 1 71 1 87 1 90 1 92 1 98 1 100 1 101 1 102 1 104 1 110 1 117 1 119 1 124 1 129 1 130 1 131 1 134 1 135 1 146 1 147 1 148 1 149 1 151 1 166 1 170 1 173 1 179 1
3 48 0 1 1 1 7 1 9 1 14 1 15 1 17 1 19 1 21 1 34 1 43 1 44 1 45 1 49 1 55 1 56 1 62 1 66 1 84 1 85 1 86 1 93 1 99 1 101 1 103 1 106 1 107 1 112 1 116 1 121 1 127 1 128 1 131 1 135 1 140 1 144 1 145 1 149 1 151 1 154 1 155 1 158 1 164 1 166 1 168 1 171 1 174 1 176 1
3 41 12 1 14 1 16 1 19 1 20 1 21 1 22 1 26 1 28 1 34 1 37 1 45 1 46 1 49 1 53 1 61 1 67 1 68 1 90 1 91 1 93 1 94 1 117 1 118 1 123 1 131 1 132 1 138 1 139 1 142 1 144 1 149 1 152 1 157 1 160 1 161 1 162 1 164 1 165 1 170 1 175 1
3 48 1 1 2 1 6 1 11 1 19 1 21 1 24 1 33 1 38 1 39 1 41 1 42 1 48 1 55 1 61 1 65 1 68 1 72 1 76 1 77 1 83 1 88 1 89 1 91 1 99 1 103 1 105 1 110 1 111 1 123 1 124 1 131 1 138 1 139 1 141 1 144 1 145 1 148 1 149 1 152 1 153 1 159 1 161 1 162 1 163 1 168 1 169 1 178 1
3 53 0 1 5 1 7 1 8 1 10 1 12 1 14 1 15 1 17 1 18 1 23 1 26 1 28 1 32 1 34 1 48 1 50 1 51 1 53 1 54 1 55 1 60 1 61 1 64 1 70 1 71 1 74 1 85 1 91 1 92 1 93 1 94 1 97 1 105 1 114 1 117 1 118 1 119 1 120 1 128 1 129 1 133 1 138 1 140 1 147 1 148 1 150 1 151 1 156 1 168 1 170 1 176 1 178 1
3 56 2 1 6 1 10 1 11 1 12 1 14 1 15 1 23 1 27 1 30 1 31 1 36 1 37 1 45 1 47 1 49 1 63 1 67 1 68 1 71 1 74 1 75 1 83 1 84 1 91 1 93 1 95 1 106 1 107 1 110 1 111 1 116 1 120 1 125 1 126 1 132 1 137 1 145 1 146 1 147 1 151 1 154 1 155 1 159 1 160 1 162 1 163 1 164 1 165 1 168 1 169 1 172 1 173 1 176 1 177 1 179 1
3 41 3 1 9 1 16 1 19 1 20 1 21 1 22 1 23 1 25 1 32 1 38 1 41 1 46 1 48 1 52 1 58 1 59 1 63 1 76 1 77 1 81 1 87 1 94 1 96 1 100 1 101 1 102 1 109 1 121 1 133 1 138 1 141 1 146 1 147 1 150 1 153 1 157 1 160 1 167 1 169 1 170 1
3 52 1 1 5 1 6 1 11 1 13 1 18 1 22 1 23 1 25 1 28 1 29 1 39 1 45 1 46 1 47 1 49 1 50 1 55 1 59 1 60 1 63 1 64 1 74 1 77 1 78 1 85 1 86 1 88 1 91 1 97 1 100 1 104 1 106 1 114 1 119 1 121 1 129 1 130 1 132 1 136 1 138 1 139 1 141 1 142 1 149 1 166 1 167 1 169 1 171 1 172 1 173 1 176 1
3 53 17 1 18 1 19 1 22 1 25 1 28 1 32 1 34 1 36 1 39 1 43 1 45 1 48 1 49 1 56 1 58 1 60 1 64 1 65 1 67 1 71 1 77 1 80 1 82 1 83 1 88 1 93 1 97 1 99 1 102 1 106 1 109 1 113 1 114 1 116 1 119 1 122 1 125 1 126 1 134 1 136 1 140 1 145 1 147 1 158 1 159 1 160 1 161 1 162 1 169 1 171 1 176 1 179 1
3 51 0 1 4 1 14 1 15 1 16 1 20 1 21 1 22 1 29 1 30 1 33 1 37 1 39 1 40 1 42 1 43 1 48 1 49 1 50 1 55 1 56 1 59 1 63 1 64 1 66 1 70 1 72 1 74 1 85 1 89 1 95 1 97 1 99 1 113 1 117 1 118 1 122 1 124 1 126 1 133 1 137 1 146 1 149 1 151 1 152 1 157 1 158 1 165 1 169 1 171 1 172 1
3 50 16 1 17 1 19 1 20 1 21 1 23 1 25 1 31 1 33 1 37 1 39 1 48 1 51 1 56 1 57 1 58 1 59 1 60 1 61 1 63 1 65 1 68 1 73 1 77 1 78 1 79 1 83 1 93 1 94 1 96 1 100 1 101 1 105 1 106 1 110 1 115 1 119 1 120 1 121 1 132 1 134 1 138 1 139 1 146 1 147 1 153 1 163 1 165 1 167 1 179 1
3 44 0 1 1 1 5 1 7 1 8 1 10 1 11 1 12 1 13 1 21 1 22 1 23 1 24 1 30 1 35 1 42 1 55 1 56 1 61 1 66 1 69 1 76 1 78 1 86 1 93 1 104 1 106 1 110 1 122 1 125 1 136 1 138 1 142 1 143 1 147 1 153 1 157 1 158 1 161 1 171 1 172 1 174 1 175 1 179 1
3 48 1 1 9 1 12 1 18 1 20 1 27 1 28 1 31 1 32 1 39 1 40 1 44 1 46 1 48 1 53 1 57 1 61 1 62 1 66 1 71 1 73 1 82 1 83 1 87 1 92 1 105 1 109 1 113 1 114 1 117 1 118 1 120 1 127 1 132 1 135 1 138 1 141 1 146 1 148 1 149 1 152 1 154 1 155 1 162 1 166 1 167 1 170 1 175 1
3 41 0 1 4 1 6 1 17 1 22 1 27 1 29 1 30 1 32 1 44 1 46 1 51 1 54 1 55 1 58 1 62 1 73 1 80 1 83 1 88 1 90 1 101 1 102 1 105 1 106 1 107 1 108 1 109 1 113 1 120 1 121 1 128 1 134 1 137 1 147 1 149 1 152 1 153 1 154 1 157 1 163 1
3 56 1 1 3 1 4 1 6 1 12 1 17 1 24 1 29 1 31 1 34 1 38 1 41 1 42 1 47 1 51 1 53 1 57 1 58 1 62 1 75 1 78 1 81 1 82 1 84 1 88 1 90 1 93 1 94 1 97 1 101 1 105 1 106 1 110 1 114 1 119 1 125 1 128 1 129 1 131 1 143 1 144 1 146 1 150 1 152 1 153 1 154 1 156 1 157 1 158 1 159 1 161 1 163 1 169 1 172 1 174 1 176 1
3 58 1 1 8 1 14 1 15 1 18 1 24 1 30 1 31 1 37 1 42 1 43 1 44 1 45 1 46 1 47 1 49 1 50 1 54 1 56 1 58 1 73 1 78 1 83 1 88 1 91 1 92 1 95 1 97 1 98 1 101 1 105 1 110 1 112 1 116 1 118 1 123 1 125 1 126 1 127 1 130 1 134 1 137 1 139 1 141 1 143 1 144 1 146 1 147 1 148 1 152 1 157 1 159 1 162 1 163 1 166 1 174 1 177 1 178 1
3 51 2 1 3 1 4 1 8 1 16 1 21 1 25 1 27 1 35 1 37 1 40 1 43 1 47 1 48 1 62 1 65 1 67 1 69 1 72 1 73 1 77 1 81 1 88 1 91 1 100 1 102 1 105 1 107 1 108 1 109 1 112 1 115 1 118 1 127 1 128 1 133 1 141 1 147 1 149 1 155 1 158 1 162 1 163 1 166 1 168 1 169 1 170 1 171 1 174 1 175 1 178 1
3 57 0 1 5 1 8 1 12 1 13 1 15 1 19 1 22 1 23 1 25 1 26 1 28 1 30 1 31 1 38 1 40 1 42 1 52 1 56 1 57 1 62 1 63 1 67 1 80 1 81 1 82 1 85 1 86 1 98 1 102 1 103 1 104 1 106 1 107 1 108 1 109 1 113 1 114 1 116 1 117 1 118 1 120 1 121 1 127 1 128 1 130 1 131 1 133 1 141 1 142 1 154 1 156 1 160 1 165 1 174 1 175 1 177 1
3 48 3 1 13 1 15 1 18 1 26 1 27 1 28 1 29 1 30 1 33 1 56 1 64 1 65 1 68 1 69 1 72 1 78 1 79 1 82 1 83 1 85 1 87 1 88 1 91 1 98 1 102 1 103 1 109 1 110 1 112 1 126 1 129 1 136 1 138 1 144 1 145 1 146 1 150 1 151 1 152 1 158 1 164 1 165 1 167 1 168 1 169 1 177 1 179 1
3 40 2 1 4 1 14 1 15 1 16 1 18 1 23 1 27 1 28 1 30 1 31 1 38 1 73 1 77 1 80 1 84 1 89 1 92 1 93 1 100 1 101 1 104 1 114 1 126 1 135 1 136 1 140 1 148 1 149 1 154 1 158 1 159 1 160 1 165 1 167 1 169 1 172 1 173 1 174 1 176 1
3 51 10 1 11 1 13 1 15 1 16 1 27 1 30 1 31 1 34 1 42 1 45 1 48 1 49 1 56 1 60 1 61 1 62 1 66 1 67 1 82 1 83 1 90 1 92 1 93 1 94 1 97 1 98 1 100 1 101 1 102 1 106 1 107 1 121 1 122 1 124 1 125 1 130 1 131 1 135 1 140 1 143 1 145 1 151 1 153 1 157 1 159 1 163 1 164 1 173 1 174 1 177 1
3 49 0 1 1 1 5 1 10 1 17 1 20 1 37 1 38 1 39 1 43 1 46 1 49 1 53 1 54 1 57 1 59 1 60 1 70 1 75 1 82 1 86 1 88 1 89 1 94 1 102 1 106 1 120 1 127 1 129 1 132 1 133 1 134 1 135 1 136 1 143 1 148 1 149 1 152 1 153 1 159 1 165 1 167 1 168 1 170 1 171 1 172 1 175 1 176 1 177 1
3 46 9 1 13 1 15 1 16 1 31 1 32 1 35 1 41 1 55 1 57 1 59 1 60 1 63 1 71 1 75 1 77 1 86 1 91 1 96 1 97 1 104 1 105 1 107 1 108 1 109 1 115 1 116 1 123 1 128 1 133 1 139 1 140 1 141 1 142 1 148 1 149 1 157 1 159 1 162 1 163 1 164 1 171 1 173 1 174 1 176 1 179 1
3 38 1 1 2 1 9 1 11 1 14 1 21 1 22 1 26 1 28 1 30 1 32 1 33 1 34 1 35 1 46 1 56 1 62 1 70 1 73 1 78 1 82 1 84 1 85 1 95 1 103 1 105 1 108 1 113 1 117 1 124 1 128 1 130 1 136 1 145 1 147 1 151 1 156 1 179 1
3 47 1 1 5 1 6 1 7 1 11 1 14 1 17 1 18 1 19 1 25 1 28 1 37 1 38 1 40 1 51 1 55 1 57 1 58 1 62 1 63 1 70 1 74 1 76 1 82 1 85 1 86 1 95 1 99 1 100 1 102 1 103 1 113 1 115 1 124 1 127 1 133 1 134 1 139 1 143 1 147 1 153 1 154 1 155 1 162 1 168 1 169 1 174 1
3 37 12 1 13 1 28 1 29 1 30 1 35 1 36 1 38 1 51 1 53 1 61 1 63 1 69 1 77 1 81 1 82 1 83 1 87 1 88 1 101 1 108 1 114 1 115 1 116 1 117 1 130 1 138 1 141 1 146 1 147 1 149 1 154 1 156 1 161 1 168 1 172 1 179 1
3 52 5 1 10 1 15 1 16 1 23 1 24 1 27 1 30 1 32 1 34 1 37 1 42 1 50 1 52 1 56 1 57 1 58 1 63 1 65 1 66 1 67 1 72 1 73 1 74 1 76 1 79 1 80 1 81 1 82 1 87 1 95 1 98 1 103 1 107 1 111 1 112 1 115 1 119 1 122 1 123 1 126 1 131 1 133 1 138 1 154 1 161 1 162 1 163 1 165 1 167 1 174 1 177 1
3 53 0 1 10 1 12 1 17 1 23 1 28 1 29 1 37 1 38 1 43 1 44 1 45 1 52 1 61 1 72 1 75 1 78 1 79 1 80 1 87 1 92 1 93 1 98 1 100 1 104 1 110 1 111 1 120 1 122 1 126 1 128 1 130 1 131 1 133 1 139 1 143 1 145 1 147 1 148 1 149 1 153 1 154 1 155 1 156 1 158 1 161 1 165 1 166 1 170 1 172 1 173 1 177 1 179 1
3 55 8 1 12 1 15 1 16 1 20 1 21 1 22 1 23 1 25 1 27 1 30 1 33 1 37 1 38 1 40 1 41 1 43 1 48 1 49 1 51 1 53 1 54 1 56 1 66 1 74 1 78 1 79 1 84 1 85 1 87 1 96 1 97 1 102 1 103 1 111 1 112 1 120 1 122 1 123 1 124 1 129 1 132 1 135 1 138 1 139 1 140 1 148 1 155 1 162 1 164 1 165 1 166 1 167 1 170 1 179 1
3 40 0 1 3 1 9 1 12 1 22 1 26 1 29 1 39 1 43 1 48 1 56 1 58 1 64 1 65 1 67 1 69 1 74 1 77 1 78 1 79 1 81 1 82 1 83 1 86 1 88 1 91 1 92 1 103 1 110 1 115 1 135 1 145 1 150 1 154 1 158 1 159 1 170 1 171 1 172 1 175 1
3 40 7 1 20 1 21 1 23 1 24 1 25 1 26 1 38 1 42 1 45 1 55 1 56 1 59 1 69 1 71 1 72 1 75 1 84 1 96 1 97 1 100 1 102 1 103 1 104 1 107 1 109 1 110 1 112 1 119 1 125 1 131 1 132 1 134 1 143 1 151 1 162 1 165 1 169 1 171 1 173 1
3 50 6 1 11 1 12 1 23 1 30 1 31 1 32 1 35 1 36 1 37 1 44 1 46 1 52 1 53 1 63 1 65 1 67 1 68 1 69 1 72 1 79 1 83 1 90 1 93 1 94 1 103 1 108 1 114 1 115 1 117 1 124 1 125 1 129 1 134 1 135 1 136 1 137 1 142 1 144 1 148 1 149 1 151 1 159 1 160 1 161 1 165 1 166 1 169 1 177 1 179 1
3 48 5 1 7 1 11 1 16 1 17 1 21 1 23 1 24 1 26 1 27 1 28 1 29 1 46 1 65 1 66 1 68 1 71 1 73 1 76 1 79 1 82 1 83 1 84 1 86 1 90 1 95 1 99 1 100 1 104 1 106 1 114 1 117 1 122 1 131 1 135 1 144 1 145 1 147 1 148 1 153 1 156 1 162 1 166 1 167 1 174 1 175 1 177 1 178 1
3 56 0 1 4 1 7 1 9 1 10 1 14 1 15 1 16 1 19 1 23 1 25 1 26 1 27 1 30 1 32 1 33 1 36 1 39 1 41 1 42 1 46 1 49 1 51 1 55 1 57 1 63 1 67 1 68 1 70 1 71 1 72 1 78 1 83 1 85 1 87 1 88 1 92 1 101 1 111 1 112 1 113 1 116 1 125 1 132 1 135 1 136 1 142 1 145 1 148 1 149 1 153 1 157 1 164 1 169 1 170 1 176 1
3 46 2 1 4 1 7 1 14 1 18 1 19 1 22 1 28 1 33 1 37 1 42 1 43 1 52 1 54 1 64 1 67 1 69 1 72 1 75 1 78 1 82 1 87 1 92 1 93 1 97 1 99 1 112 1 114 1 116 1 119 1 120 1 123 1 124 1 127 1 131 1 135 1 136 1 141 1 142 1 152 1 155 1 160 1 163 1 171 1 178 1 179 1
3 51 7 1 9 1 11 1 14 1 21 1 24 1 31 1 32 1 33 1 41 1 52 1 53 1 57 1 58 1 62 1 63 1 66 1 67 1 70 1 72 1 76 1 78 1 80 1 89 1 91 1 95 1 97 1 100 1 101 1 104 1 107 1 108 1 111 1 112 1 118 1 119 1 125 1 131 1 132 1 135 1 139 1 145 1 146 1 148 1 158 1 161 1 163 1 164 1 171 1 176 1 179 1
3 43 6 1 7 1 12 1 14 1 21 1 26 1 29 1 31 1 39 1 41 1 43 1 45 1 48 1 49 1 56 1 58 1 59 1 61 1 64 1 66 1 70 1 74 1 79 1 83 1 88 1 92 1 93 1 96 1 99 1 114 1 116 1 119 1 121 1 122 1 131 1 133 1 147 1 155 1 158 1 164 1 168 1 173 1 179 1
3 41 5 1 13 1 20 1 22 1 25 1 27 1 38 1 39 1 43 1 53 1 56 1 58 1 62 1 66 1 69 1 79 1 80 1 84 1 88 1 92 1 93 1 96 1 97 1 98 1 99 1 100 1 105 1 113 1 114 1 118 1 119 1 122 1 132 1 141 1 146 1 154 1 156 1 161 1 162 1 169 1 175 1
3 52 2 1 5 1 6 1 12 1 14 1 21 1 23 1 26 1 27 1 28 1 30 1 36 1 39 1 42 1 50 1 52 1 55 1 56 1 57 1 64 1 66 1 68 1 74 1 80 1 82 1 86 1 87 1 90 1 95 1 98 1 100 1 103 1 116 1 119 1 128 1 131 1 132 1 134 1 143 1 144 1 145 1 150 1 151 1 153 1 158 1 159 1 163 1 166 1 170 1 172 1 175 1 177 1
3 56 0 1 2 1 8 1 12 1 24 1 26 1 28 1 32 1 34 1 35 1 52 1 56 1 58 1 60 1 66 1 70 1 71 1 72 1 74 1 76 1 78 1 83 1 85 1 86 1 88 1 92 1 94 1 96 1 97 1 98 1 103 1 104 1 112 1 116 1 117 1 123 1 124 1 125 1 127 1 130 1 131 1 132 1 135 1 136 1 137 1 139 1 140 1 141 1 155 1 157 1 158 1 164 1 165 1 169 1 171 1 175 1
3 54 11 1 12 1 21 1 23 1 34 1 36 1 37 1 38 1 47 1 51 1 55 1 56 1 61 1 68 1 70 1 71 1 72 1 75 1 76 1 83 1 87 1 89 1 103 1 104 1 105 1 107 1 108 1 109 1 110 1 115 1 117 1 120 1 121 1 122 1 125 1 126 1 128 1 129 1 131 1 134 1 135 1 137 1 139 1 140 1 145 1 148 1 151 1 152 1 153 1 154 1 155 1 156 1 160 1 164 1
incumbent 1
0 0 0 0 0 0 0 1 0 0 0 0 0 0 0 0 0 0 0 0 0 0 0 0 0 0 0 0 0 0 0 0 0 0 0 0 0 0 0 0 0 0 1 0 0 0 1 0 0 0 0 1 0 0 0 0 0 0 0 0 0 0 0 0 0 0 0 0 0 0 0 0 0 0 0 0 0 0 0 0 0 1 0 1 0 0 1 0 0 1 0 0 0 1 0 0 0 0 0 0 0 0 0 0 0 0 0 0 0 0 0 0 1 0 0 0 0 0 0 0 0 0 1 0 0 0 0 0 0 1 0 0 0 0 1 0 0 1 0 0 0 0 0 0 0 0 0 1 0 0 0 0 0 0 0 0 1 0 0 0 0 0 1 0 0 0 0 0 0 0 0 0 0 1 0 0 0 0 1 0
