248 302
0 0 0 0 0 0 0 0 6 23 12 37 20 26 30 11 18 29 12 15 10 32 20 13 12 31 6 31 14 34 24 9 37 26 31 6 23 29 17 32 14 33 4 29 14 36 24 11 25 6 39 28 25 3 15 28 30 19 30 19 16 20 6 25 26 13 40 29 26 14 16 29 37 26 31 8 23 27 13 32 16 5 30 19 16 8 12 19 5 20 15 28 11 23 21 4 28 27 22 5 14 30 18 23 20 37 14 15 18 40 28 15 21 28 15 12 9 31 19 16 18 5 32 21 18 6 10 21 3 18 17 32 15 21 25 6 12 9 26 25 12 12 18 15 29 28 23 6 15 31 19 24 7 18 19 38 21 19 31 12 23 12 33 22 19 13 9 22 23 26 17 10 9 29 17 18 23 24 17 10 9 27 15 18 30 33 24 11 16 36 24 25 29 26 23 4 15 29 17 24 27 16 29 18 15 17 5 22 23 16 19 10 9 19 7 18 2 19 16 33 16 22 26 7 17 8 31 28 17 7 21 20 22 17 18 11 8 20 8 17 9 24 15 40 23 27 33 14
1 8 8 1 9 1 10 1 11 1 12 1 13 1 14 1 15 1
-1 8 8 -1 9 -1 10 -1 11 -1 12 -1 13 -1 14 -1 15 -1
0 2 0 1 8 -1
0 2 1 1 9 -1
0 2 2 1 10 -1
0 2 3 1 11 -1
0 2 4 1 12 -1
0 2 5 1 13 -1
0 2 6 1 14 -1
0 2 7 1 15 -1
1 8 16 1 17 1 18 1 19 1 20 1 21 1 22 1 23 1
-1 8 16 -1 17 -1 18 -1 19 -1 20 -1 21 -1 22 -1 23 -1
0 2 0 1 16 -1
0 2 1 1 17 -1
0 2 2 1 18 -1
0 2 3 1 19 -1
0 2 4 1 20 -1
0 2 5 1 21 -1
0 2 6 1 22 -1
0 2 7 1 23 -1
1 8 24 1 25 1 26 1 27 1 28 1 29 1 30 1 31 1
-1 8 24 -1 25 -1 26 -1 27 -1 28 -1 29 -1 30 -1 31 -1
0 2 0 1 24 -1
0 2 1 1 25 -1
0 2 2 1 26 -1
0 2 3 1 27 -1
0 2 4 1 28 -1
0 2 5 1 29 -1
0 2 6 1 30 -1
0 2 7 1 31 -1
1 8 32 1 33 1 34 1 35 1 36 1 37 1 38 1 39 1
-1 8 32 -1 33 -1 34 -1 35 -1 36 -1 37 -1 38 -1 39 -1
0 2 0 1 32 -1
0 2 1 1 33 -1
0 2 2 1 34 -1
0 2 3 1 35 -1
0 2 4 1 36 -1
0 2 5 1 37 -1
0 2 6 1 38 -1
0 2 7 1 39 -1
1 8 40 1 41 1 42 1 43 1 44 1 45 1 46 1 47 1
-1 8 40 -1 41 -1 42 -1 43 -1 44 -1 45 -1 46 -1 47 -1
0 2 0 1 40 -1
0 2 1 1 41 -1
0 2 2 1 42 -1
0 2 3 1 43 -1
0 2 4 1 44 -1
0 2 5 1 45 -1
0 2 6 1 46 -1
0 2 7 1 47 -1
1 8 48 1 49 1 50 1 51 1 52 1 53 1 54 1 55 1
-1 8 48 -1 49 -1 50 -1 51 -1 52 -1 53 -1 54 -1 55 -1
0 2 0 1 48 -1
0 2 1 1 49 -1
0 2 2 1 50 -1
0 2 3 1 51 -1
0 2 4 1 52 -1
0 2 5 1 53 -1
0 2 6 1 54 -1
0 2 7 1 55 -1
1 8 56 1 57 1 58 1 59 1 60 1 61 1 62 1 63 1
-1 8 56 -1 57 -1 58 -1 59 -1 60 -1 61 -1 62 -1 63 -1
0 2 0 1 56 -1
0 2 1 1 57 -1
0 2 2 1 58 -1
0 2 3 1 59 -1
0 2 4 1 60 -1
0 2 5 1 61 -1
0 2 6 1 62 -1
0 2 7 1 63 -1
1 8 64 1 65 1 66 1 67 1 68 1 69 1 70 1 71 1
-1 8 64 -1 65 -1 66 -1 67 -1 68 -1 69 -1 70 -1 71 -1
0 2 0 1 64 -1
0 2 1 1 65 -1
0 2 2 1 66 -1
0 2 3 1 67 -1
0 2 4 1 68 -1
0 2 5 1 69 -1
0 2 6 1 70 -1
0 2 7 1 71 -1
1 8 72 1 73 1 74 1 75 1 76 1 77 1 78 1 79 1
-1 8 72 -1 73 -1 74 -1 75 -1 76 -1 77 -1 78 -1 79 -1
0 2 0 1 72 -1
0 2 1 1 73 -1
0 2 2 1 74 -1
0 2 3 1 75 -1
0 2 4 1 76 -1
0 2 5 1 77 -1
0 2 6 1 78 -1
0 2 7 1 79 -1
1 8 80 1 81 1 82 1 83 1 84 1 85 1 86 1 87 1
-1 8 80 -1 81 -1 82 -1 83 -1 84 -1 85 -1 86 -1 87 -1
0 2 0 1 80 -1
0 2 1 1 81 -1
0 2 2 1 82 -1
0 2 3 1 83 -1
0 2 4 1 84 -1
0 2 5 1 85 -1
0 2 6 1 86 -1
0 2 7 1 87 -1
1 8 88 1 89 1 90 1 91 1 92 1 93 1 94 1 95 1
-1 8 88 -1 89 -1 90 -1 91 -1 92 -1 93 -1 94 -1 95 -1
0 2 0 1 88 -1
0 2 1 1 89 -1
0 2 2 1 90 -1
0 2 3 1 91 -1
0 2 4 1 92 -1
0 2 5 1 93 -1
0 2 6 1 94 -1
0 2 7 1 95 -1
1 8 96 1 97 1 98 1 99 1 100 1 101 1 102 1 103 1
-1 8 96 -1 97 -1 98 -1 99 -1 100 -1 101 -1 102 -1 103 -1
0 2 0 1 96 -1
0 2 1 1 97 -1
0 2 2 1 98 -1
0 2 3 1 99 -1
0 2 4 1 100 -1
0 2 5 1 101 -1
0 2 6 1 102 -1
0 2 7 1 103 -1
1 8 104 1 105 1 106 1 107 1 108 1 109 1 110 1 111 1
-1 8 104 -1 105 -1 106 -1 107 -1 108 -1 109 -1 110 -1 111 -1
0 2 0 1 104 -1
0 2 1 1 105 -1
0 2 2 1 106 -1
0 2 3 1 107 -1
0 2 4 1 108 -1
0 2 5 1 109 -1
0 2 6 1 110 -1
0 2 7 1 111 -1
1 8 112 1 113 1 114 1 115 1 116 1 117 1 118 1 119 1
-1 8 112 -1 113 -1 114 -1 115 -1 116 -1 117 -1 118 -1 119 -1
0 2 0 1 112 -1
0 2 1 1 113 -1
0 2 2 1 114 -1
0 2 3 1 115 -1
0 2 4 1 116 -1
0 2 5 1 117 -1
0 2 6 1 118 -1
0 2 7 1 119 -1
1 8 120 1 121 1 122 1 123 1 124 1 125 1 126 1 127 1
-1 8 120 -1 121 -1 122 -1 123 -1 124 -1 125 -1 126 -1 127 -1
0 2 0 1 120 -1
0 2 1 1 121 -1
0 2 2 1 122 -1
0 2 3 1 123 -1
0 2 4 1 124 -1
0 2 5 1 125 -1
0 2 6 1 126 -1
0 2 7 1 127 -1
1 8 128 1 129 1 130 1 131 1 132 1 133 1 134 1 135 1
-1 8 128 -1 129 -1 130 -1 131 -1 132 -1 133 -1 134 -1 135 -1
0 2 0 1 128 -1
0 2 1 1 129 -1
0 2 2 1 130 -1
0 2 3 1 131 -1
0 2 4 1 132 -1
0 2 5 1 133 -1
0 2 6 1 134 -1
0 2 7 1 135 -1
1 8 136 1 137 1 138 1 139 1 140 1 141 1 142 1 143 1
-1 8 136 -1 137 -1 138 -1 139 -1 140 -1 141 -1 142 -1 143 -1
0 2 0 1 136 -1
0 2 1 1 137 -1
0 2 2 1 138 -1
0 2 3 1 139 -1
0 2 4 1 140 -1
0 2 5 1 141 -1
0 2 6 1 142 -1
0 2 7 1 143 -1
1 8 144 1 145 1 146 1 147 1 148 1 149 1 150 1 151 1
-1 8 144 -1 145 -1 146 -1 147 -1 148 -1 149 -1 150 -1 151 -1
0 2 0 1 144 -1
0 2 1 1 145 -1
0 2 2 1 146 -1
0 2 3 1 147 -1
0 2 4 1 148 -1
0 2 5 1 149 -1
0 2 6 1 150 -1
0 2 7 1 151 -1
1 8 152 1 153 1 154 1 155 1 156 1 157 1 158 1 159 1
-1 8 152 -1 153 -1 154 -1 155 -1 156 -1 157 -1 158 -1 159 -1
0 2 0 1 152 -1
0 2 1 1 153 -1
0 2 2 1 154 -1
0 2 3 1 155 -1
0 2 4 1 156 -1
0 2 5 1 157 -1
0 2 6 1 158 -1
0 2 7 1 159 -1
1 8 160 1 161 1 162 1 163 1 164 1 165 1 166 1 167 1
-1 8 160 -1 161 -1 162 -1 163 -1 164 -1 165 -1 166 -1 167 -1
0 2 0 1 160 -1
0 2 1 1 161 -1
0 2 2 1 162 -1
0 2 3 1 163 -1
0 2 4 1 164 -1
0 2 5 1 165 -1
0 2 6 1 166 -1
0 2 7 1 167 -1
1 8 168 1 169 1 170 1 171 1 172 1 173 1 174 1 175 1
-1 8 168 -1 169 -1 170 -1 171 -1 172 -1 173 -1 174 -1 175 -1
0 2 0 1 168 -1
0 2 1 1 169 -1
0 2 2 1 170 -1
0 2 3 1 171 -1
0 2 4 1 172 -1
0 2 5 1 173 -1
0 2 6 1 174 -1
0 2 7 1 175 -1
1 8 176 1 177 1 178 1 179 1 180 1 181 1 182 1 183 1
-1 8 176 -1 177 -1 178 -1 179 -1 180 -1 181 -1 182 -1 183 -1
0 2 0 1 176 -1
0 2 1 1 177 -1
0 2 2 1 178 -1
0 2 3 1 179 -1
0 2 4 1 180 -1
0 2 5 1 181 -1
0 2 6 1 182 -1
0 2 7 1 183 -1
1 8 184 1 185 1 186 1 187 1 188 1 189 1 190 1 191 1
-1 8 184 -1 185 -1 186 -1 187 -1 188 -1 189 -1 190 -1 191 -1
0 2 0 1 184 -1
0 2 1 1 185 -1
0 2 2 1 186 -1
0 2 3 1 187 -1
0 2 4 1 188 -1
0 2 5 1 189 -1
0 2 6 1 190 -1
0 2 7 1 191 -1
1 8 192 1 193 1 194 1 195 1 196 1 197 1 198 1 199 1
-1 8 192 -1 193 -1 194 -1 195 -1 196 -1 197 -1 198 -1 199 -1
0 2 0 1 192 -1
0 2 1 1 193 -1
0 2 2 1 194 -1
0 2 3 1 195 -1
0 2 4 1 196 -1
0 2 5 1 197 -1
0 2 6 1 198 -1
0 2 7 1 199 -1
1 8 200 1 201 1 202 1 203 1 204 1 205 1 206 1 207 1
-1 8 200 -1 201 -1 202 -1 203 -1 204 -1 205 -1 206 -1 207 -1
0 2 0 1 200 -1
0 2 1 1 201 -1
0 2 2 1 202 -1
0 2 3 1 203 -1
0 2 4 1 204 -1
0 2 5 1 205 -1
0 2 6 1 206 -1
0 2 7 1 207 -1
1 8 208 1 209 1 210 1 211 1 212 1 213 1 214 1 215 1
-1 8 208 -1 209 -1 210 -1 211 -1 212 -1 213 -1 214 -1 215 -1
0 2 0 1 208 -1
0 2 1 1 209 -1
0 2 2 1 210 -1
0 2 3 1 211 -1
0 2 4 1 212 -1
0 2 5 1 213 -1
0 2 6 1 214 -1
0 2 7 1 215 -1
1 8 216 1 217 1 218 1 219 1 220 1 221 1 222 1 223 1
-1 8 216 -1 217 -1 218 -1 219 -1 220 -1 221 -1 222 -1 223 -1
0 2 0 1 216 -1
0 2 1 1 217 -1
0 2 2 1 218 -1
0 2 3 1 219 -1
0 2 4 1 220 -1
0 2 5 1 221 -1
0 2 6 1 222 -1
0 2 7 1 223 -1
1 8 224 1 225 1 226 1 227 1 228 1 229 1 230 1 231 1
-1 8 224 -1 225 -1 226 -1 227 -1 228 -1 229 -1 230 -1 231 -1
0 2 0 1 224 -1
0 2 1 1 225 -1
0 2 2 1 226 -1
0 2 3 1 227 -1
0 2 4 1 228 -1
0 2 5 1 229 -1
0 2 6 1 230 -1
0 2 7 1 231 -1
1 8 232 1 233 1 234 1 235 1 236 1 237 1 238 1 239 1
-1 8 232 -1 233 -1 234 -1 235 -1 236 -1 237 -1 238 -1 239 -1
0 2 0 1 232 -1
0 2 1 1 233 -1
0 2 2 1 234 -1
0 2 3 1 235 -1
0 2 4 1 236 -1
0 2 5 1 237 -1
0 2 6 1 238 -1
0 2 7 1 239 -1
1 8 240 1 241 1 242 1 243 1 244 1 245 1 246 1 247 1
-1 8 240 -1 241 -1 242 -1 243 -1 244 -1 245 -1 246 -1 247 -1
0 2 0 1 240 -1
0 2 1 1 241 -1
0 2 2 1 242 -1
0 2 3 1 243 -1
0 2 4 1 244 -1
0 2 5 1 245 -1
0 2 6 1 246 -1
0 2 7 1 247 -1
3 8 0 1 1 1 2 1 3 1 4 1 5 1 6 1 7 1
-3 8 0 -1 1 -1 2 -1 3 -1 4 -1 5 -1 6 -1 7 -1
incumbent 1
1 0 0 0 1 0 1 0 1 0 0 0 0 0 0 0 0 0 0 0 1 0 0 0 1 0 0 0 0 0 0 0 0 0 0 0 0 0 1 0 1 0 0 0 0 0 0 0 0 0 0 0 0 0 1 0 0 0 0 0 0 0 1 0 0 0 0 0 0 0 1 0 0 0 0 0 0 0 1 0 0 0 0 0 0 0 1 0 1 0 0 0 0 0 0 0 0 0 0 0 1 0 0 0 0 0 0 0 1 0 0 0 0 0 0 0 1 0 0 0 0 0 0 0 0 0 1 0 1 0 0 0 0 0 0 0 1 0 0 0 0 0 0 0 0 0 0 0 1 0 0 0 1 0 0 0 0 0 0 0 0 0 0 0 0 0 1 0 0 0 0 0 1 0 0 0 0 0 0 0 1 0 0 0 0 0 0 0 1 0 0 0 0 0 0 0 1 0 0 0 0 0 0 0 0 0 1 0 0 0 0 0 0 0 1 0 1 0 0 0 0 0 0 0 1 0 0 0 0 0 0 0 0 0 0 0 1 0 0 0 1 0 0 0 0 0 0 0
