200 60
28 23 27 27 16 3 7 22 2 5 25 4 6 5 17 2 16 7 18 29 6 4 20 28 4 17 12 14 6 14 21 29 5 13 21 12 21 13 18 9 29 4 30 9 10 26 5 25 17 22 8 19 28 7 23 29 4 28 18 3 8 25 1 6 4 4 6 17 16 30 19 19 23 8 30 29 25 5 22 24 21 7 28 17 25 11 17 6 19 4 11 29 10 11 7 15 22 18 24 27 13 6 21 2 22 24 9 16 8 24 27 5 21 11 30 24 2 5 14 16 29 7 15 7 18 5 27 21 19 21 17 8 12 29 17 29 20 21 25 27 19 21 1 12 20 21 29 12 13 17 14 19 12 23 4 17 25 8 30 8 29 2 3 17 24 19 21 21 7 14 19 18 2 23 13 12 6 21 18 19 24 10 10 19 6 30 1 18 24 26 29 1 11 12 15 30 19 28 9 22
1 49 1 1 11 1 21 1 22 1 28 1 33 1 35 1 37 1 42 1 43 1 49 1 52 1 54 1 56 1 58 1 59 1 62 1 65 1 66 1 67 1 70 1 75 1 79 1 80 1 81 1 91 1 93 1 94 1 95 1 97 1 104 1 105 1 108 1 111 1 119 1 129 1 130 1 132 1 133 1 134 1 141 1 154 1 155 1 159 1 160 1 162 1 167 1 176 1 189 1
1 43 10 1 19 1 21 1 26 1 29 1 35 1 36 1 40 1 41 1 42 1 48 1 49 1 50 1 54 1 55 1 86 1 99 1 102 1 103 1 104 1 106 1 108 1 110 1 115 1 116 1 137 1 138 1 139 1 150 1 156 1 159 1 160 1 163 1 166 1 169 1 171 1 179 1 180 1 182 1 185 1 196 1 197 1 198 1
1 52 2 1 5 1 19 1 20 1 30 1 32 1 44 1 47 1 48 1 54 1 55 1 56 1 60 1 68 1 70 1 71 1 72 1 73 1 77 1 79 1 85 1 88 1 89 1 90 1 92 1 95 1 96 1 98 1 100 1 109 1 114 1 120 1 122 1 127 1 129 1 137 1 141 1 143 1 144 1 152 1 157 1 158 1 162 1 166 1 167 1 169 1 172 1 176 1 186 1 193 1 195 1 196 1
1 36 0 1 3 1 4 1 8 1 9 1 27 1 31 1 35 1 40 1 50 1 54 1 57 1 67 1 72 1 73 1 74 1 82 1 88 1 91 1 97 1 101 1 102 1 109 1 113 1 117 1 119 1 130 1 143 1 147 1 148 1 152 1 159 1 175 1 181 1 191 1 199 1
1 46 1 1 2 1 5 1 19 1 20 1 21 1 24 1 28 1 31 1 34 1 54 1 69 1 76 1 84 1 86 1 87 1 90 1 91 1 95 1 99 1 103 1 104 1 105 1 107 1 108 1 110 1 120 1 122 1 129 1 131 1 132 1 135 1 136 1 142 1 145 1 146 1 149 1 152 1 156 1 157 1 162 1 164 1 171 1 180 1 189 1 195 1
1 39 2 1 8 1 13 1 30 1 31 1 36 1 37 1 41 1 67 1 73 1 98 1 101 1 102 1 106 1 113 1 118 1 123 1 124 1 128 1 130 1 138 1 142 1 145 1 148 1 152 1 153 1 159 1 168 1 169 1 174 1 175 1 176 1 179 1 180 1 183 1 185 1 192 1 196 1 199 1
1 42 1 1 7 1 14 1 15 1 20 1 22 1 23 1 24 1 26 1 34 1 38 1 43 1 46 1 51 1 53 1 56 1 60 1 71 1 72 1 91 1 101 1 103 1 118 1 122 1 129 1 131 1 135 1 142 1 143 1 147 1 155 1 157 1 169 1 171 1 176 1 177 1 178 1 179 1 181 1 182 1 186 1 190 1
1 39 3 1 5 1 13 1 19 1 27 1 31 1 36 1 37 1 39 1 43 1 67 1 68 1 69 1 72 1 77 1 80 1 81 1 88 1 90 1 94 1 104 1 123 1 133 1 138 1 139 1 140 1 141 1 149 1 150 1 160 1 161 1 162 1 175 1 178 1 180 1 181 1 189 1 194 1 198 1
1 44 2 1 3 1 5 1 11 1 14 1 20 1 21 1 23 1 29 1 30 1 32 1 36 1 37 1 41 1 42 1 45 1 63 1 68 1 71 1 75 1 85 1 87 1 89 1 92 1 96 1 97 1 103 1 113 1 120 1 128 1 138 1 148 1 152 1 153 1 155 1 156 1 161 1 164 1 168 1 171 1 187 1 194 1 196 1 199 1
1 43 4 1 7 1 8 1 12 1 14 1 17 1 19 1 23 1 25 1 29 1 31 1 33 1 34 1 42 1 44 1 47 1 57 1 62 1 65 1 66 1 68 1 74 1 79 1 81 1 83 1 88 1 89 1 94 1 101 1 107 1 126 1 146 1 151 1 156 1 157 1 158 1 167 1 168 1 169 1 187 1 192 1 195 1 198 1
1 49 1 1 2 1 7 1 8 1 10 1 12 1 19 1 26 1 27 1 32 1 34 1 38 1 40 1 43 1 45 1 46 1 50 1 52 1 58 1 59 1 64 1 66 1 67 1 76 1 82 1 84 1 85 1 94 1 95 1 108 1 110 1 111 1 113 1 114 1 115 1 116 1 119 1 121 1 126 1 129 1 135 1 148 1 162 1 173 1 178 1 180 1 184 1 193 1 199 1
1 39 2 1 13 1 17 1 18 1 20 1 26 1 32 1 37 1 39 1 46 1 48 1 51 1 54 1 57 1 63 1 65 1 70 1 73 1 78 1 80 1 81 1 87 1 96 1 105 1 106 1 117 1 121 1 124 1 145 1 151 1 156 1 159 1 171 1 174 1 178 1 182 1 184 1 189 1 192 1
1 43 11 1 13 1 14 1 15 1 36 1 37 1 43 1 48 1 54 1 65 1 66 1 68 1 73 1 77 1 79 1 82 1 93 1 98 1 100 1 110 1 119 1 121 1 130 1 133 1 134 1 137 1 143 1 144 1 145 1 146 1 147 1 151 1 152 1 157 1 158 1 176 1 177 1 180 1 182 1 185 1 188 1 193 1 196 1
1 48 1 1 6 1 8 1 14 1 15 1 19 1 20 1 24 1 25 1 27 1 35 1 45 1 47 1 65 1 70 1 73 1 75 1 77 1 79 1 81 1 82 1 88 1 90 1 97 1 102 1 105 1 110 1 113 1 119 1 120 1 122 1 124 1 132 1 137 1 142 1 144 1 150 1 154 1 163 1 165 1 166 1 168 1 176 1 181 1 183 1 184 1 188 1 195 1
1 54 1 1 3 1 4 1 6 1 7 1 15 1 18 1 19 1 20 1 21 1 25 1 27 1 31 1 33 1 35 1 40 1 54 1 57 1 64 1 67 1 70 1 74 1 77 1 80 1 87 1 88 1 94 1 97 1 101 1 106 1 107 1 109 1 110 1 113 1 116 1 121 1 126 1 127 1 134 1 140 1 143 1 146 1 158 1 159 1 168 1 170 1 175 1 176 1 177 1 179 1 186 1 189 1 190 1 195 1
1 52 1 1 17 1 18 1 23 1 30 1 32 1 34 1 38 1 40 1 41 1 51 1 53 1 57 1 61 1 65 1 66 1 71 1 72 1 75 1 76 1 79 1 80 1 84 1 86 1 88 1 106 1 113 1 114 1 115 1 118 1 121 1 122 1 124 1 126 1 129 1 131 1 135 1 137 1 146 1 148 1 150 1 156 1 160 1 168 1 170 1 173 1 175 1 176 1 184 1 189 1 192 1 193 1
1 34 3 1 4 1 6 1 8 1 9 1 20 1 23 1 36 1 47 1 51 1 55 1 59 1 68 1 71 1 76 1 78 1 81 1 82 1 86 1 92 1 98 1 100 1 103 1 111 1 112 1 118 1 119 1 130 1 139 1 144 1 145 1 146 1 152 1 172 1
1 45 3 1 5 1 6 1 13 1 14 1 21 1 23 1 26 1 27 1 28 1 32 1 35 1 46 1 47 1 49 1 52 1 54 1 63 1 64 1 68 1 71 1 75 1 79 1 84 1 86 1 94 1 96 1 97 1 98 1 100 1 114 1 116 1 124 1 130 1 133 1 146 1 163 1 164 1 167 1 170 1 172 1 173 1 191 1 193 1 197 1
1 47 1 1 11 1 16 1 17 1 20 1 21 1 34 1 37 1 44 1 46 1 63 1 70 1 71 1 75 1 80 1 81 1 82 1 86 1 97 1 98 1 99 1 101 1 110 1 112 1 113 1 115 1 120 1 121 1 127 1 135 1 140 1 142 1 143 1 154 1 156 1 160 1 165 1 171 1 178 1 180 1 182 1 184 1 186 1 187 1 188 1 195 1 197 1
1 47 0 1 4 1 6 1 12 1 18 1 19 1 30 1 36 1 41 1 44 1 48 1 49 1 55 1 60 1 61 1 65 1 68 1 77 1 81 1 82 1 84 1 90 1 93 1 95 1 97 1 98 1 99 1 100 1 108 1 116 1 128 1 129 1 130 1 141 1 142 1 145 1 146 1 148 1 149 1 150 1 156 1 168 1 173 1 174 1 178 1 179 1 189 1
1 48 4 1 8 1 11 1 31 1 35 1 38 1 40 1 44 1 46 1 50 1 53 1 56 1 57 1 61 1 66 1 73 1 77 1 83 1 85 1 86 1 94 1 97 1 115 1 118 1 120 1 121 1 122 1 123 1 125 1 132 1 135 1 147 1 151 1 157 1 159 1 162 1 163 1 165 1 166 1 170 1 171 1 172 1 174 1 179 1 184 1 189 1 192 1 194 1
1 37 17 1 21 1 26 1 27 1 36 1 38 1 47 1 48 1 49 1 50 1 56 1 64 1 66 1 68 1 69 1 77 1 79 1 84 1 97 1 101 1 109 1 110 1 118 1 119 1 144 1 146 1 147 1 156 1 159 1 166 1 168 1 174 1 177 1 178 1 189 1 195 1 197 1
1 38 9 1 10 1 13 1 20 1 26 1 28 1 31 1 37 1 43 1 53 1 69 1 70 1 76 1 89 1 94 1 97 1 101 1 104 1 110 1 112 1 124 1 126 1 130 1 132 1 135 1 144 1 152 1 155 1 160 1 164 1 166 1 171 1 179 1 184 1 185 1 189 1 193 1 196 1
1 37 10 1 11 1 19 1 22 1 35 1 36 1 41 1 49 1 50 1 58 1 60 1 61 1 64 1 65 1 67 1 74 1 83 1 89 1 91 1 92 1 94 1 100 1 108 1 114 1 117 1 120 1 126 1 134 1 138 1 139 1 147 1 153 1 167 1 185 1 190 1 191 1 195 1
1 29 1 1 13 1 21 1 23 1 26 1 27 1 37 1 40 1 45 1 50 1 53 1 61 1 68 1 72 1 74 1 75 1 78 1 82 1 87 1 107 1 116 1 125 1 135 1 139 1 142 1 151 1 161 1 165 1 180 1
1 44 0 1 2 1 4 1 6 1 7 1 8 1 9 1 13 1 17 1 18 1 27 1 29 1 31 1 34 1 39 1 44 1 67 1 73 1 79 1 81 1 82 1 83 1 88 1 102 1 104 1 107 1 112 1 113 1 115 1 116 1 118 1 123 1 142 1 144 1 148 1 149 1 154 1 156 1 160 1 164 1 173 1 179 1 181 1 188 1
1 46 1 1 2 1 7 1 11 1 14 1 18 1 21 1 22 1 23 1 24 1 27 1 29 1 31 1 35 1 40 1 42 1 48 1 51 1 60 1 62 1 66 1 71 1 75 1 79 1 87 1 97 1 98 1 103 1 107 1 113 1 117 1 119 1 120 1 130 1 140 1 143 1 146 1 147 1 154 1 159 1 168 1 176 1 179 1 181 1 195 1 199 1
1 59 4 1 5 1 6 1 9 1 13 1 14 1 15 1 18 1 19 1 23 1 26 1 29 1 31 1 32 1 36 1 37 1 38 1 39 1 40 1 46 1 47 1 51 1 53 1 59 1 62 1 69 1 71 1 72 1 73 1 76 1 87 1 88 1 89 1 94 1 104 1 106 1 107 1 119 1 134 1 137 1 138 1 143 1 148 1 150 1 153 1 154 1 156 1 158 1 165 1 166 1 167 1 177 1 178 1 179 1 181 1 184 1 188 1 192 1 196 1
1 41 0 1 1 1 13 1 16 1 20 1 23 1 31 1 33 1 39 1 41 1 47 1 52 1 56 1 61 1 62 1 63 1 65 1 69 1 77 1 83 1 86 1 98 1 100 1 102 1 114 1 124 1 131 1 135 1 137 1 139 1 148 1 150 1 156 1 160 1 165 1 172 1 173 1 175 1 178 1 181 1 187 1
1 40 6 1 8 1 16 1 20 1 21 1 33 1 36 1 54 1 61 1 62 1 64 1 77 1 80 1 85 1 86 1 91 1 94 1 98 1 102 1 109 1 111 1 112 1 114 1 118 1 123 1 125 1 126 1 128 1 131 1 154 1 155 1 163 1 165 1 166 1 167 1 172 1 176 1 177 1 181 1 197 1
1 51 10 1 11 1 12 1 13 1 23 1 25 1 26 1 41 1 51 1 53 1 54 1 57 1 60 1 74 1 77 1 83 1 85 1 87 1 89 1 99 1 104 1 105 1 106 1 112 1 113 1 115 1 116 1 118 1 119 1 124 1 128 1 129 1 134 1 136 1 138 1 139 1 141 1 151 1 153 1 154 1 156 1 162 1 166 1 173 1 178 1 181 1 185 1 186 1 190 1 194 1 195 1
1 52 9 1 14 1 31 1 35 1 37 1 41 1 43 1 44 1 47 1 50 1 65 1 67 1 68 1 73 1 76 1 80 1 83 1 88 1 90 1 92 1 98 1 99 1 101 1 103 1 114 1 119 1 120 1 122 1 123 1 126 1 128 1 129 1 133 1 138 1 143 1 144 1 148 1 152 1 153 1 155 1 158 1 161 1 166 1 168 1 175 1 176 1 178 1 181 1 183 1 189 1 193 1 199 1
1 52 1 1 4 1 5 1 13 1 16 1 19 1 20 1 29 1 30 1 31 1 33 1 34 1 39 1 43 1 46 1 54 1 60 1 64 1 73 1 74 1 77 1 82 1 85 1 92 1 93 1 99 1 101 1 113 1 115 1 117 1 121 1 122 1 125 1 126 1 129 1 130 1 147 1 151 1 152 1 156 1 159 1 160 1 164 1 170 1 171 1 183 1 184 1 185 1 189 1 191 1 192 1 194 1
1 41 3 1 5 1 12 1 14 1 21 1 24 1 26 1 28 1 31 1 32 1 45 1 55 1 56 1 66 1 85 1 102 1 103 1 106 1 107 1 111 1 113 1 119 1 124 1 130 1 134 1 137 1 139 1 140 1 142 1 145 1 157 1 158 1 160 1 162 1 170 1 177 1 179 1 191 1 193 1 197 1 199 1
1 39 2 1 3 1 4 1 19 1 33 1 38 1 43 1 44 1 45 1 50 1 65 1 67 1 71 1 84 1 93 1 99 1 104 1 114 1 116 1 123 1 124 1 131 1 134 1 138 1 140 1 142 1 144 1 147 1 149 1 153 1 158 1 161 1 167 1 175 1 177 1 178 1 187 1 188 1 196 1
1 50 0 1 5 1 9 1 13 1 16 1 19 1 24 1 30 1 34 1 41 1 42 1 43 1 50 1 52 1 61 1 62 1 67 1 71 1 75 1 76 1 85 1 88 1 95 1 101 1 106 1 109 1 118 1 126 1 130 1 133 1 135 1 137 1 141 1 144 1 148 1 150 1 151 1 156 1 157 1 162 1 171 1 172 1 175 1 178 1 182 1 186 1 190 1 191 1 197 1 198 1
1 34 13 1 15 1 28 1 29 1 40 1 43 1 45 1 54 1 67 1 85 1 88 1 96 1 102 1 103 1 110 1 115 1 120 1 128 1 137 1 138 1 140 1 142 1 150 1 165 1 171 1 176 1 177 1 178 1 179 1 185 1 190 1 191 1 192 1 198 1
1 51 14 1 20 1 22 1 24 1 25 1 28 1 30 1 34 1 36 1 44 1 46 1 50 1 52 1 55 1 67 1 68 1 70 1 72 1 74 1 80 1 85 1 89 1 92 1 103 1 109 1 112 1 117 1 119 1 120 1 127 1 128 1 132 1 133 1 140 1 142 1 143 1 144 1 145 1 146 1 147 1 153 1 159 1 165 1 167 1 171 1 183 1 189 1 190 1 192 1 196 1 199 1
1 40 0 1 1 1 7 1 10 1 18 1 32 1 33 1 38 1 43 1 49 1 58 1 59 1 63 1 66 1 69 1 75 1 76 1 77 1 78 1 80 1 82 1 84 1 92 1 106 1 107 1 108 1 114 1 117 1 120 1 122 1 139 1 141 1 150 1 155 1 168 1 175 1 182 1 185 1 186 1 199 1
1 40 4 1 7 1 8 1 12 1 14 1 17 1 18 1 19 1 27 1 28 1 32 1 44 1 51 1 52 1 62 1 66 1 67 1 69 1 77 1 79 1 85 1 88 1 89 1 92 1 110 1 112 1 113 1 117 1 121 1 129 1 138 1 141 1 149 1 153 1 159 1 163 1 165 1 167 1 183 1 187 1
1 50 3 1 11 1 19 1 22 1 26 1 29 1 31 1 38 1 48 1 49 1 58 1 66 1 70 1 72 1 76 1 80 1 82 1 85 1 87 1 90 1 94 1 96 1 97 1 100 1 102 1 103 1 105 1 106 1 110 1 111 1 113 1 115 1 122 1 127 1 128 1 130 1 141 1 143 1 148 1 149 1 152 1 153 1 164 1 170 1 175 1 176 1 185 1 186 1 189 1 198 1
1 55 7 1 17 1 18 1 20 1 22 1 30 1 40 1 42 1 43 1 47 1 51 1 53 1 57 1 58 1 62 1 63 1 66 1 68 1 70 1 73 1 78 1 80 1 81 1 83 1 84 1 91 1 96 1 100 1 108 1 110 1 117 1 118 1 122 1 124 1 134 1 135 1 137 1 138 1 139 1 145 1 147 1 148 1 150 1 154 1 155 1 159 1 162 1 168 1 174 1 177 1 180 1 181 1 188 1 189 1 197 1
1 48 0 1 6 1 8 1 13 1 15 1 19 1 26 1 31 1 33 1 38 1 54 1 56 1 58 1 70 1 71 1 76 1 89 1 99 1 106 1 107 1 110 1 111 1 114 1 117 1 119 1 122 1 129 1 145 1 148 1 150 1 154 1 156 1 159 1 160 1 161 1 164 1 165 1 166 1 168 1 169 1 175 1 176 1 178 1 185 1 186 1 190 1 194 1 195 1
1 52 0 1 4 1 5 1 6 1 15 1 17 1 27 1 28 1 29 1 32 1 33 1 35 1 44 1 48 1 50 1 53 1 55 1 61 1 66 1 70 1 78 1 81 1 83 1 89 1 94 1 98 1 106 1 107 1 114 1 115 1 120 1 121 1 126 1 135 1 137 1 141 1 144 1 145 1 149 1 154 1 163 1 170 1 174 1 177 1 178 1 179 1 182 1 188 1 194 1 195 1 196 1 197 1
1 41 1 1 2 1 4 1 6 1 10 1 35 1 38 1 40 1 45 1 47 1 50 1 51 1 53 1 55 1 66 1 68 1 78 1 80 1 82 1 91 1 92 1 93 1 98 1 100 1 106 1 113 1 114 1 119 1 120 1 122 1 124 1 127 1 134 1 143 1 149 1 150 1 151 1 163 1 174 1 177 1 194 1
1 45 4 1 5 1 7 1 9 1 15 1 17 1 23 1 28 1 30 1 31 1 34 1 35 1 44 1 48 1 51 1 56 1 62 1 63 1 68 1 71 1 77 1 80 1 83 1 95 1 110 1 113 1 114 1 122 1 125 1 127 1 128 1 133 1 136 1 152 1 154 1 160 1 163 1 175 1 178 1 179 1 184 1 185 1 189 1 191 1 193 1
1 46 1 1 18 1 21 1 28 1 29 1 33 1 34 1 35 1 38 1 39 1 44 1 51 1 55 1 65 1 77 1 80 1 85 1 87 1 94 1 98 1 101 1 103 1 105 1 108 1 113 1 114 1 120 1 121 1 123 1 132 1 139 1 144 1 149 1 151 1 152 1 158 1 163 1 176 1 178 1 180 1 188 1 191 1 193 1 195 1 196 1 197 1
1 28 2 1 10 1 17 1 20 1 29 1 33 1 41 1 49 1 59 1 64 1 65 1 74 1 83 1 86 1 106 1 115 1 121 1 124 1 127 1 130 1 138 1 146 1 151 1 156 1 167 1 184 1 185 1 199 1
1 47 1 1 2 1 5 1 7 1 10 1 11 1 20 1 29 1 32 1 33 1 38 1 42 1 47 1 52 1 56 1 79 1 84 1 85 1 87 1 93 1 95 1 96 1 98 1 100 1 112 1 115 1 118 1 124 1 132 1 135 1 136 1 140 1 146 1 149 1 154 1 157 1 162 1 172 1 173 1 174 1 177 1 181 1 182 1 184 1 188 1 193 1 197 1
1 44 4 1 12 1 22 1 25 1 36 1 37 1 38 1 46 1 47 1 51 1 52 1 58 1 63 1 64 1 70 1 71 1 82 1 87 1 89 1 96 1 102 1 108 1 110 1 116 1 117 1 130 1 132 1 144 1 147 1 151 1 153 1 155 1 156 1 157 1 162 1 164 1 166 1 172 1 176 1 179 1 182 1 188 1 191 1 196 1
1 37 4 1 7 1 8 1 18 1 35 1 38 1 41 1 43 1 50 1 58 1 60 1 69 1 70 1 72 1 75 1 81 1 82 1 83 1 95 1 99 1 100 1 104 1 111 1 112 1 137 1 139 1 144 1 148 1 159 1 164 1 166 1 172 1 179 1 180 1 181 1 190 1 191 1
1 44 4 1 7 1 11 1 12 1 13 1 20 1 29 1 30 1 34 1 46 1 47 1 51 1 76 1 79 1 84 1 89 1 90 1 91 1 92 1 97 1 108 1 120 1 123 1 125 1 135 1 138 1 140 1 141 1 145 1 150 1 153 1 155 1 156 1 160 1 166 1 171 1 172 1 176 1 184 1 187 1 193 1 195 1 197 1 198 1
1 52 1 1 8 1 11 1 15 1 16 1 19 1 24 1 27 1 30 1 32 1 48 1 49 1 51 1 54 1 58 1 70 1 71 1 72 1 73 1 75 1 80 1 87 1 95 1 98 1 101 1 103 1 106 1 107 1 115 1 118 1 119 1 120 1 121 1 135 1 139 1 140 1 143 1 145 1 149 1 155 1 159 1 162 1 165 1 167 1 171 1 173 1 176 1 181 1 184 1 186 1 193 1 196 1
1 47 0 1 1 1 6 1 13 1 15 1 16 1 22 1 30 1 36 1 37 1 60 1 62 1 63 1 65 1 68 1 70 1 73 1 76 1 77 1 85 1 88 1 93 1 94 1 96 1 97 1 103 1 105 1 106 1 117 1 120 1 126 1 131 1 136 1 138 1 148 1 150 1 166 1 167 1 168 1 169 1 177 1 178 1 184 1 187 1 192 1 196 1 198 1
1 41 0 1 3 1 17 1 21 1 26 1 29 1 35 1 37 1 39 1 42 1 43 1 46 1 52 1 54 1 56 1 57 1 59 1 60 1 61 1 62 1 64 1 73 1 82 1 84 1 85 1 104 1 111 1 114 1 117 1 136 1 139 1 146 1 154 1 161 1 168 1 171 1 181 1 188 1 194 1 196 1 199 1
1 43 0 1 2 1 3 1 7 1 24 1 27 1 31 1 40 1 45 1 53 1 58 1 59 1 63 1 69 1 74 1 77 1 79 1 86 1 87 1 89 1 90 1 92 1 93 1 94 1 95 1 102 1 105 1 113 1 119 1 121 1 124 1 130 1 133 1 135 1 140 1 147 1 160 1 161 1 163 1 172 1 180 1 186 1 193 1
1 41 6 1 15 1 21 1 22 1 29 1 34 1 35 1 42 1 48 1 53 1 54 1 55 1 66 1 68 1 70 1 75 1 84 1 94 1 95 1 102 1 104 1 105 1 116 1 123 1 136 1 137 1 139 1 143 1 146 1 147 1 149 1 153 1 164 1 165 1 171 1 175 1 178 1 184 1 188 1 194 1 195 1
1 42 9 1 20 1 21 1 24 1 30 1 32 1 36 1 37 1 44 1 51 1 52 1 55 1 56 1 61 1 62 1 65 1 67 1 69 1 71 1 76 1 82 1 85 1 88 1 104 1 109 1 115 1 121 1 122 1 123 1 127 1 128 1 142 1 144 1 153 1 166 1 167 1 175 1 176 1 180 1 187 1 193 1 197 1
1 52 1 1 2 1 4 1 5 1 6 1 7 1 18 1 20 1 21 1 28 1 29 1 38 1 42 1 44 1 50 1 51 1 52 1 53 1 55 1 61 1 70 1 79 1 81 1 83 1 85 1 87 1 89 1 90 1 91 1 97 1 100 1 107 1 110 1 114 1 118 1 119 1 121 1 123 1 134 1 139 1 140 1 151 1 158 1 160 1 167 1 181 1 182 1 183 1 185 1 188 1 192 1 199 1
1 50 7 1 15 1 16 1 18 1 21 1 23 1 24 1 30 1 37 1 54 1 60 1 66 1 68 1 69 1 71 1 72 1 74 1 79 1 82 1 84 1 85 1 88 1 91 1 100 1 102 1 103 1 104 1 111 1 113 1 115 1 120 1 128 1 129 1 130 1 131 1 137 1 144 1 150 1 151 1 157 1 161 1 163 1 168 1 169 1 170 1 174 1 175 1 189 1 190 1 192 1
incumbent 1
0 0 0 0 0 1 0 0 0 0 0 0 0 0 0 0 0 0 0 0 0 0 0 0 0 0 0 0 0 0 0 0 0 0 0 0 0 0 0 0 0 0 0 0 0 0 0 0 0 0 0 0 0 0 0 0 0 0 0 0 0 0 1 0 0 0 1 0 0 0 0 0 0 0 0 0 0 0 0 0 0 0 0 0 0 0 0 0 0 0 0 0 0 0 0 0 0 0 0 0 0 0 0 1 0 0 0 0 0 0 0 0 0 0 0 0 0 0 0 0 0 0 0 0 0 0 0 0 0 0 0 0 0 0 0 0 0 0 0 0 0 0 1 0 0 0 0 0 0 0 0 0 0 0 0 0 0 0 0 0 0 0 0 0 0 0 0 0 0 0 0 0 0 0 0 0 0 0 0 0 0 0 0 0 1 0 1 0 0 0 0 1 0 0 0 0 0 0 0 0
