200 1288
5 25 12 9 22 29 29 12 22 8 29 29 14 15 11 16 14 28 30 16 7 5 4 17 8 29 19 28 27 14 26 13 25 1 26 14 2 7 10 1 20 28 5 21 9 10 17 11 1 16 29 9 6 17 29 5 9 28 28 3 1 21 10 5 2 19 20 4 13 27 2 30 19 13 30 13 8 20 14 30 16 21 28 29 8 30 2 29 28 27 26 8 2 6 13 20 18 15 12 13 25 12 7 29 27 22 4 15 5 18 21 27 10 17 13 3 26 14 27 16 4 5 10 1 14 30 29 10 19 2 9 6 18 19 27 9 16 17 15 23 11 12 11 7 12 12 30 20 11 2 10 11 13 28 25 28 13 20 11 18 9 25 16 21 24 4 7 21 28 24 29 18 28 10 21 30 10 26 19 6 6 2 6 8 10 1 25 9 6 13 9 14 11 7 21 4 25 1 24 23
1 2 0 1 63 1
1 2 0 1 82 1
1 2 0 1 94 1
1 2 0 1 96 1
1 2 0 1 113 1
1 2 0 1 117 1
1 2 0 1 122 1
1 2 0 1 146 1
1 2 0 1 151 1
1 2 0 1 190 1
1 2 0 1 196 1
1 2 1 1 5 1
1 2 1 1 10 1
1 2 1 1 14 1
1 2 1 1 26 1
1 2 1 1 43 1
1 2 1 1 53 1
1 2 1 1 67 1
1 2 1 1 89 1
1 2 1 1 93 1
1 2 1 1 104 1
1 2 1 1 140 1
1 2 1 1 148 1
1 2 1 1 174 1
1 2 1 1 183 1
1 2 1 1 195 1
1 2 2 1 10 1
1 2 2 1 26 1
1 2 2 1 35 1
1 2 2 1 52 1
1 2 2 1 57 1
1 2 2 1 60 1
1 2 2 1 73 1
1 2 2 1 89 1
1 2 2 1 105 1
1 2 2 1 108 1
1 2 2 1 128 1
1 2 2 1 129 1
1 2 2 1 150 1
1 2 2 1 159 1
1 2 2 1 180 1
1 2 2 1 182 1
1 2 2 1 184 1
1 2 2 1 195 1
1 2 3 1 40 1
1 2 3 1 48 1
1 2 3 1 64 1
1 2 3 1 72 1
1 2 3 1 74 1
1 2 3 1 119 1
1 2 3 1 138 1
1 2 3 1 164 1
1 2 3 1 174 1
1 2 4 1 20 1
1 2 4 1 24 1
1 2 4 1 56 1
1 2 4 1 57 1
1 2 4 1 73 1
1 2 4 1 90 1
1 2 4 1 102 1
1 2 4 1 117 1
1 2 4 1 121 1
1 2 4 1 122 1
1 2 4 1 138 1
1 2 4 1 141 1
1 2 4 1 142 1
1 2 4 1 145 1
1 2 4 1 153 1
1 2 4 1 176 1
1 2 4 1 198 1
1 2 5 1 10 1
1 2 5 1 36 1
1 2 5 1 42 1
1 2 5 1 78 1
1 2 5 1 110 1
1 2 5 1 124 1
1 2 5 1 126 1
1 2 5 1 143 1
1 2 5 1 191 1
1 2 6 1 8 1
1 2 6 1 18 1
1 2 6 1 81 1
1 2 6 1 90 1
1 2 6 1 97 1
1 2 6 1 146 1
1 2 6 1 168 1
1 2 6 1 174 1
1 2 6 1 176 1
1 2 7 1 12 1
1 2 7 1 14 1
1 2 7 1 19 1
1 2 7 1 62 1
1 2 7 1 68 1
1 2 7 1 83 1
1 2 7 1 85 1
1 2 7 1 116 1
1 2 7 1 135 1
1 2 7 1 159 1
1 2 8 1 11 1
1 2 8 1 14 1
1 2 8 1 22 1
1 2 8 1 63 1
1 2 8 1 147 1
1 2 8 1 155 1
1 2 8 1 193 1
1 2 9 1 37 1
1 2 9 1 42 1
1 2 9 1 50 1
1 2 9 1 72 1
1 2 9 1 73 1
1 2 9 1 81 1
1 2 9 1 98 1
1 2 9 1 101 1
1 2 9 1 110 1
1 2 9 1 127 1
1 2 9 1 146 1
1 2 9 1 150 1
1 2 9 1 159 1
1 2 9 1 160 1
1 2 9 1 167 1
1 2 9 1 183 1
1 2 9 1 194 1
1 2 9 1 197 1
1 2 10 1 29 1
1 2 10 1 38 1
1 2 10 1 55 1
1 2 10 1 61 1
1 2 10 1 74 1
1 2 10 1 75 1
1 2 10 1 82 1
1 2 10 1 96 1
1 2 10 1 128 1
1 2 10 1 129 1
1 2 10 1 146 1
1 2 10 1 185 1
1 2 11 1 59 1
1 2 11 1 73 1
1 2 11 1 102 1
1 2 11 1 156 1
1 2 11 1 168 1
1 2 11 1 182 1
1 2 11 1 193 1
1 2 11 1 196 1
1 2 12 1 15 1
1 2 12 1 16 1
1 2 12 1 42 1
1 2 12 1 45 1
1 2 12 1 59 1
1 2 12 1 70 1
1 2 12 1 94 1
1 2 12 1 126 1
1 2 12 1 141 1
1 2 12 1 183 1
1 2 13 1 47 1
1 2 13 1 80 1
1 2 13 1 95 1
1 2 13 1 122 1
1 2 13 1 137 1
1 2 13 1 156 1
1 2 13 1 159 1
1 2 13 1 164 1
1 2 13 1 195 1
1 2 14 1 42 1
1 2 14 1 53 1
1 2 14 1 103 1
1 2 14 1 117 1
1 2 14 1 120 1
1 2 14 1 130 1
1 2 14 1 167 1
1 2 14 1 171 1
1 2 14 1 188 1
1 2 15 1 27 1
1 2 15 1 40 1
1 2 15 1 46 1
1 2 15 1 97 1
1 2 15 1 141 1
1 2 15 1 165 1
1 2 15 1 176 1
1 2 15 1 177 1
1 2 15 1 181 1
1 2 15 1 182 1
1 2 15 1 195 1
1 2 16 1 43 1
1 2 16 1 69 1
1 2 16 1 81 1
1 2 16 1 95 1
1 2 16 1 103 1
1 2 16 1 111 1
1 2 16 1 119 1
1 2 16 1 142 1
1 2 16 1 151 1
1 2 16 1 163 1
1 2 16 1 177 1
1 2 16 1 192 1
1 2 17 1 49 1
1 2 17 1 78 1
1 2 17 1 83 1
1 2 17 1 91 1
1 2 17 1 93 1
1 2 17 1 96 1
1 2 17 1 102 1
1 2 17 1 117 1
1 2 17 1 148 1
1 2 17 1 151 1
1 2 17 1 152 1
1 2 17 1 162 1
1 2 17 1 199 1
1 2 18 1 35 1
1 2 18 1 39 1
1 2 18 1 53 1
1 2 18 1 58 1
1 2 18 1 73 1
1 2 18 1 78 1
1 2 18 1 81 1
1 2 18 1 85 1
1 2 18 1 106 1
1 2 18 1 109 1
1 2 18 1 114 1
1 2 18 1 116 1
1 2 18 1 138 1
1 2 18 1 148 1
1 2 18 1 155 1
1 2 18 1 174 1
1 2 18 1 183 1
1 2 19 1 46 1
1 2 19 1 69 1
1 2 19 1 73 1
1 2 19 1 98 1
1 2 19 1 112 1
1 2 19 1 155 1
1 2 19 1 171 1
1 2 19 1 172 1
1 2 19 1 194 1
1 2 20 1 23 1
1 2 20 1 42 1
1 2 20 1 54 1
1 2 20 1 69 1
1 2 20 1 88 1
1 2 20 1 120 1
1 2 20 1 123 1
1 2 20 1 125 1
1 2 20 1 184 1
1 2 21 1 40 1
1 2 21 1 69 1
1 2 21 1 77 1
1 2 21 1 79 1
1 2 21 1 100 1
1 2 21 1 151 1
1 2 21 1 157 1
1 2 21 1 165 1
1 2 21 1 195 1
1 2 22 1 35 1
1 2 22 1 59 1
1 2 22 1 71 1
1 2 22 1 90 1
1 2 22 1 92 1
1 2 22 1 94 1
1 2 22 1 95 1
1 2 22 1 98 1
1 2 22 1 101 1
1 2 22 1 103 1
1 2 22 1 110 1
1 2 22 1 159 1
1 2 22 1 174 1
1 2 22 1 175 1
1 2 22 1 186 1
1 2 22 1 189 1
1 2 23 1 28 1
1 2 23 1 34 1
1 2 23 1 83 1
1 2 23 1 99 1
1 2 23 1 105 1
1 2 23 1 111 1
1 2 23 1 114 1
1 2 23 1 124 1
1 2 23 1 141 1
1 2 23 1 143 1
1 2 23 1 167 1
1 2 23 1 192 1
1 2 23 1 193 1
1 2 24 1 35 1
1 2 24 1 36 1
1 2 24 1 61 1
1 2 24 1 77 1
1 2 24 1 81 1
1 2 24 1 89 1
1 2 24 1 102 1
1 2 24 1 130 1
1 2 24 1 153 1
1 2 24 1 161 1
1 2 24 1 194 1
1 2 24 1 198 1
1 2 25 1 72 1
1 2 25 1 75 1
1 2 25 1 80 1
1 2 25 1 95 1
1 2 25 1 111 1
1 2 25 1 137 1
1 2 25 1 159 1
1 2 25 1 163 1
1 2 25 1 180 1
1 2 25 1 182 1
1 2 25 1 194 1
1 2 26 1 37 1
1 2 26 1 39 1
1 2 26 1 47 1
1 2 26 1 75 1
1 2 26 1 98 1
1 2 26 1 115 1
1 2 26 1 129 1
1 2 26 1 131 1
1 2 26 1 188 1
1 2 26 1 199 1
1 2 27 1 51 1
1 2 27 1 69 1
1 2 27 1 83 1
1 2 27 1 93 1
1 2 27 1 104 1
1 2 27 1 127 1
1 2 27 1 138 1
1 2 27 1 146 1
1 2 27 1 150 1
1 2 27 1 159 1
1 2 27 1 170 1
1 2 27 1 173 1
1 2 27 1 191 1
1 2 27 1 195 1
1 2 27 1 197 1
1 2 28 1 38 1
1 2 28 1 48 1
1 2 28 1 52 1
1 2 28 1 56 1
1 2 28 1 85 1
1 2 28 1 88 1
1 2 28 1 92 1
1 2 28 1 106 1
1 2 28 1 115 1
1 2 28 1 119 1
1 2 28 1 139 1
1 2 28 1 158 1
1 2 28 1 170 1
1 2 28 1 171 1
1 2 28 1 192 1
1 2 29 1 31 1
1 2 29 1 33 1
1 2 29 1 43 1
1 2 29 1 62 1
1 2 29 1 72 1
1 2 29 1 74 1
1 2 29 1 80 1
1 2 29 1 102 1
1 2 29 1 112 1
1 2 29 1 117 1
1 2 29 1 120 1
1 2 29 1 137 1
1 2 29 1 158 1
1 2 29 1 191 1
1 2 29 1 199 1
1 2 30 1 88 1
1 2 30 1 90 1
1 2 30 1 93 1
1 2 30 1 103 1
1 2 30 1 116 1
1 2 30 1 118 1
1 2 30 1 128 1
1 2 30 1 133 1
1 2 30 1 179 1
1 2 30 1 180 1
1 2 31 1 54 1
1 2 31 1 68 1
1 2 31 1 86 1
1 2 31 1 92 1
1 2 31 1 104 1
1 2 31 1 108 1
1 2 31 1 119 1
1 2 31 1 129 1
1 2 31 1 141 1
1 2 31 1 157 1
1 2 31 1 159 1
1 2 31 1 167 1
1 2 31 1 171 1
1 2 31 1 182 1
1 2 32 1 33 1
1 2 32 1 43 1
1 2 32 1 50 1
1 2 32 1 55 1
1 2 32 1 83 1
1 2 32 1 105 1
1 2 32 1 132 1
1 2 32 1 144 1
1 2 32 1 168 1
1 2 32 1 178 1
1 2 33 1 57 1
1 2 33 1 69 1
1 2 33 1 71 1
1 2 33 1 126 1
1 2 33 1 128 1
1 2 33 1 138 1
1 2 33 1 166 1
1 2 33 1 175 1
1 2 33 1 185 1
1 2 33 1 190 1
1 2 34 1 59 1
1 2 34 1 67 1
1 2 34 1 68 1
1 2 34 1 81 1
1 2 34 1 98 1
1 2 34 1 99 1
1 2 34 1 119 1
1 2 34 1 175 1
1 2 34 1 192 1
1 2 35 1 55 1
1 2 35 1 57 1
1 2 35 1 70 1
1 2 35 1 80 1
1 2 35 1 108 1
1 2 35 1 119 1
1 2 35 1 141 1
1 2 35 1 152 1
1 2 35 1 171 1
1 2 36 1 38 1
1 2 36 1 42 1
1 2 36 1 52 1
1 2 36 1 102 1
1 2 36 1 128 1
1 2 36 1 129 1
1 2 36 1 139 1
1 2 36 1 149 1
1 2 36 1 150 1
1 2 36 1 153 1
1 2 36 1 162 1
1 2 36 1 175 1
1 2 36 1 183 1
1 2 36 1 190 1
1 2 36 1 194 1
1 2 37 1 40 1
1 2 37 1 50 1
1 2 37 1 81 1
1 2 37 1 94 1
1 2 37 1 96 1
1 2 37 1 100 1
1 2 37 1 133 1
1 2 37 1 139 1
1 2 37 1 149 1
1 2 37 1 151 1
1 2 37 1 182 1
1 2 37 1 191 1
1 2 38 1 64 1
1 2 38 1 69 1
1 2 38 1 70 1
1 2 38 1 75 1
1 2 38 1 112 1
1 2 38 1 114 1
1 2 38 1 127 1
1 2 38 1 149 1
1 2 38 1 195 1
1 2 39 1 80 1
1 2 39 1 126 1
1 2 39 1 127 1
1 2 39 1 144 1
1 2 39 1 160 1
1 2 39 1 162 1
1 2 40 1 77 1
1 2 40 1 91 1
1 2 40 1 120 1
1 2 40 1 169 1
1 2 40 1 174 1
1 2 40 1 187 1
1 2 40 1 196 1
1 2 41 1 56 1
1 2 41 1 73 1
1 2 41 1 115 1
1 2 41 1 121 1
1 2 41 1 144 1
1 2 41 1 150 1
1 2 41 1 170 1
1 2 41 1 183 1
1 2 41 1 189 1
1 2 41 1 195 1
1 2 42 1 56 1
1 2 42 1 126 1
1 2 42 1 131 1
1 2 42 1 133 1
1 2 42 1 142 1
1 2 42 1 158 1
1 2 42 1 175 1
1 2 42 1 197 1
1 2 43 1 75 1
1 2 43 1 76 1
1 2 43 1 80 1
1 2 43 1 84 1
1 2 43 1 112 1
1 2 43 1 135 1
1 2 43 1 161 1
1 2 43 1 171 1
1 2 43 1 174 1
1 2 43 1 180 1
1 2 44 1 46 1
1 2 44 1 50 1
1 2 44 1 69 1
1 2 44 1 112 1
1 2 44 1 118 1
1 2 44 1 121 1
1 2 44 1 123 1
1 2 44 1 184 1
1 2 44 1 188 1
1 2 44 1 198 1
1 2 45 1 58 1
1 2 45 1 97 1
1 2 45 1 124 1
1 2 45 1 133 1
1 2 45 1 134 1
1 2 45 1 186 1
1 2 46 1 85 1
1 2 46 1 89 1
1 2 46 1 109 1
1 2 46 1 139 1
1 2 46 1 141 1
1 2 46 1 147 1
1 2 47 1 50 1
1 2 47 1 58 1
1 2 47 1 61 1
1 2 47 1 63 1
1 2 47 1 71 1
1 2 47 1 87 1
1 2 47 1 93 1
1 2 47 1 114 1
1 2 47 1 119 1
1 2 47 1 126 1
1 2 47 1 138 1
1 2 47 1 143 1
1 2 47 1 171 1
1 2 47 1 182 1
1 2 47 1 185 1
1 2 48 1 102 1
1 2 48 1 123 1
1 2 48 1 131 1
1 2 48 1 156 1
1 2 48 1 164 1
1 2 48 1 170 1
1 2 48 1 171 1
1 2 48 1 184 1
1 2 49 1 86 1
1 2 49 1 116 1
1 2 49 1 120 1
1 2 49 1 143 1
1 2 49 1 147 1
1 2 49 1 164 1
1 2 49 1 178 1
1 2 50 1 92 1
1 2 50 1 94 1
1 2 50 1 99 1
1 2 50 1 126 1
1 2 50 1 142 1
1 2 50 1 161 1
1 2 50 1 166 1
1 2 50 1 173 1
1 2 50 1 175 1
1 2 50 1 185 1
1 2 50 1 192 1
1 2 51 1 52 1
1 2 51 1 82 1
1 2 51 1 85 1
1 2 51 1 96 1
1 2 51 1 122 1
1 2 51 1 150 1
1 2 51 1 151 1
1 2 51 1 173 1
1 2 51 1 177 1
1 2 51 1 178 1
1 2 51 1 186 1
1 2 51 1 190 1
1 2 51 1 198 1
1 2 52 1 57 1
1 2 52 1 65 1
1 2 52 1 97 1
1 2 52 1 112 1
1 2 52 1 122 1
1 2 52 1 129 1
1 2 52 1 152 1
1 2 52 1 191 1
1 2 52 1 198 1
1 2 53 1 58 1
1 2 53 1 61 1
1 2 53 1 67 1
1 2 53 1 68 1
1 2 53 1 99 1
1 2 53 1 108 1
1 2 53 1 119 1
1 2 53 1 130 1
1 2 53 1 136 1
1 2 53 1 151 1
1 2 53 1 152 1
1 2 53 1 159 1
1 2 53 1 170 1
1 2 53 1 174 1
1 2 53 1 177 1
1 2 53 1 193 1
1 2 54 1 117 1
1 2 54 1 142 1
1 2 54 1 152 1
1 2 54 1 161 1
1 2 54 1 169 1
1 2 54 1 179 1
1 2 54 1 180 1
1 2 54 1 193 1
1 2 55 1 56 1
1 2 55 1 71 1
1 2 55 1 109 1
1 2 55 1 129 1
1 2 55 1 142 1
1 2 55 1 177 1
1 2 55 1 185 1
1 2 55 1 194 1
1 2 55 1 198 1
1 2 56 1 78 1
1 2 56 1 118 1
1 2 56 1 121 1
1 2 56 1 122 1
1 2 56 1 140 1
1 2 56 1 177 1
1 2 57 1 96 1
1 2 57 1 98 1
1 2 57 1 112 1
1 2 57 1 122 1
1 2 57 1 130 1
1 2 57 1 138 1
1 2 57 1 146 1
1 2 57 1 151 1
1 2 57 1 153 1
1 2 57 1 156 1
1 2 57 1 174 1
1 2 57 1 185 1
1 2 57 1 189 1
1 2 58 1 66 1
1 2 58 1 69 1
1 2 58 1 87 1
1 2 58 1 115 1
1 2 58 1 138 1
1 2 58 1 148 1
1 2 58 1 163 1
1 2 58 1 178 1
1 2 58 1 183 1
1 2 58 1 189 1
1 2 58 1 192 1
1 2 58 1 193 1
1 2 58 1 198 1
1 2 59 1 66 1
1 2 59 1 81 1
1 2 59 1 100 1
1 2 59 1 110 1
1 2 59 1 148 1
1 2 59 1 154 1
1 2 59 1 157 1
1 2 60 1 67 1
1 2 60 1 79 1
1 2 60 1 109 1
1 2 60 1 153 1
1 2 60 1 162 1
1 2 60 1 194 1
1 2 60 1 198 1
1 2 61 1 62 1
1 2 61 1 68 1
1 2 61 1 106 1
1 2 61 1 159 1
1 2 61 1 165 1
1 2 61 1 168 1
1 2 61 1 176 1
1 2 61 1 184 1
1 2 61 1 187 1
1 2 61 1 189 1
1 2 62 1 82 1
1 2 62 1 84 1
1 2 62 1 96 1
1 2 62 1 116 1
1 2 62 1 133 1
1 2 62 1 157 1
1 2 63 1 64 1
1 2 63 1 65 1
1 2 63 1 72 1
1 2 63 1 79 1
1 2 63 1 89 1
1 2 63 1 131 1
1 2 63 1 188 1
1 2 64 1 70 1
1 2 64 1 73 1
1 2 64 1 75 1
1 2 64 1 87 1
1 2 64 1 102 1
1 2 64 1 109 1
1 2 64 1 133 1
1 2 64 1 144 1
1 2 64 1 149 1
1 2 64 1 157 1
1 2 64 1 179 1
1 2 65 1 66 1
1 2 65 1 81 1
1 2 65 1 88 1
1 2 65 1 89 1
1 2 65 1 132 1
1 2 65 1 174 1
1 2 65 1 191 1
1 2 66 1 75 1
1 2 66 1 78 1
1 2 66 1 82 1
1 2 66 1 109 1
1 2 66 1 114 1
1 2 66 1 138 1
1 2 66 1 147 1
1 2 66 1 193 1
1 2 66 1 195 1
1 2 67 1 68 1
1 2 67 1 74 1
1 2 67 1 80 1
1 2 67 1 92 1
1 2 67 1 94 1
1 2 67 1 95 1
1 2 67 1 115 1
1 2 67 1 129 1
1 2 67 1 137 1
1 2 67 1 144 1
1 2 67 1 165 1
1 2 67 1 166 1
1 2 67 1 167 1
1 2 67 1 180 1
1 2 68 1 80 1
1 2 68 1 87 1
1 2 68 1 137 1
1 2 68 1 154 1
1 2 68 1 166 1
1 2 68 1 185 1
1 2 69 1 80 1
1 2 69 1 88 1
1 2 69 1 99 1
1 2 69 1 103 1
1 2 69 1 115 1
1 2 69 1 123 1
1 2 69 1 126 1
1 2 69 1 131 1
1 2 69 1 183 1
1 2 69 1 191 1
1 2 69 1 195 1
1 2 70 1 102 1
1 2 70 1 115 1
1 2 70 1 126 1
1 2 70 1 132 1
1 2 70 1 148 1
1 2 70 1 156 1
1 2 71 1 95 1
1 2 71 1 97 1
1 2 71 1 101 1
1 2 71 1 114 1
1 2 71 1 154 1
1 2 71 1 172 1
1 2 71 1 176 1
1 2 71 1 190 1
1 2 71 1 196 1
1 2 72 1 75 1
1 2 72 1 79 1
1 2 72 1 91 1
1 2 72 1 103 1
1 2 72 1 108 1
1 2 72 1 145 1
1 2 72 1 151 1
1 2 72 1 161 1
1 2 72 1 163 1
1 2 72 1 175 1
1 2 73 1 96 1
1 2 73 1 106 1
1 2 73 1 111 1
1 2 73 1 123 1
1 2 73 1 129 1
1 2 73 1 141 1
1 2 73 1 142 1
1 2 73 1 143 1
1 2 73 1 163 1
1 2 73 1 171 1
1 2 73 1 180 1
1 2 74 1 88 1
1 2 74 1 110 1
1 2 74 1 124 1
1 2 74 1 126 1
1 2 74 1 142 1
1 2 74 1 145 1
1 2 74 1 150 1
1 2 74 1 186 1
1 2 75 1 112 1
1 2 75 1 130 1
1 2 75 1 159 1
1 2 75 1 167 1
1 2 75 1 178 1
1 2 75 1 188 1
1 2 75 1 191 1
1 2 75 1 193 1
1 2 76 1 77 1
1 2 76 1 101 1
1 2 76 1 136 1
1 2 76 1 138 1
1 2 76 1 155 1
1 2 76 1 160 1
1 2 77 1 87 1
1 2 77 1 94 1
1 2 77 1 95 1
1 2 77 1 100 1
1 2 77 1 140 1
1 2 77 1 152 1
1 2 77 1 164 1
1 2 77 1 172 1
1 2 77 1 192 1
1 2 77 1 193 1
1 2 77 1 195 1
1 2 78 1 97 1
1 2 78 1 143 1
1 2 78 1 150 1
1 2 78 1 155 1
1 2 78 1 159 1
1 2 78 1 187 1
1 2 79 1 99 1
1 2 79 1 121 1
1 2 79 1 172 1
1 2 79 1 195 1
1 2 79 1 196 1
1 2 80 1 101 1
1 2 80 1 105 1
1 2 80 1 112 1
1 2 80 1 123 1
1 2 80 1 143 1
1 2 80 1 158 1
1 2 80 1 169 1
1 2 81 1 89 1
1 2 81 1 103 1
1 2 81 1 111 1
1 2 81 1 131 1
1 2 81 1 140 1
1 2 81 1 141 1
1 2 81 1 177 1
1 2 82 1 98 1
1 2 82 1 126 1
1 2 82 1 146 1
1 2 82 1 169 1
1 2 82 1 184 1
1 2 82 1 189 1
1 2 82 1 198 1
1 2 83 1 103 1
1 2 83 1 106 1
1 2 83 1 133 1
1 2 83 1 146 1
1 2 84 1 99 1
1 2 84 1 105 1
1 2 84 1 111 1
1 2 84 1 124 1
1 2 84 1 135 1
1 2 84 1 139 1
1 2 84 1 197 1
1 2 85 1 102 1
1 2 85 1 111 1
1 2 86 1 100 1
1 2 86 1 143 1
1 2 86 1 144 1
1 2 86 1 149 1
1 2 86 1 156 1
1 2 86 1 160 1
1 2 86 1 177 1
1 2 86 1 184 1
1 2 86 1 199 1
1 2 87 1 110 1
1 2 87 1 136 1
1 2 87 1 152 1
1 2 87 1 156 1
1 2 87 1 161 1
1 2 87 1 182 1
1 2 87 1 186 1
1 2 87 1 189 1
1 2 88 1 91 1
1 2 88 1 111 1
1 2 88 1 130 1
1 2 88 1 131 1
1 2 88 1 143 1
1 2 88 1 154 1
1 2 88 1 159 1
1 2 88 1 189 1
1 2 89 1 106 1
1 2 89 1 111 1
1 2 89 1 118 1
1 2 89 1 146 1
1 2 89 1 148 1
1 2 89 1 149 1
1 2 89 1 162 1
1 2 89 1 186 1
1 2 89 1 188 1
1 2 89 1 193 1
1 2 89 1 198 1
1 2 90 1 91 1
1 2 90 1 117 1
1 2 90 1 134 1
1 2 91 1 109 1
1 2 91 1 113 1
1 2 91 1 119 1
1 2 91 1 142 1
1 2 91 1 144 1
1 2 91 1 149 1
1 2 91 1 154 1
1 2 91 1 158 1
1 2 91 1 172 1
1 2 91 1 173 1
1 2 91 1 176 1
1 2 91 1 181 1
1 2 92 1 93 1
1 2 92 1 106 1
1 2 92 1 115 1
1 2 92 1 136 1
1 2 92 1 139 1
1 2 92 1 153 1
1 2 92 1 177 1
1 2 92 1 184 1
1 2 92 1 187 1
1 2 92 1 199 1
1 2 93 1 122 1
1 2 93 1 128 1
1 2 93 1 133 1
1 2 93 1 165 1
1 2 93 1 181 1
1 2 94 1 103 1
1 2 94 1 119 1
1 2 94 1 139 1
1 2 94 1 141 1
1 2 94 1 144 1
1 2 94 1 145 1
1 2 94 1 148 1
1 2 94 1 149 1
1 2 94 1 171 1
1 2 94 1 187 1
1 2 94 1 192 1
1 2 95 1 111 1
1 2 95 1 115 1
1 2 95 1 125 1
1 2 95 1 136 1
1 2 95 1 147 1
1 2 95 1 162 1
1 2 95 1 185 1
1 2 95 1 190 1
1 2 95 1 198 1
1 2 96 1 114 1
1 2 96 1 119 1
1 2 96 1 121 1
1 2 96 1 167 1
1 2 96 1 185 1
1 2 97 1 104 1
1 2 97 1 106 1
1 2 97 1 108 1
1 2 97 1 119 1
1 2 97 1 125 1
1 2 97 1 126 1
1 2 97 1 131 1
1 2 97 1 132 1
1 2 97 1 138 1
1 2 97 1 140 1
1 2 97 1 148 1
1 2 97 1 166 1
1 2 97 1 172 1
1 2 97 1 194 1
1 2 98 1 108 1
1 2 98 1 116 1
1 2 98 1 121 1
1 2 98 1 136 1
1 2 98 1 137 1
1 2 98 1 167 1
1 2 98 1 194 1
1 2 98 1 196 1
1 2 99 1 104 1
1 2 99 1 125 1
1 2 99 1 136 1
1 2 99 1 156 1
1 2 99 1 169 1
1 2 99 1 180 1
1 2 99 1 185 1
1 2 100 1 105 1
1 2 100 1 111 1
1 2 100 1 115 1
1 2 100 1 131 1
1 2 100 1 141 1
1 2 100 1 183 1
1 2 101 1 103 1
1 2 101 1 108 1
1 2 101 1 113 1
1 2 101 1 126 1
1 2 101 1 141 1
1 2 101 1 143 1
1 2 101 1 168 1
1 2 101 1 178 1
1 2 101 1 179 1
1 2 101 1 188 1
1 2 102 1 128 1
1 2 102 1 134 1
1 2 102 1 139 1
1 2 102 1 161 1
1 2 102 1 191 1
1 2 102 1 199 1
1 2 103 1 106 1
1 2 103 1 116 1
1 2 103 1 118 1
1 2 103 1 127 1
1 2 103 1 159 1
1 2 103 1 166 1
1 2 103 1 174 1
1 2 103 1 183 1
1 2 104 1 131 1
1 2 104 1 138 1
1 2 104 1 146 1
1 2 104 1 163 1
1 2 104 1 179 1
1 2 105 1 152 1
1 2 105 1 155 1
1 2 105 1 173 1
1 2 105 1 189 1
1 2 106 1 114 1
1 2 106 1 134 1
1 2 106 1 137 1
1 2 107 1 120 1
1 2 107 1 132 1
1 2 107 1 160 1
1 2 107 1 169 1
1 2 108 1 132 1
1 2 108 1 136 1
1 2 108 1 139 1
1 2 108 1 142 1
1 2 108 1 166 1
1 2 108 1 184 1
1 2 108 1 197 1
1 2 109 1 146 1
1 2 109 1 175 1
1 2 109 1 188 1
1 2 110 1 130 1
1 2 110 1 156 1
1 2 110 1 166 1
1 2 110 1 177 1
1 2 110 1 178 1
1 2 110 1 191 1
1 2 110 1 192 1
1 2 110 1 194 1
1 2 110 1 197 1
1 2 111 1 127 1
1 2 111 1 132 1
1 2 111 1 143 1
1 2 111 1 154 1
1 2 111 1 189 1
1 2 111 1 192 1
1 2 112 1 135 1
1 2 112 1 151 1
1 2 112 1 154 1
1 2 112 1 160 1
1 2 112 1 161 1
1 2 112 1 179 1
1 2 112 1 192 1
1 2 113 1 145 1
1 2 113 1 149 1
1 2 113 1 159 1
1 2 113 1 163 1
1 2 113 1 165 1
1 2 114 1 122 1
1 2 114 1 130 1
1 2 114 1 177 1
1 2 114 1 185 1
1 2 115 1 138 1
1 2 115 1 140 1
1 2 115 1 144 1
1 2 115 1 150 1
1 2 115 1 157 1
1 2 115 1 163 1
1 2 115 1 175 1
1 2 115 1 198 1
1 2 116 1 123 1
1 2 116 1 124 1
1 2 116 1 152 1
1 2 116 1 162 1
1 2 116 1 164 1
1 2 116 1 175 1
1 2 117 1 125 1
1 2 117 1 127 1
1 2 117 1 138 1
1 2 117 1 140 1
1 2 117 1 144 1
1 2 117 1 145 1
1 2 117 1 160 1
1 2 117 1 173 1
1 2 117 1 179 1
1 2 117 1 199 1
1 2 118 1 164 1
1 2 118 1 198 1
1 2 119 1 134 1
1 2 119 1 136 1
1 2 119 1 178 1
1 2 119 1 197 1
1 2 120 1 123 1
1 2 120 1 124 1
1 2 120 1 127 1
1 2 120 1 140 1
1 2 120 1 141 1
1 2 120 1 143 1
1 2 120 1 145 1
1 2 120 1 158 1
1 2 120 1 160 1
1 2 120 1 172 1
1 2 120 1 180 1
1 2 121 1 129 1
1 2 121 1 132 1
1 2 121 1 137 1
1 2 121 1 141 1
1 2 121 1 175 1
1 2 122 1 144 1
1 2 122 1 167 1
1 2 122 1 169 1
1 2 122 1 180 1
1 2 122 1 186 1
1 2 123 1 131 1
1 2 123 1 154 1
1 2 123 1 160 1
1 2 123 1 167 1
1 2 123 1 168 1
1 2 124 1 129 1
1 2 124 1 142 1
1 2 124 1 162 1
1 2 124 1 163 1
1 2 124 1 165 1
1 2 124 1 196 1
1 2 125 1 139 1
1 2 125 1 161 1
1 2 125 1 162 1
1 2 125 1 188 1
1 2 126 1 163 1
1 2 126 1 183 1
1 2 126 1 185 1
1 2 127 1 165 1
1 2 127 1 168 1
1 2 127 1 189 1
1 2 128 1 188 1
1 2 129 1 132 1
1 2 129 1 159 1
1 2 129 1 164 1
1 2 129 1 171 1
1 2 129 1 174 1
1 2 129 1 187 1
1 2 129 1 194 1
1 2 130 1 142 1
1 2 131 1 170 1
1 2 131 1 176 1
1 2 131 1 180 1
1 2 131 1 183 1
1 2 132 1 163 1
1 2 132 1 185 1
1 2 133 1 149 1
1 2 133 1 151 1
1 2 133 1 183 1
1 2 133 1 197 1
1 2 134 1 147 1
1 2 134 1 156 1
1 2 134 1 157 1
1 2 134 1 199 1
1 2 135 1 152 1
1 2 135 1 161 1
1 2 135 1 162 1
1 2 136 1 139 1
1 2 136 1 148 1
1 2 136 1 154 1
1 2 136 1 192 1
1 2 136 1 199 1
1 2 137 1 168 1
1 2 137 1 169 1
1 2 137 1 173 1
1 2 138 1 147 1
1 2 138 1 149 1
1 2 138 1 155 1
1 2 138 1 159 1
1 2 139 1 144 1
1 2 139 1 178 1
1 2 139 1 184 1
1 2 140 1 149 1
1 2 140 1 159 1
1 2 141 1 146 1
1 2 141 1 160 1
1 2 141 1 161 1
1 2 142 1 143 1
1 2 142 1 146 1
1 2 142 1 148 1
1 2 142 1 154 1
1 2 142 1 156 1
1 2 142 1 193 1
1 2 143 1 177 1
1 2 144 1 163 1
1 2 144 1 188 1
1 2 145 1 148 1
1 2 145 1 163 1
1 2 145 1 169 1
1 2 145 1 172 1
1 2 146 1 155 1
1 2 146 1 160 1
1 2 146 1 161 1
1 2 146 1 177 1
1 2 146 1 186 1
1 2 146 1 193 1
1 2 146 1 195 1
1 2 147 1 169 1
1 2 147 1 183 1
1 2 147 1 191 1
1 2 147 1 197 1
1 2 148 1 166 1
1 2 148 1 173 1
1 2 148 1 178 1
1 2 148 1 197 1
1 2 149 1 175 1
1 2 149 1 190 1
1 2 149 1 193 1
1 2 150 1 157 1
1 2 150 1 179 1
1 2 150 1 189 1
1 2 150 1 190 1
1 2 151 1 153 1
1 2 151 1 197 1
1 2 151 1 198 1
1 2 152 1 157 1
1 2 152 1 182 1
1 2 152 1 193 1
1 2 152 1 199 1
1 2 153 1 164 1
1 2 154 1 156 1
1 2 154 1 160 1
1 2 154 1 165 1
1 2 154 1 183 1
1 2 154 1 188 1
1 2 155 1 164 1
1 2 155 1 174 1
1 2 155 1 176 1
1 2 156 1 168 1
1 2 156 1 175 1
1 2 156 1 184 1
1 2 158 1 173 1
1 2 158 1 179 1
1 2 158 1 183 1
1 2 158 1 192 1
1 2 158 1 199 1
1 2 159 1 183 1
1 2 160 1 187 1
1 2 160 1 195 1
1 2 162 1 165 1
1 2 162 1 168 1
1 2 162 1 171 1
1 2 162 1 185 1
1 2 163 1 198 1
1 2 164 1 198 1
1 2 165 1 191 1
1 2 166 1 168 1
1 2 166 1 171 1
1 2 166 1 182 1
1 2 166 1 184 1
1 2 167 1 184 1
1 2 168 1 176 1
1 2 169 1 172 1
1 2 169 1 175 1
1 2 170 1 183 1
1 2 170 1 189 1
1 2 170 1 193 1
1 2 170 1 197 1
1 2 171 1 176 1
1 2 171 1 194 1
1 2 172 1 184 1
1 2 172 1 194 1
1 2 173 1 189 1
1 2 174 1 184 1
1 2 174 1 191 1
1 2 176 1 189 1
1 2 176 1 190 1
1 2 177 1 191 1
1 2 178 1 183 1
1 2 179 1 194 1
1 2 180 1 181 1
1 2 180 1 189 1
1 2 180 1 195 1
1 2 181 1 196 1
1 2 183 1 184 1
1 2 184 1 194 1
1 2 186 1 194 1
1 2 186 1 198 1
1 2 187 1 199 1
1 2 188 1 197 1
1 2 190 1 195 1
1 2 191 1 195 1
1 2 193 1 198 1
1 2 196 1 199 1
incumbent 1
1 1 1 1 1 0 0 1 1 1 1 0 0 0 1 1 1 0 1 1 1 1 1 1 1 0 0 1 1 1 1 1 1 1 0 0 1 1 1 1 0 1 1 0 1 1 1 1 1 1 0 1 1 1 0 1 1 1 1 1 1 0 1 1 1 0 1 1 1 0 1 0 1 1 0 1 1 1 1 0 1 1 0 1 1 0 1 0 1 1 1 1 1 1 1 1 1 1 1 1 0 1 1 1 0 1 1 0 1 0 1 1 1 0 1 1 0 1 0 1 1 1 1 1 1 0 1 0 0 1 0 1 1 0 1 1 1 1 1 1 0 1 1 1 0 1 1 0 1 1 1 1 1 0 1 0 1 0 0 1 1 1 1 1 1 1 1 0 1 1 0 1 1 1 1 1 1 0 0 1 1 0 1 1 1 1 1 1 1 1 1 1 1 1 1 1 1 1 1 1
