289 68
88 20 46 44 98 27 30 23 83 72 95 55 34 26 81 33 74 61 79 56 55 65 12 46 42 62 96 12 85 38 25 86 5 3 57 81 51 58 49 60 34 32 89 66 20 25 79 16 12 83 9 14 2 63 6 51 54 81 83 84 88 54 27 20 79 10 6 69 86 34 13 91 58 59 30 76 89 6 8 59 40 83 96 31 63 73 5 24 5 45 70 34 49 100 92 40 98 59 80 82 92 59 89 55 8 88 55 78 44 46 87 23 84 63 95 35 55 38 89 85 52 45 66 39 94 1 54 62 65 12 11 8 77 66 42 42 56 50 51 4 10 39 95 75 16 48 14 34 4 27 42 14 75 51 58 39 47 19 65 73 23 32 13 19 100 53 2 74 62 96 33 68 16 50 14 96 26 100 47 95 13 5 81 96 50 41 50 70 33 86 16 10 84 12 32 21 82 56 22 63 31 89 5 39 98 41 87 47 29 62 62 91 61 83 78 85 6 1 94 100 93 44 48 15 74 22 18 39 41 85 61 36 45 16 28 41 94 98 61 15 26 40 75 82 100 26 42 14 74 91 83 36 91 30 35 50 94 49 66 6 75 39 13 66 82 26 55 68 44 35 74 37 87 46 65 90 68 74 31 8 9 41 7 76 78 64 86 48 45
1 17 0 1 1 1 2 1 3 1 4 1 5 1 6 1 7 1 8 1 9 1 10 1 11 1 12 1 13 1 14 1 15 1 16 1
-1 17 0 -1 1 -1 2 -1 3 -1 4 -1 5 -1 6 -1 7 -1 8 -1 9 -1 10 -1 11 -1 12 -1 13 -1 14 -1 15 -1 16 -1
1 17 17 1 18 1 19 1 20 1 21 1 22 1 23 1 24 1 25 1 26 1 27 1 28 1 29 1 30 1 31 1 32 1 33 1
-1 17 17 -1 18 -1 19 -1 20 -1 21 -1 22 -1 23 -1 24 -1 25 -1 26 -1 27 -1 28 -1 29 -1 30 -1 31 -1 32 -1 33 -1
1 17 34 1 35 1 36 1 37 1 38 1 39 1 40 1 41 1 42 1 43 1 44 1 45 1 46 1 47 1 48 1 49 1 50 1
-1 17 34 -1 35 -1 36 -1 37 -1 38 -1 39 -1 40 -1 41 -1 42 -1 43 -1 44 -1 45 -1 46 -1 47 -1 48 -1 49 -1 50 -1
1 17 51 1 52 1 53 1 54 1 55 1 56 1 57 1 58 1 59 1 60 1 61 1 62 1 63 1 64 1 65 1 66 1 67 1
-1 17 51 -1 52 -1 53 -1 54 -1 55 -1 56 -1 57 -1 58 -1 59 -1 60 -1 61 -1 62 -1 63 -1 64 -1 65 -1 66 -1 67 -1
1 17 68 1 69 1 70 1 71 1 72 1 73 1 74 1 75 1 76 1 77 1 78 1 79 1 80 1 81 1 82 1 83 1 84 1
-1 17 68 -1 69 -1 70 -1 71 -1 72 -1 73 -1 74 -1 75 -1 76 -1 77 -1 78 -1 79 -1 80 -1 81 -1 82 -1 83 -1 84 -1
1 17 85 1 86 1 87 1 88 1 89 1 90 1 91 1 92 1 93 1 94 1 95 1 96 1 97 1 98 1 99 1 100 1 101 1
-1 17 85 -1 86 -1 87 -1 88 -1 89 -1 90 -1 91 -1 92 -1 93 -1 94 -1 95 -1 96 -1 97 -1 98 -1 99 -1 100 -1 101 -1
1 17 102 1 103 1 104 1 105 1 106 1 107 1 108 1 109 1 110 1 111 1 112 1 113 1 114 1 115 1 116 1 117 1 118 1
-1 17 102 -1 103 -1 104 -1 105 -1 106 -1 107 -1 108 -1 109 -1 110 -1 111 -1 112 -1 113 -1 114 -1 115 -1 116 -1 117 -1 118 -1
1 17 119 1 120 1 121 1 122 1 123 1 124 1 125 1 126 1 127 1 128 1 129 1 130 1 131 1 132 1 133 1 134 1 135 1
-1 17 119 -1 120 -1 121 -1 122 -1 123 -1 124 -1 125 -1 126 -1 127 -1 128 -1 129 -1 130 -1 131 -1 132 -1 133 -1 134 -1 135 -1
1 17 136 1 137 1 138 1 139 1 140 1 141 1 142 1 143 1 144 1 145 1 146 1 147 1 148 1 149 1 150 1 151 1 152 1
-1 17 136 -1 137 -1 138 -1 139 -1 140 -1 141 -1 142 -1 143 -1 144 -1 145 -1 146 -1 147 -1 148 -1 149 -1 150 -1 151 -1 152 -1
1 17 153 1 154 1 155 1 156 1 157 1 158 1 159 1 160 1 161 1 162 1 163 1 164 1 165 1 166 1 167 1 168 1 169 1
-1 17 153 -1 154 -1 155 -1 156 -1 157 -1 158 -1 159 -1 160 -1 161 -1 162 -1 163 -1 164 -1 165 -1 166 -1 167 -1 168 -1 169 -1
1 17 170 1 171 1 172 1 173 1 174 1 175 1 176 1 177 1 178 1 179 1 180 1 181 1 182 1 183 1 184 1 185 1 186 1
-1 17 170 -1 171 -1 172 -1 173 -1 174 -1 175 -1 176 -1 177 -1 178 -1 179 -1 180 -1 181 -1 182 -1 183 -1 184 -1 185 -1 186 -1
1 17 187 1 188 1 189 1 190 1 191 1 192 1 193 1 194 1 195 1 196 1 197 1 198 1 199 1 200 1 201 1 202 1 203 1
-1 17 187 -1 188 -1 189 -1 190 -1 191 -1 192 -1 193 -1 194 -1 195 -1 196 -1 197 -1 198 -1 199 -1 200 -1 201 -1 202 -1 203 -1
1 17 204 1 205 1 206 1 207 1 208 1 209 1 210 1 211 1 212 1 213 1 214 1 215 1 216 1 217 1 218 1 219 1 220 1
-1 17 204 -1 205 -1 206 -1 207 -1 208 -1 209 -1 210 -1 211 -1 212 -1 213 -1 214 -1 215 -1 216 -1 217 -1 218 -1 219 -1 220 -1
1 17 221 1 222 1 223 1 224 1 225 1 226 1 227 1 228 1 229 1 230 1 231 1 232 1 233 1 234 1 235 1 236 1 237 1
-1 17 221 -1 222 -1 223 -1 224 -1 225 -1 226 -1 227 -1 228 -1 229 -1 230 -1 231 -1 232 -1 233 -1 234 -1 235 -1 236 -1 237 -1
1 17 238 1 239 1 240 1 241 1 242 1 243 1 244 1 245 1 246 1 247 1 248 1 249 1 250 1 251 1 252 1 253 1 254 1
-1 17 238 -1 239 -1 240 -1 241 -1 242 -1 243 -1 244 -1 245 -1 246 -1 247 -1 248 -1 249 -1 250 -1 251 -1 252 -1 253 -1 254 -1
1 17 255 1 256 1 257 1 258 1 259 1 260 1 261 1 262 1 263 1 264 1 265 1 266 1 267 1 268 1 269 1 270 1 271 1
-1 17 255 -1 256 -1 257 -1 258 -1 259 -1 260 -1 261 -1 262 -1 263 -1 264 -1 265 -1 266 -1 267 -1 268 -1 269 -1 270 -1 271 -1
1 17 272 1 273 1 274 1 275 1 276 1 277 1 278 1 279 1 280 1 281 1 282 1 283 1 284 1 285 1 286 1 287 1 288 1
-1 17 272 -1 273 -1 274 -1 275 -1 276 -1 277 -1 278 -1 279 -1 280 -1 281 -1 282 -1 283 -1 284 -1 285 -1 286 -1 287 -1 288 -1
1 17 0 1 17 1 34 1 51 1 68 1 85 1 102 1 119 1 136 1 153 1 170 1 187 1 204 1 221 1 238 1 255 1 272 1
-1 17 0 -1 17 -1 34 -1 51 -1 68 -1 85 -1 102 -1 119 -1 136 -1 153 -1 170 -1 187 -1 204 -1 221 -1 238 -1 255 -1 272 -1
1 17 1 1 18 1 35 1 52 1 69 1 86 1 103 1 120 1 137 1 154 1 171 1 188 1 205 1 222 1 239 1 256 1 273 1
-1 17 1 -1 18 -1 35 -1 52 -1 69 -1 86 -1 103 -1 120 -1 137 -1 154 -1 171 -1 188 -1 205 -1 222 -1 239 -1 256 -1 273 -1
1 17 2 1 19 1 36 1 53 1 70 1 87 1 104 1 121 1 138 1 155 1 172 1 189 1 206 1 223 1 240 1 257 1 274 1
-1 17 2 -1 19 -1 36 -1 53 -1 70 -1 87 -1 104 -1 121 -1 138 -1 155 -1 172 -1 189 -1 206 -1 223 -1 240 -1 257 -1 274 -1
1 17 3 1 20 1 37 1 54 1 71 1 88 1 105 1 122 1 139 1 156 1 173 1 190 1 207 1 224 1 241 1 258 1 275 1
-1 17 3 -1 20 -1 37 -1 54 -1 71 -1 88 -1 105 -1 122 -1 139 -1 156 -1 173 -1 190 -1 207 -1 224 -1 241 -1 258 -1 275 -1
1 17 4 1 21 1 38 1 55 1 72 1 89 1 106 1 123 1 140 1 157 1 174 1 191 1 208 1 225 1 242 1 259 1 276 1
-1 17 4 -1 21 -1 38 -1 55 -1 72 -1 89 -1 106 -1 123 -1 140 -1 157 -1 174 -1 191 -1 208 -1 225 -1 242 -1 259 -1 276 -1
1 17 5 1 22 1 39 1 56 1 73 1 90 1 107 1 124 1 141 1 158 1 175 1 192 1 209 1 226 1 243 1 260 1 277 1
-1 17 5 -1 22 -1 39 -1 56 -1 73 -1 90 -1 107 -1 124 -1 141 -1 158 -1 175 -1 192 -1 209 -1 226 -1 243 -1 260 -1 277 -1
1 17 6 1 23 1 40 1 57 1 74 1 91 1 108 1 125 1 142 1 159 1 176 1 193 1 210 1 227 1 244 1 261 1 278 1
-1 17 6 -1 23 -1 40 -1 57 -1 74 -1 91 -1 108 -1 125 -1 142 -1 159 -1 176 -1 193 -1 210 -1 227 -1 244 -1 261 -1 278 -1
1 17 7 1 24 1 41 1 58 1 75 1 92 1 109 1 126 1 143 1 160 1 177 1 194 1 211 1 228 1 245 1 262 1 279 1
-1 17 7 -1 24 -1 41 -1 58 -1 75 -1 92 -1 109 -1 126 -1 143 -1 160 -1 177 -1 194 -1 211 -1 228 -1 245 -1 262 -1 279 -1
1 17 8 1 25 1 42 1 59 1 76 1 93 1 110 1 127 1 144 1 161 1 178 1 195 1 212 1 229 1 246 1 263 1 280 1
-1 17 8 -1 25 -1 42 -1 59 -1 76 -1 93 -1 110 -1 127 -1 144 -1 161 -1 178 -1 195 -1 212 -1 229 -1 246 -1 263 -1 280 -1
1 17 9 1 26 1 43 1 60 1 77 1 94 1 111 1 128 1 145 1 162 1 179 1 196 1 213 1 230 1 247 1 264 1 281 1
-1 17 9 -1 26 -1 43 -1 60 -1 77 -1 94 -1 111 -1 128 -1 145 -1 162 -1 179 -1 196 -1 213 -1 230 -1 247 -1 264 -1 281 -1
1 17 10 1 27 1 44 1 61 1 78 1 95 1 112 1 129 1 146 1 163 1 180 1 197 1 214 1 231 1 248 1 265 1 282 1
-1 17 10 -1 27 -1 44 -1 61 -1 78 -1 95 -1 112 -1 129 -1 146 -1 163 -1 180 -1 197 -1 214 -1 231 -1 248 -1 265 -1 282 -1
1 17 11 1 28 1 45 1 62 1 79 1 96 1 113 1 130 1 147 1 164 1 181 1 198 1 215 1 232 1 249 1 266 1 283 1
-1 17 11 -1 28 -1 45 -1 62 -1 79 -1 96 -1 113 -1 130 -1 147 -1 164 -1 181 -1 198 -1 215 -1 232 -1 249 -1 266 -1 283 -1
1 17 12 1 29 1 46 1 63 1 80 1 97 1 114 1 131 1 148 1 165 1 182 1 199 1 216 1 233 1 250 1 267 1 284 1
-1 17 12 -1 29 -1 46 -1 63 -1 80 -1 97 -1 114 -1 131 -1 148 -1 165 -1 182 -1 199 -1 216 -1 233 -1 250 -1 267 -1 284 -1
1 17 13 1 30 1 47 1 64 1 81 1 98 1 115 1 132 1 149 1 166 1 183 1 200 1 217 1 234 1 251 1 268 1 285 1
-1 17 13 -1 30 -1 47 -1 64 -1 81 -1 98 -1 115 -1 132 -1 149 -1 166 -1 183 -1 200 -1 217 -1 234 -1 251 -1 268 -1 285 -1
1 17 14 1 31 1 48 1 65 1 82 1 99 1 116 1 133 1 150 1 167 1 184 1 201 1 218 1 235 1 252 1 269 1 286 1
-1 17 14 -1 31 -1 48 -1 65 -1 82 -1 99 -1 116 -1 133 -1 150 -1 167 -1 184 -1 201 -1 218 -1 235 -1 252 -1 269 -1 286 -1
1 17 15 1 32 1 49 1 66 1 83 1 100 1 117 1 134 1 151 1 168 1 185 1 202 1 219 1 236 1 253 1 270 1 287 1
-1 17 15 -1 32 -1 49 -1 66 -1 83 -1 100 -1 117 -1 134 -1 151 -1 168 -1 185 -1 202 -1 219 -1 236 -1 253 -1 270 -1 287 -1
1 17 16 1 33 1 50 1 67 1 84 1 101 1 118 1 135 1 152 1 169 1 186 1 203 1 220 1 237 1 254 1 271 1 288 1
-1 17 16 -1 33 -1 50 -1 67 -1 84 -1 101 -1 118 -1 135 -1 152 -1 169 -1 186 -1 203 -1 220 -1 237 -1 254 -1 271 -1 288 -1
incumbent 1
0 1 0 0 0 0 0 0 0 0 0 0 0 0 0 0 0 0 0 0 0 0 0 0 0 0 0 0 0 0 0 0 0 1 0 0 0 0 0 0 0 0 0 0 0 0 0 0 1 0 0 0 0 0 1 0 0 0 0 0 0 0 0 0 0 0 0 0 0 0 0 0 0 0 0 0 0 1 0 0 0 0 0 0 0 0 0 1 0 0 0 0 0 0 0 0 0 0 0 0 0 0 0 0 0 0 0 0 0 0 0 0 0 0 0 1 0 0 0 0 0 0 0 0 0 1 0 0 0 0 0 0 0 0 0 0 0 0 0 0 0 0 0 0 0 0 0 0 1 0 0 0 0 0 0 0 0 1 0 0 0 0 0 0 0 0 0 0 0 0 0 0 0 0 0 0 0 0 0 0 0 1 0 0 0 0 0 0 0 0 0 0 0 0 0 0 0 0 0 0 0 0 1 0 0 0 0 0 0 0 0 0 1 0 0 0 0 0 0 0 0 0 0 0 0 0 1 0 0 0 0 0 0 0 0 0 0 0 0 0 0 0 0 0 0 1 0 0 0 0 0 0 0 0 0 0 0 0 0 0 0 0 0 0 0 1 0 0 0 0 0 0 1 0 0 0 0 0 0 0 0 0 0 0 0 0 0 0 0
