246 1615
0 0 0 0 0 0 0 0 0 0 0 0 0 0 0 0 0 0 0 0 0 0 0 0 0 0 0 0 0 0 0 0 0 0 0 0 0 0 0 0 0 0 0 0 0 0 0 0 0 0 0 0 0 0 0 0 0 0 0 0 0 0 0 0 0 0 0 0 0 0 0 0 0 0 0 0 0 0 0 0 0 0 0 0 0 0 0 0 0 0 0 0 0 0 0 0 0 0 0 0 0 0 0 0 0 0 0 0 0 0 0 0 0 0 0 0 0 0 0 0 0 0 0 0 0 0 0 0 0 0 0 0 0 0 0 0 0 0 0 0 0 0 0 0 0 0 0 0 0 0 0 0 0 0 0 0 0 0 0 0 0 0 0 0 0 0 0 0 0 0 0 0 0 0 0 0 0 0 0 0 0 0 0 0 0 0 0 0 0 0 0 0 0 0 0 0 0 0 0 0 0 0 0 0 0 0 0 0 0 0 0 0 0 0 0 0 0 0 0 0 0 0 0 0 0 0 0 0 0 0 0 0 0 0 0 0 0 0 0 0 1 1 1 1 1 1
1 6 0 1 1 1 2 1 3 1 4 1 5 1
-1 6 0 -1 1 -1 2 -1 3 -1 4 -1 5 -1
0 2 0 -1 240 1
0 2 1 -1 241 1
0 2 2 -1 242 1
0 2 3 -1 243 1
0 2 4 -1 244 1
0 2 5 -1 245 1
1 6 6 1 7 1 8 1 9 1 10 1 11 1
-1 6 6 -1 7 -1 8 -1 9 -1 10 -1 11 -1
0 2 6 -1 240 1
0 2 7 -1 241 1
0 2 8 -1 242 1
0 2 9 -1 243 1
0 2 10 -1 244 1
0 2 11 -1 245 1
1 6 12 1 13 1 14 1 15 1 16 1 17 1
-1 6 12 -1 13 -1 14 -1 15 -1 16 -1 17 -1
0 2 12 -1 240 1
0 2 13 -1 241 1
0 2 14 -1 242 1
0 2 15 -1 243 1
0 2 16 -1 244 1
0 2 17 -1 245 1
1 6 18 1 19 1 20 1 21 1 22 1 23 1
-1 6 18 -1 19 -1 20 -1 21 -1 22 -1 23 -1
0 2 18 -1 240 1
0 2 19 -1 241 1
0 2 20 -1 242 1
0 2 21 -1 243 1
0 2 22 -1 244 1
0 2 23 -1 245 1
1 6 24 1 25 1 26 1 27 1 28 1 29 1
-1 6 24 -1 25 -1 26 -1 27 -1 28 -1 29 -1
0 2 24 -1 240 1
0 2 25 -1 241 1
0 2 26 -1 242 1
0 2 27 -1 243 1
0 2 28 -1 244 1
0 2 29 -1 245 1
1 6 30 1 31 1 32 1 33 1 34 1 35 1
-1 6 30 -1 31 -1 32 -1 33 -1 34 -1 35 -1
0 2 30 -1 240 1
0 2 31 -1 241 1
0 2 32 -1 242 1
0 2 33 -1 243 1
0 2 34 -1 244 1
0 2 35 -1 245 1
1 6 36 1 37 1 38 1 39 1 40 1 41 1
-1 6 36 -1 37 -1 38 -1 39 -1 40 -1 41 -1
0 2 36 -1 240 1
0 2 37 -1 241 1
0 2 38 -1 242 1
0 2 39 -1 243 1
0 2 40 -1 244 1
0 2 41 -1 245 1
1 6 42 1 43 1 44 1 45 1 46 1 47 1
-1 6 42 -1 43 -1 44 -1 45 -1 46 -1 47 -1
0 2 42 -1 240 1
0 2 43 -1 241 1
0 2 44 -1 242 1
0 2 45 -1 243 1
0 2 46 -1 244 1
0 2 47 -1 245 1
1 6 48 1 49 1 50 1 51 1 52 1 53 1
-1 6 48 -1 49 -1 50 -1 51 -1 52 -1 53 -1
0 2 48 -1 240 1
0 2 49 -1 241 1
0 2 50 -1 242 1
0 2 51 -1 243 1
0 2 52 -1 244 1
0 2 53 -1 245 1
1 6 54 1 55 1 56 1 57 1 58 1 59 1
-1 6 54 -1 55 -1 56 -1 57 -1 58 -1 59 -1
0 2 54 -1 240 1
0 2 55 -1 241 1
0 2 56 -1 242 1
0 2 57 -1 243 1
0 2 58 -1 244 1
0 2 59 -1 245 1
1 6 60 1 61 1 62 1 63 1 64 1 65 1
-1 6 60 -1 61 -1 62 -1 63 -1 64 -1 65 -1
0 2 60 -1 240 1
0 2 61 -1 241 1
0 2 62 -1 242 1
0 2 63 -1 243 1
0 2 64 -1 244 1
0 2 65 -1 245 1
1 6 66 1 67 1 68 1 69 1 70 1 71 1
-1 6 66 -1 67 -1 68 -1 69 -1 70 -1 71 -1
0 2 66 -1 240 1
0 2 67 -1 241 1
0 2 68 -1 242 1
0 2 69 -1 243 1
0 2 70 -1 244 1
0 2 71 -1 245 1
1 6 72 1 73 1 74 1 75 1 76 1 77 1
-1 6 72 -1 73 -1 74 -1 75 -1 76 -1 77 -1
0 2 72 -1 240 1
0 2 73 -1 241 1
0 2 74 -1 242 1
0 2 75 -1 243 1
0 2 76 -1 244 1
0 2 77 -1 245 1
1 6 78 1 79 1 80 1 81 1 82 1 83 1
-1 6 78 -1 79 -1 80 -1 81 -1 82 -1 83 -1
0 2 78 -1 240 1
0 2 79 -1 241 1
0 2 80 -1 242 1
0 2 81 -1 243 1
0 2 82 -1 244 1
0 2 83 -1 245 1
1 6 84 1 85 1 86 1 87 1 88 1 89 1
-1 6 84 -1 85 -1 86 -1 87 -1 88 -1 89 -1
0 2 84 -1 240 1
0 2 85 -1 241 1
0 2 86 -1 242 1
0 2 87 -1 243 1
0 2 88 -1 244 1
0 2 89 -1 245 1
1 6 90 1 91 1 92 1 93 1 94 1 95 1
-1 6 90 -1 91 -1 92 -1 93 -1 94 -1 95 -1
0 2 90 -1 240 1
0 2 91 -1 241 1
0 2 92 -1 242 1
0 2 93 -1 243 1
0 2 94 -1 244 1
0 2 95 -1 245 1
1 6 96 1 97 1 98 1 99 1 100 1 101 1
-1 6 96 -1 97 -1 98 -1 99 -1 100 -1 101 -1
0 2 96 -1 240 1
0 2 97 -1 241 1
0 2 98 -1 242 1
0 2 99 -1 243 1
0 2 100 -1 244 1
0 2 101 -1 245 1
1 6 102 1 103 1 104 1 105 1 106 1 107 1
-1 6 102 -1 103 -1 104 -1 105 -1 106 -1 107 -1
0 2 102 -1 240 1
0 2 103 -1 241 1
0 2 104 -1 242 1
0 2 105 -1 243 1
0 2 106 -1 244 1
0 2 107 -1 245 1
1 6 108 1 109 1 110 1 111 1 112 1 113 1
-1 6 108 -1 109 -1 110 -1 111 -1 112 -1 113 -1
0 2 108 -1 240 1
0 2 109 -1 241 1
0 2 110 -1 242 1
0 2 111 -1 243 1
0 2 112 -1 244 1
0 2 113 -1 245 1
1 6 114 1 115 1 116 1 117 1 118 1 119 1
-1 6 114 -1 115 -1 116 -1 117 -1 118 -1 119 -1
0 2 114 -1 240 1
0 2 115 -1 241 1
0 2 116 -1 242 1
0 2 117 -1 243 1
0 2 118 -1 244 1
0 2 119 -1 245 1
1 6 120 1 121 1 122 1 123 1 124 1 125 1
-1 6 120 -1 121 -1 122 -1 123 -1 124 -1 125 -1
0 2 120 -1 240 1
0 2 121 -1 241 1
0 2 122 -1 242 1
0 2 123 -1 243 1
0 2 124 -1 244 1
0 2 125 -1 245 1
1 6 126 1 127 1 128 1 129 1 130 1 131 1
-1 6 126 -1 127 -1 128 -1 129 -1 130 -1 131 -1
0 2 126 -1 240 1
0 2 127 -1 241 1
0 2 128 -1 242 1
0 2 129 -1 243 1
0 2 130 -1 244 1
0 2 131 -1 245 1
1 6 132 1 133 1 134 1 135 1 136 1 137 1
-1 6 132 -1 133 -1 134 -1 135 -1 136 -1 137 -1
0 2 132 -1 240 1
0 2 133 -1 241 1
0 2 134 -1 242 1
0 2 135 -1 243 1
0 2 136 -1 244 1
0 2 137 -1 245 1
1 6 138 1 139 1 140 1 141 1 142 1 143 1
-1 6 138 -1 139 -1 140 -1 141 -1 142 -1 143 -1
0 2 138 -1 240 1
0 2 139 -1 241 1
0 2 140 -1 242 1
0 2 141 -1 243 1
0 2 142 -1 244 1
0 2 143 -1 245 1
1 6 144 1 145 1 146 1 147 1 148 1 149 1
-1 6 144 -1 145 -1 146 -1 147 -1 148 -1 149 -1
0 2 144 -1 240 1
0 2 145 -1 241 1
0 2 146 -1 242 1
0 2 147 -1 243 1
0 2 148 -1 244 1
0 2 149 -1 245 1
1 6 150 1 151 1 152 1 153 1 154 1 155 1
-1 6 150 -1 151 -1 152 -1 153 -1 154 -1 155 -1
0 2 150 -1 240 1
0 2 151 -1 241 1
0 2 152 -1 242 1
0 2 153 -1 243 1
0 2 154 -1 244 1
0 2 155 -1 245 1
1 6 156 1 157 1 158 1 159 1 160 1 161 1
-1 6 156 -1 157 -1 158 -1 159 -1 160 -1 161 -1
0 2 156 -1 240 1
0 2 157 -1 241 1
0 2 158 -1 242 1
0 2 159 -1 243 1
0 2 160 -1 244 1
0 2 161 -1 245 1
1 6 162 1 163 1 164 1 165 1 166 1 167 1
-1 6 162 -1 163 -1 164 -1 165 -1 166 -1 167 -1
0 2 162 -1 240 1
0 2 163 -1 241 1
0 2 164 -1 242 1
0 2 165 -1 243 1
0 2 166 -1 244 1
0 2 167 -1 245 1
1 6 168 1 169 1 170 1 171 1 172 1 173 1
-1 6 168 -1 169 -1 170 -1 171 -1 172 -1 173 -1
0 2 168 -1 240 1
0 2 169 -1 241 1
0 2 170 -1 242 1
0 2 171 -1 243 1
0 2 172 -1 244 1
0 2 173 -1 245 1
1 6 174 1 175 1 176 1 177 1 178 1 179 1
-1 6 174 -1 175 -1 176 -1 177 -1 178 -1 179 -1
0 2 174 -1 240 1
0 2 175 -1 241 1
0 2 176 -1 242 1
0 2 177 -1 243 1
0 2 178 -1 244 1
0 2 179 -1 245 1
1 6 180 1 181 1 182 1 183 1 184 1 185 1
-1 6 180 -1 181 -1 182 -1 183 -1 184 -1 185 -1
0 2 180 -1 240 1
0 2 181 -1 241 1
0 2 182 -1 242 1
0 2 183 -1 243 1
0 2 184 -1 244 1
0 2 185 -1 245 1
1 6 186 1 187 1 188 1 189 1 190 1 191 1
-1 6 186 -1 187 -1 188 -1 189 -1 190 -1 191 -1
0 2 186 -1 240 1
0 2 187 -1 241 1
0 2 188 -1 242 1
0 2 189 -1 243 1
0 2 190 -1 244 1
0 2 191 -1 245 1
1 6 192 1 193 1 194 1 195 1 196 1 197 1
-1 6 192 -1 193 -1 194 -1 195 -1 196 -1 197 -1
0 2 192 -1 240 1
0 2 193 -1 241 1
0 2 194 -1 242 1
0 2 195 -1 243 1
0 2 196 -1 244 1
0 2 197 -1 245 1
1 6 198 1 199 1 200 1 201 1 202 1 203 1
-1 6 198 -1 199 -1 200 -1 201 -1 202 -1 203 -1
0 2 198 -1 240 1
0 2 199 -1 241 1
0 2 200 -1 242 1
0 2 201 -1 243 1
0 2 202 -1 244 1
0 2 203 -1 245 1
1 6 204 1 205 1 206 1 207 1 208 1 209 1
-1 6 204 -1 205 -1 206 -1 207 -1 208 -1 209 -1
0 2 204 -1 240 1
0 2 205 -1 241 1
0 2 206 -1 242 1
0 2 207 -1 243 1
0 2 208 -1 244 1
0 2 209 -1 245 1
1 6 210 1 211 1 212 1 213 1 214 1 215 1
-1 6 210 -1 211 -1 212 -1 213 -1 214 -1 215 -1
0 2 210 -1 240 1
0 2 211 -1 241 1
0 2 212 -1 242 1
0 2 213 -1 243 1
0 2 214 -1 244 1
0 2 215 -1 245 1
1 6 216 1 217 1 218 1 219 1 220 1 221 1
-1 6 216 -1 217 -1 218 -1 219 -1 220 -1 221 -1
0 2 216 -1 240 1
0 2 217 -1 241 1
0 2 218 -1 242 1
0 2 219 -1 243 1
0 2 220 -1 244 1
0 2 221 -1 245 1
1 6 222 1 223 1 224 1 225 1 226 1 227 1
-1 6 222 -1 223 -1 224 -1 225 -1 226 -1 227 -1
0 2 222 -1 240 1
0 2 223 -1 241 1
0 2 224 -1 242 1
0 2 225 -1 243 1
0 2 226 -1 244 1
0 2 227 -1 245 1
1 6 228 1 229 1 230 1 231 1 232 1 233 1
-1 6 228 -1 229 -1 230 -1 231 -1 232 -1 233 -1
0 2 228 -1 240 1
0 2 229 -1 241 1
0 2 230 -1 242 1
0 2 231 -1 243 1
0 2 232 -1 244 1
0 2 233 -1 245 1
1 6 234 1 235 1 236 1 237 1 238 1 239 1
-1 6 234 -1 235 -1 236 -1 237 -1 238 -1 239 -1
0 2 234 -1 240 1
0 2 235 -1 241 1
0 2 236 -1 242 1
0 2 237 -1 243 1
0 2 238 -1 244 1
0 2 239 -1 245 1
-1 2 0 -1 24 -1
-1 2 1 -1 25 -1
-1 2 2 -1 26 -1
-1 2 3 -1 27 -1
-1 2 4 -1 28 -1
-1 2 5 -1 29 -1
-1 2 0 -1 30 -1
-1 2 1 -1 31 -1
-1 2 2 -1 32 -1
-1 2 3 -1 33 -1
-1 2 4 -1 34 -1
-1 2 5 -1 35 -1
-1 2 0 -1 42 -1
-1 2 1 -1 43 -1
-1 2 2 -1 44 -1
-1 2 3 -1 45 -1
-1 2 4 -1 46 -1
-1 2 5 -1 47 -1
-1 2 0 -1 48 -1
-1 2 1 -1 49 -1
-1 2 2 -1 50 -1
-1 2 3 -1 51 -1
-1 2 4 -1 52 -1
-1 2 5 -1 53 -1
-1 2 0 -1 54 -1
-1 2 1 -1 55 -1
-1 2 2 -1 56 -1
-1 2 3 -1 57 -1
-1 2 4 -1 58 -1
-1 2 5 -1 59 -1
-1 2 0 -1 66 -1
-1 2 1 -1 67 -1
-1 2 2 -1 68 -1
-1 2 3 -1 69 -1
-1 2 4 -1 70 -1
-1 2 5 -1 71 -1
-1 2 0 -1 72 -1
-1 2 1 -1 73 -1
-1 2 2 -1 74 -1
-1 2 3 -1 75 -1
-1 2 4 -1 76 -1
-1 2 5 -1 77 -1
-1 2 0 -1 120 -1
-1 2 1 -1 121 -1
-1 2 2 -1 122 -1
-1 2 3 -1 123 -1
-1 2 4 -1 124 -1
-1 2 5 -1 125 -1
-1 2 0 -1 132 -1
-1 2 1 -1 133 -1
-1 2 2 -1 134 -1
-1 2 3 -1 135 -1
-1 2 4 -1 136 -1
-1 2 5 -1 137 -1
-1 2 0 -1 138 -1
-1 2 1 -1 139 -1
-1 2 2 -1 140 -1
-1 2 3 -1 141 -1
-1 2 4 -1 142 -1
-1 2 5 -1 143 -1
-1 2 0 -1 150 -1
-1 2 1 -1 151 -1
-1 2 2 -1 152 -1
-1 2 3 -1 153 -1
-1 2 4 -1 154 -1
-1 2 5 -1 155 -1
-1 2 0 -1 174 -1
-1 2 1 -1 175 -1
-1 2 2 -1 176 -1
-1 2 3 -1 177 -1
-1 2 4 -1 178 -1
-1 2 5 -1 179 -1
-1 2 0 -1 204 -1
-1 2 1 -1 205 -1
-1 2 2 -1 206 -1
-1 2 3 -1 207 -1
-1 2 4 -1 208 -1
-1 2 5 -1 209 -1
-1 2 0 -1 222 -1
-1 2 1 -1 223 -1
-1 2 2 -1 224 -1
-1 2 3 -1 225 -1
-1 2 4 -1 226 -1
-1 2 5 -1 227 -1
-1 2 6 -1 12 -1
-1 2 7 -1 13 -1
-1 2 8 -1 14 -1
-1 2 9 -1 15 -1
-1 2 10 -1 16 -1
-1 2 11 -1 17 -1
-1 2 6 -1 48 -1
-1 2 7 -1 49 -1
-1 2 8 -1 50 -1
-1 2 9 -1 51 -1
-1 2 10 -1 52 -1
-1 2 11 -1 53 -1
-1 2 6 -1 90 -1
-1 2 7 -1 91 -1
-1 2 8 -1 92 -1
-1 2 9 -1 93 -1
-1 2 10 -1 94 -1
-1 2 11 -1 95 -1
-1 2 6 -1 144 -1
-1 2 7 -1 145 -1
-1 2 8 -1 146 -1
-1 2 9 -1 147 -1
-1 2 10 -1 148 -1
-1 2 11 -1 149 -1
-1 2 6 -1 168 -1
-1 2 7 -1 169 -1
-1 2 8 -1 170 -1
-1 2 9 -1 171 -1
-1 2 10 -1 172 -1
-1 2 11 -1 173 -1
-1 2 6 -1 180 -1
-1 2 7 -1 181 -1
-1 2 8 -1 182 -1
-1 2 9 -1 183 -1
-1 2 10 -1 184 -1
-1 2 11 -1 185 -1
-1 2 6 -1 198 -1
-1 2 7 -1 199 -1
-1 2 8 -1 200 -1
-1 2 9 -1 201 -1
-1 2 10 -1 202 -1
-1 2 11 -1 203 -1
-1 2 12 -1 48 -1
-1 2 13 -1 49 -1
-1 2 14 -1 50 -1
-1 2 15 -1 51 -1
-1 2 16 -1 52 -1
-1 2 17 -1 53 -1
-1 2 12 -1 54 -1
-1 2 13 -1 55 -1
-1 2 14 -1 56 -1
-1 2 15 -1 57 -1
-1 2 16 -1 58 -1
-1 2 17 -1 59 -1
-1 2 12 -1 66 -1
-1 2 13 -1 67 -1
-1 2 14 -1 68 -1
-1 2 15 -1 69 -1
-1 2 16 -1 70 -1
-1 2 17 -1 71 -1
-1 2 12 -1 72 -1
-1 2 13 -1 73 -1
-1 2 14 -1 74 -1
-1 2 15 -1 75 -1
-1 2 16 -1 76 -1
-1 2 17 -1 77 -1
-1 2 12 -1 84 -1
-1 2 13 -1 85 -1
-1 2 14 -1 86 -1
-1 2 15 -1 87 -1
-1 2 16 -1 88 -1
-1 2 17 -1 89 -1
-1 2 12 -1 96 -1
-1 2 13 -1 97 -1
-1 2 14 -1 98 -1
-1 2 15 -1 99 -1
-1 2 16 -1 100 -1
-1 2 17 -1 101 -1
-1 2 12 -1 108 -1
-1 2 13 -1 109 -1
-1 2 14 -1 110 -1
-1 2 15 -1 111 -1
-1 2 16 -1 112 -1
-1 2 17 -1 113 -1
-1 2 12 -1 132 -1
-1 2 13 -1 133 -1
-1 2 14 -1 134 -1
-1 2 15 -1 135 -1
-1 2 16 -1 136 -1
-1 2 17 -1 137 -1
-1 2 12 -1 156 -1
-1 2 13 -1 157 -1
-1 2 14 -1 158 -1
-1 2 15 -1 159 -1
-1 2 16 -1 160 -1
-1 2 17 -1 161 -1
-1 2 12 -1 162 -1
-1 2 13 -1 163 -1
-1 2 14 -1 164 -1
-1 2 15 -1 165 -1
-1 2 16 -1 166 -1
-1 2 17 -1 167 -1
-1 2 12 -1 228 -1
-1 2 13 -1 229 -1
-1 2 14 -1 230 -1
-1 2 15 -1 231 -1
-1 2 16 -1 232 -1
-1 2 17 -1 233 -1
-1 2 18 -1 30 -1
-1 2 19 -1 31 -1
-1 2 20 -1 32 -1
-1 2 21 -1 33 -1
-1 2 22 -1 34 -1
-1 2 23 -1 35 -1
-1 2 18 -1 84 -1
-1 2 19 -1 85 -1
-1 2 20 -1 86 -1
-1 2 21 -1 87 -1
-1 2 22 -1 88 -1
-1 2 23 -1 89 -1
-1 2 18 -1 102 -1
-1 2 19 -1 103 -1
-1 2 20 -1 104 -1
-1 2 21 -1 105 -1
-1 2 22 -1 106 -1
-1 2 23 -1 107 -1
-1 2 18 -1 114 -1
-1 2 19 -1 115 -1
-1 2 20 -1 116 -1
-1 2 21 -1 117 -1
-1 2 22 -1 118 -1
-1 2 23 -1 119 -1
-1 2 18 -1 126 -1
-1 2 19 -1 127 -1
-1 2 20 -1 128 -1
-1 2 21 -1 129 -1
-1 2 22 -1 130 -1
-1 2 23 -1 131 -1
-1 2 18 -1 144 -1
-1 2 19 -1 145 -1
-1 2 20 -1 146 -1
-1 2 21 -1 147 -1
-1 2 22 -1 148 -1
-1 2 23 -1 149 -1
-1 2 18 -1 180 -1
-1 2 19 -1 181 -1
-1 2 20 -1 182 -1
-1 2 21 -1 183 -1
-1 2 22 -1 184 -1
-1 2 23 -1 185 -1
-1 2 18 -1 198 -1
-1 2 19 -1 199 -1
-1 2 20 -1 200 -1
-1 2 21 -1 201 -1
-1 2 22 -1 202 -1
-1 2 23 -1 203 -1
-1 2 18 -1 210 -1
-1 2 19 -1 211 -1
-1 2 20 -1 212 -1
-1 2 21 -1 213 -1
-1 2 22 -1 214 -1
-1 2 23 -1 215 -1
-1 2 18 -1 234 -1
-1 2 19 -1 235 -1
-1 2 20 -1 236 -1
-1 2 21 -1 237 -1
-1 2 22 -1 238 -1
-1 2 23 -1 239 -1
-1 2 24 -1 30 -1
-1 2 25 -1 31 -1
-1 2 26 -1 32 -1
-1 2 27 -1 33 -1
-1 2 28 -1 34 -1
-1 2 29 -1 35 -1
-1 2 24 -1 42 -1
-1 2 25 -1 43 -1
-1 2 26 -1 44 -1
-1 2 27 -1 45 -1
-1 2 28 -1 46 -1
-1 2 29 -1 47 -1
-1 2 24 -1 48 -1
-1 2 25 -1 49 -1
-1 2 26 -1 50 -1
-1 2 27 -1 51 -1
-1 2 28 -1 52 -1
-1 2 29 -1 53 -1
-1 2 24 -1 96 -1
-1 2 25 -1 97 -1
-1 2 26 -1 98 -1
-1 2 27 -1 99 -1
-1 2 28 -1 100 -1
-1 2 29 -1 101 -1
-1 2 24 -1 114 -1
-1 2 25 -1 115 -1
-1 2 26 -1 116 -1
-1 2 27 -1 117 -1
-1 2 28 -1 118 -1
-1 2 29 -1 119 -1
-1 2 24 -1 132 -1
-1 2 25 -1 133 -1
-1 2 26 -1 134 -1
-1 2 27 -1 135 -1
-1 2 28 -1 136 -1
-1 2 29 -1 137 -1
-1 2 24 -1 144 -1
-1 2 25 -1 145 -1
-1 2 26 -1 146 -1
-1 2 27 -1 147 -1
-1 2 28 -1 148 -1
-1 2 29 -1 149 -1
-1 2 24 -1 174 -1
-1 2 25 -1 175 -1
-1 2 26 -1 176 -1
-1 2 27 -1 177 -1
-1 2 28 -1 178 -1
-1 2 29 -1 179 -1
-1 2 24 -1 180 -1
-1 2 25 -1 181 -1
-1 2 26 -1 182 -1
-1 2 27 -1 183 -1
-1 2 28 -1 184 -1
-1 2 29 -1 185 -1
-1 2 24 -1 210 -1
-1 2 25 -1 211 -1
-1 2 26 -1 212 -1
-1 2 27 -1 213 -1
-1 2 28 -1 214 -1
-1 2 29 -1 215 -1
-1 2 24 -1 222 -1
-1 2 25 -1 223 -1
-1 2 26 -1 224 -1
-1 2 27 -1 225 -1
-1 2 28 -1 226 -1
-1 2 29 -1 227 -1
-1 2 30 -1 48 -1
-1 2 31 -1 49 -1
-1 2 32 -1 50 -1
-1 2 33 -1 51 -1
-1 2 34 -1 52 -1
-1 2 35 -1 53 -1
-1 2 30 -1 72 -1
-1 2 31 -1 73 -1
-1 2 32 -1 74 -1
-1 2 33 -1 75 -1
-1 2 34 -1 76 -1
-1 2 35 -1 77 -1
-1 2 30 -1 78 -1
-1 2 31 -1 79 -1
-1 2 32 -1 80 -1
-1 2 33 -1 81 -1
-1 2 34 -1 82 -1
-1 2 35 -1 83 -1
-1 2 30 -1 84 -1
-1 2 31 -1 85 -1
-1 2 32 -1 86 -1
-1 2 33 -1 87 -1
-1 2 34 -1 88 -1
-1 2 35 -1 89 -1
-1 2 30 -1 96 -1
-1 2 31 -1 97 -1
-1 2 32 -1 98 -1
-1 2 33 -1 99 -1
-1 2 34 -1 100 -1
-1 2 35 -1 101 -1
-1 2 30 -1 114 -1
-1 2 31 -1 115 -1
-1 2 32 -1 116 -1
-1 2 33 -1 117 -1
-1 2 34 -1 118 -1
-1 2 35 -1 119 -1
-1 2 30 -1 126 -1
-1 2 31 -1 127 -1
-1 2 32 -1 128 -1
-1 2 33 -1 129 -1
-1 2 34 -1 130 -1
-1 2 35 -1 131 -1
-1 2 30 -1 132 -1
-1 2 31 -1 133 -1
-1 2 32 -1 134 -1
-1 2 33 -1 135 -1
-1 2 34 -1 136 -1
-1 2 35 -1 137 -1
-1 2 30 -1 150 -1
-1 2 31 -1 151 -1
-1 2 32 -1 152 -1
-1 2 33 -1 153 -1
-1 2 34 -1 154 -1
-1 2 35 -1 155 -1
-1 2 30 -1 162 -1
-1 2 31 -1 163 -1
-1 2 32 -1 164 -1
-1 2 33 -1 165 -1
-1 2 34 -1 166 -1
-1 2 35 -1 167 -1
-1 2 30 -1 168 -1
-1 2 31 -1 169 -1
-1 2 32 -1 170 -1
-1 2 33 -1 171 -1
-1 2 34 -1 172 -1
-1 2 35 -1 173 -1
-1 2 30 -1 192 -1
-1 2 31 -1 193 -1
-1 2 32 -1 194 -1
-1 2 33 -1 195 -1
-1 2 34 -1 196 -1
-1 2 35 -1 197 -1
-1 2 36 -1 42 -1
-1 2 37 -1 43 -1
-1 2 38 -1 44 -1
-1 2 39 -1 45 -1
-1 2 40 -1 46 -1
-1 2 41 -1 47 -1
-1 2 36 -1 48 -1
-1 2 37 -1 49 -1
-1 2 38 -1 50 -1
-1 2 39 -1 51 -1
-1 2 40 -1 52 -1
-1 2 41 -1 53 -1
-1 2 36 -1 54 -1
-1 2 37 -1 55 -1
-1 2 38 -1 56 -1
-1 2 39 -1 57 -1
-1 2 40 -1 58 -1
-1 2 41 -1 59 -1
-1 2 36 -1 60 -1
-1 2 37 -1 61 -1
-1 2 38 -1 62 -1
-1 2 39 -1 63 -1
-1 2 40 -1 64 -1
-1 2 41 -1 65 -1
-1 2 36 -1 126 -1
-1 2 37 -1 127 -1
-1 2 38 -1 128 -1
-1 2 39 -1 129 -1
-1 2 40 -1 130 -1
-1 2 41 -1 131 -1
-1 2 36 -1 138 -1
-1 2 37 -1 139 -1
-1 2 38 -1 140 -1
-1 2 39 -1 141 -1
-1 2 40 -1 142 -1
-1 2 41 -1 143 -1
-1 2 36 -1 150 -1
-1 2 37 -1 151 -1
-1 2 38 -1 152 -1
-1 2 39 -1 153 -1
-1 2 40 -1 154 -1
-1 2 41 -1 155 -1
-1 2 36 -1 198 -1
-1 2 37 -1 199 -1
-1 2 38 -1 200 -1
-1 2 39 -1 201 -1
-1 2 40 -1 202 -1
-1 2 41 -1 203 -1
-1 2 36 -1 204 -1
-1 2 37 -1 205 -1
-1 2 38 -1 206 -1
-1 2 39 -1 207 -1
-1 2 40 -1 208 -1
-1 2 41 -1 209 -1
-1 2 36 -1 210 -1
-1 2 37 -1 211 -1
-1 2 38 -1 212 -1
-1 2 39 -1 213 -1
-1 2 40 -1 214 -1
-1 2 41 -1 215 -1
-1 2 42 -1 54 -1
-1 2 43 -1 55 -1
-1 2 44 -1 56 -1
-1 2 45 -1 57 -1
-1 2 46 -1 58 -1
-1 2 47 -1 59 -1
-1 2 42 -1 84 -1
-1 2 43 -1 85 -1
-1 2 44 -1 86 -1
-1 2 45 -1 87 -1
-1 2 46 -1 88 -1
-1 2 47 -1 89 -1
-1 2 42 -1 102 -1
-1 2 43 -1 103 -1
-1 2 44 -1 104 -1
-1 2 45 -1 105 -1
-1 2 46 -1 106 -1
-1 2 47 -1 107 -1
-1 2 42 -1 138 -1
-1 2 43 -1 139 -1
-1 2 44 -1 140 -1
-1 2 45 -1 141 -1
-1 2 46 -1 142 -1
-1 2 47 -1 143 -1
-1 2 42 -1 162 -1
-1 2 43 -1 163 -1
-1 2 44 -1 164 -1
-1 2 45 -1 165 -1
-1 2 46 -1 166 -1
-1 2 47 -1 167 -1
-1 2 42 -1 186 -1
-1 2 43 -1 187 -1
-1 2 44 -1 188 -1
-1 2 45 -1 189 -1
-1 2 46 -1 190 -1
-1 2 47 -1 191 -1
-1 2 48 -1 78 -1
-1 2 49 -1 79 -1
-1 2 50 -1 80 -1
-1 2 51 -1 81 -1
-1 2 52 -1 82 -1
-1 2 53 -1 83 -1
-1 2 48 -1 180 -1
-1 2 49 -1 181 -1
-1 2 50 -1 182 -1
-1 2 51 -1 183 -1
-1 2 52 -1 184 -1
-1 2 53 -1 185 -1
-1 2 48 -1 216 -1
-1 2 49 -1 217 -1
-1 2 50 -1 218 -1
-1 2 51 -1 219 -1
-1 2 52 -1 220 -1
-1 2 53 -1 221 -1
-1 2 48 -1 234 -1
-1 2 49 -1 235 -1
-1 2 50 -1 236 -1
-1 2 51 -1 237 -1
-1 2 52 -1 238 -1
-1 2 53 -1 239 -1
-1 2 54 -1 78 -1
-1 2 55 -1 79 -1
-1 2 56 -1 80 -1
-1 2 57 -1 81 -1
-1 2 58 -1 82 -1
-1 2 59 -1 83 -1
-1 2 54 -1 84 -1
-1 2 55 -1 85 -1
-1 2 56 -1 86 -1
-1 2 57 -1 87 -1
-1 2 58 -1 88 -1
-1 2 59 -1 89 -1
-1 2 54 -1 90 -1
-1 2 55 -1 91 -1
-1 2 56 -1 92 -1
-1 2 57 -1 93 -1
-1 2 58 -1 94 -1
-1 2 59 -1 95 -1
-1 2 54 -1 96 -1
-1 2 55 -1 97 -1
-1 2 56 -1 98 -1
-1 2 57 -1 99 -1
-1 2 58 -1 100 -1
-1 2 59 -1 101 -1
-1 2 54 -1 102 -1
-1 2 55 -1 103 -1
-1 2 56 -1 104 -1
-1 2 57 -1 105 -1
-1 2 58 -1 106 -1
-1 2 59 -1 107 -1
-1 2 54 -1 108 -1
-1 2 55 -1 109 -1
-1 2 56 -1 110 -1
-1 2 57 -1 111 -1
-1 2 58 -1 112 -1
-1 2 59 -1 113 -1
-1 2 54 -1 138 -1
-1 2 55 -1 139 -1
-1 2 56 -1 140 -1
-1 2 57 -1 141 -1
-1 2 58 -1 142 -1
-1 2 59 -1 143 -1
-1 2 54 -1 168 -1
-1 2 55 -1 169 -1
-1 2 56 -1 170 -1
-1 2 57 -1 171 -1
-1 2 58 -1 172 -1
-1 2 59 -1 173 -1
-1 2 54 -1 180 -1
-1 2 55 -1 181 -1
-1 2 56 -1 182 -1
-1 2 57 -1 183 -1
-1 2 58 -1 184 -1
-1 2 59 -1 185 -1
-1 2 54 -1 204 -1
-1 2 55 -1 205 -1
-1 2 56 -1 206 -1
-1 2 57 -1 207 -1
-1 2 58 -1 208 -1
-1 2 59 -1 209 -1
-1 2 54 -1 228 -1
-1 2 55 -1 229 -1
-1 2 56 -1 230 -1
-1 2 57 -1 231 -1
-1 2 58 -1 232 -1
-1 2 59 -1 233 -1
-1 2 60 -1 114 -1
-1 2 61 -1 115 -1
-1 2 62 -1 116 -1
-1 2 63 -1 117 -1
-1 2 64 -1 118 -1
-1 2 65 -1 119 -1
-1 2 60 -1 144 -1
-1 2 61 -1 145 -1
-1 2 62 -1 146 -1
-1 2 63 -1 147 -1
-1 2 64 -1 148 -1
-1 2 65 -1 149 -1
-1 2 60 -1 162 -1
-1 2 61 -1 163 -1
-1 2 62 -1 164 -1
-1 2 63 -1 165 -1
-1 2 64 -1 166 -1
-1 2 65 -1 167 -1
-1 2 60 -1 186 -1
-1 2 61 -1 187 -1
-1 2 62 -1 188 -1
-1 2 63 -1 189 -1
-1 2 64 -1 190 -1
-1 2 65 -1 191 -1
-1 2 60 -1 228 -1
-1 2 61 -1 229 -1
-1 2 62 -1 230 -1
-1 2 63 -1 231 -1
-1 2 64 -1 232 -1
-1 2 65 -1 233 -1
-1 2 66 -1 90 -1
-1 2 67 -1 91 -1
-1 2 68 -1 92 -1
-1 2 69 -1 93 -1
-1 2 70 -1 94 -1
-1 2 71 -1 95 -1
-1 2 66 -1 120 -1
-1 2 67 -1 121 -1
-1 2 68 -1 122 -1
-1 2 69 -1 123 -1
-1 2 70 -1 124 -1
-1 2 71 -1 125 -1
-1 2 66 -1 138 -1
-1 2 67 -1 139 -1
-1 2 68 -1 140 -1
-1 2 69 -1 141 -1
-1 2 70 -1 142 -1
-1 2 71 -1 143 -1
-1 2 66 -1 162 -1
-1 2 67 -1 163 -1
-1 2 68 -1 164 -1
-1 2 69 -1 165 -1
-1 2 70 -1 166 -1
-1 2 71 -1 167 -1
-1 2 66 -1 174 -1
-1 2 67 -1 175 -1
-1 2 68 -1 176 -1
-1 2 69 -1 177 -1
-1 2 70 -1 178 -1
-1 2 71 -1 179 -1
-1 2 66 -1 216 -1
-1 2 67 -1 217 -1
-1 2 68 -1 218 -1
-1 2 69 -1 219 -1
-1 2 70 -1 220 -1
-1 2 71 -1 221 -1
-1 2 66 -1 228 -1
-1 2 67 -1 229 -1
-1 2 68 -1 230 -1
-1 2 69 -1 231 -1
-1 2 70 -1 232 -1
-1 2 71 -1 233 -1
-1 2 72 -1 84 -1
-1 2 73 -1 85 -1
-1 2 74 -1 86 -1
-1 2 75 -1 87 -1
-1 2 76 -1 88 -1
-1 2 77 -1 89 -1
-1 2 72 -1 132 -1
-1 2 73 -1 133 -1
-1 2 74 -1 134 -1
-1 2 75 -1 135 -1
-1 2 76 -1 136 -1
-1 2 77 -1 137 -1
-1 2 72 -1 180 -1
-1 2 73 -1 181 -1
-1 2 74 -1 182 -1
-1 2 75 -1 183 -1
-1 2 76 -1 184 -1
-1 2 77 -1 185 -1
-1 2 72 -1 204 -1
-1 2 73 -1 205 -1
-1 2 74 -1 206 -1
-1 2 75 -1 207 -1
-1 2 76 -1 208 -1
-1 2 77 -1 209 -1
-1 2 72 -1 228 -1
-1 2 73 -1 229 -1
-1 2 74 -1 230 -1
-1 2 75 -1 231 -1
-1 2 76 -1 232 -1
-1 2 77 -1 233 -1
-1 2 72 -1 234 -1
-1 2 73 -1 235 -1
-1 2 74 -1 236 -1
-1 2 75 -1 237 -1
-1 2 76 -1 238 -1
-1 2 77 -1 239 -1
-1 2 78 -1 90 -1
-1 2 79 -1 91 -1
-1 2 80 -1 92 -1
-1 2 81 -1 93 -1
-1 2 82 -1 94 -1
-1 2 83 -1 95 -1
-1 2 78 -1 114 -1
-1 2 79 -1 115 -1
-1 2 80 -1 116 -1
-1 2 81 -1 117 -1
-1 2 82 -1 118 -1
-1 2 83 -1 119 -1
-1 2 78 -1 126 -1
-1 2 79 -1 127 -1
-1 2 80 -1 128 -1
-1 2 81 -1 129 -1
-1 2 82 -1 130 -1
-1 2 83 -1 131 -1
-1 2 78 -1 162 -1
-1 2 79 -1 163 -1
-1 2 80 -1 164 -1
-1 2 81 -1 165 -1
-1 2 82 -1 166 -1
-1 2 83 -1 167 -1
-1 2 78 -1 174 -1
-1 2 79 -1 175 -1
-1 2 80 -1 176 -1
-1 2 81 -1 177 -1
-1 2 82 -1 178 -1
-1 2 83 -1 179 -1
-1 2 78 -1 192 -1
-1 2 79 -1 193 -1
-1 2 80 -1 194 -1
-1 2 81 -1 195 -1
-1 2 82 -1 196 -1
-1 2 83 -1 197 -1
-1 2 84 -1 114 -1
-1 2 85 -1 115 -1
-1 2 86 -1 116 -1
-1 2 87 -1 117 -1
-1 2 88 -1 118 -1
-1 2 89 -1 119 -1
-1 2 84 -1 120 -1
-1 2 85 -1 121 -1
-1 2 86 -1 122 -1
-1 2 87 -1 123 -1
-1 2 88 -1 124 -1
-1 2 89 -1 125 -1
-1 2 84 -1 126 -1
-1 2 85 -1 127 -1
-1 2 86 -1 128 -1
-1 2 87 -1 129 -1
-1 2 88 -1 130 -1
-1 2 89 -1 131 -1
-1 2 84 -1 150 -1
-1 2 85 -1 151 -1
-1 2 86 -1 152 -1
-1 2 87 -1 153 -1
-1 2 88 -1 154 -1
-1 2 89 -1 155 -1
-1 2 84 -1 168 -1
-1 2 85 -1 169 -1
-1 2 86 -1 170 -1
-1 2 87 -1 171 -1
-1 2 88 -1 172 -1
-1 2 89 -1 173 -1
-1 2 84 -1 222 -1
-1 2 85 -1 223 -1
-1 2 86 -1 224 -1
-1 2 87 -1 225 -1
-1 2 88 -1 226 -1
-1 2 89 -1 227 -1
-1 2 90 -1 108 -1
-1 2 91 -1 109 -1
-1 2 92 -1 110 -1
-1 2 93 -1 111 -1
-1 2 94 -1 112 -1
-1 2 95 -1 113 -1
-1 2 90 -1 114 -1
-1 2 91 -1 115 -1
-1 2 92 -1 116 -1
-1 2 93 -1 117 -1
-1 2 94 -1 118 -1
-1 2 95 -1 119 -1
-1 2 90 -1 150 -1
-1 2 91 -1 151 -1
-1 2 92 -1 152 -1
-1 2 93 -1 153 -1
-1 2 94 -1 154 -1
-1 2 95 -1 155 -1
-1 2 90 -1 180 -1
-1 2 91 -1 181 -1
-1 2 92 -1 182 -1
-1 2 93 -1 183 -1
-1 2 94 -1 184 -1
-1 2 95 -1 185 -1
-1 2 90 -1 186 -1
-1 2 91 -1 187 -1
-1 2 92 -1 188 -1
-1 2 93 -1 189 -1
-1 2 94 -1 190 -1
-1 2 95 -1 191 -1
-1 2 90 -1 198 -1
-1 2 91 -1 199 -1
-1 2 92 -1 200 -1
-1 2 93 -1 201 -1
-1 2 94 -1 202 -1
-1 2 95 -1 203 -1
-1 2 96 -1 132 -1
-1 2 97 -1 133 -1
-1 2 98 -1 134 -1
-1 2 99 -1 135 -1
-1 2 100 -1 136 -1
-1 2 101 -1 137 -1
-1 2 96 -1 138 -1
-1 2 97 -1 139 -1
-1 2 98 -1 140 -1
-1 2 99 -1 141 -1
-1 2 100 -1 142 -1
-1 2 101 -1 143 -1
-1 2 96 -1 156 -1
-1 2 97 -1 157 -1
-1 2 98 -1 158 -1
-1 2 99 -1 159 -1
-1 2 100 -1 160 -1
-1 2 101 -1 161 -1
-1 2 96 -1 162 -1
-1 2 97 -1 163 -1
-1 2 98 -1 164 -1
-1 2 99 -1 165 -1
-1 2 100 -1 166 -1
-1 2 101 -1 167 -1
-1 2 96 -1 198 -1
-1 2 97 -1 199 -1
-1 2 98 -1 200 -1
-1 2 99 -1 201 -1
-1 2 100 -1 202 -1
-1 2 101 -1 203 -1
-1 2 96 -1 216 -1
-1 2 97 -1 217 -1
-1 2 98 -1 218 -1
-1 2 99 -1 219 -1
-1 2 100 -1 220 -1
-1 2 101 -1 221 -1
-1 2 96 -1 222 -1
-1 2 97 -1 223 -1
-1 2 98 -1 224 -1
-1 2 99 -1 225 -1
-1 2 100 -1 226 -1
-1 2 101 -1 227 -1
-1 2 102 -1 132 -1
-1 2 103 -1 133 -1
-1 2 104 -1 134 -1
-1 2 105 -1 135 -1
-1 2 106 -1 136 -1
-1 2 107 -1 137 -1
-1 2 102 -1 144 -1
-1 2 103 -1 145 -1
-1 2 104 -1 146 -1
-1 2 105 -1 147 -1
-1 2 106 -1 148 -1
-1 2 107 -1 149 -1
-1 2 102 -1 150 -1
-1 2 103 -1 151 -1
-1 2 104 -1 152 -1
-1 2 105 -1 153 -1
-1 2 106 -1 154 -1
-1 2 107 -1 155 -1
-1 2 102 -1 174 -1
-1 2 103 -1 175 -1
-1 2 104 -1 176 -1
-1 2 105 -1 177 -1
-1 2 106 -1 178 -1
-1 2 107 -1 179 -1
-1 2 102 -1 222 -1
-1 2 103 -1 223 -1
-1 2 104 -1 224 -1
-1 2 105 -1 225 -1
-1 2 106 -1 226 -1
-1 2 107 -1 227 -1
-1 2 102 -1 234 -1
-1 2 103 -1 235 -1
-1 2 104 -1 236 -1
-1 2 105 -1 237 -1
-1 2 106 -1 238 -1
-1 2 107 -1 239 -1
-1 2 108 -1 120 -1
-1 2 109 -1 121 -1
-1 2 110 -1 122 -1
-1 2 111 -1 123 -1
-1 2 112 -1 124 -1
-1 2 113 -1 125 -1
-1 2 108 -1 138 -1
-1 2 109 -1 139 -1
-1 2 110 -1 140 -1
-1 2 111 -1 141 -1
-1 2 112 -1 142 -1
-1 2 113 -1 143 -1
-1 2 108 -1 144 -1
-1 2 109 -1 145 -1
-1 2 110 -1 146 -1
-1 2 111 -1 147 -1
-1 2 112 -1 148 -1
-1 2 113 -1 149 -1
-1 2 108 -1 156 -1
-1 2 109 -1 157 -1
-1 2 110 -1 158 -1
-1 2 111 -1 159 -1
-1 2 112 -1 160 -1
-1 2 113 -1 161 -1
-1 2 108 -1 186 -1
-1 2 109 -1 187 -1
-1 2 110 -1 188 -1
-1 2 111 -1 189 -1
-1 2 112 -1 190 -1
-1 2 113 -1 191 -1
-1 2 108 -1 192 -1
-1 2 109 -1 193 -1
-1 2 110 -1 194 -1
-1 2 111 -1 195 -1
-1 2 112 -1 196 -1
-1 2 113 -1 197 -1
-1 2 108 -1 204 -1
-1 2 109 -1 205 -1
-1 2 110 -1 206 -1
-1 2 111 -1 207 -1
-1 2 112 -1 208 -1
-1 2 113 -1 209 -1
-1 2 108 -1 222 -1
-1 2 109 -1 223 -1
-1 2 110 -1 224 -1
-1 2 111 -1 225 -1
-1 2 112 -1 226 -1
-1 2 113 -1 227 -1
-1 2 114 -1 138 -1
-1 2 115 -1 139 -1
-1 2 116 -1 140 -1
-1 2 117 -1 141 -1
-1 2 118 -1 142 -1
-1 2 119 -1 143 -1
-1 2 114 -1 156 -1
-1 2 115 -1 157 -1
-1 2 116 -1 158 -1
-1 2 117 -1 159 -1
-1 2 118 -1 160 -1
-1 2 119 -1 161 -1
-1 2 114 -1 186 -1
-1 2 115 -1 187 -1
-1 2 116 -1 188 -1
-1 2 117 -1 189 -1
-1 2 118 -1 190 -1
-1 2 119 -1 191 -1
-1 2 114 -1 198 -1
-1 2 115 -1 199 -1
-1 2 116 -1 200 -1
-1 2 117 -1 201 -1
-1 2 118 -1 202 -1
-1 2 119 -1 203 -1
-1 2 114 -1 204 -1
-1 2 115 -1 205 -1
-1 2 116 -1 206 -1
-1 2 117 -1 207 -1
-1 2 118 -1 208 -1
-1 2 119 -1 209 -1
-1 2 114 -1 222 -1
-1 2 115 -1 223 -1
-1 2 116 -1 224 -1
-1 2 117 -1 225 -1
-1 2 118 -1 226 -1
-1 2 119 -1 227 -1
-1 2 120 -1 126 -1
-1 2 121 -1 127 -1
-1 2 122 -1 128 -1
-1 2 123 -1 129 -1
-1 2 124 -1 130 -1
-1 2 125 -1 131 -1
-1 2 120 -1 132 -1
-1 2 121 -1 133 -1
-1 2 122 -1 134 -1
-1 2 123 -1 135 -1
-1 2 124 -1 136 -1
-1 2 125 -1 137 -1
-1 2 120 -1 144 -1
-1 2 121 -1 145 -1
-1 2 122 -1 146 -1
-1 2 123 -1 147 -1
-1 2 124 -1 148 -1
-1 2 125 -1 149 -1
-1 2 120 -1 168 -1
-1 2 121 -1 169 -1
-1 2 122 -1 170 -1
-1 2 123 -1 171 -1
-1 2 124 -1 172 -1
-1 2 125 -1 173 -1
-1 2 120 -1 174 -1
-1 2 121 -1 175 -1
-1 2 122 -1 176 -1
-1 2 123 -1 177 -1
-1 2 124 -1 178 -1
-1 2 125 -1 179 -1
-1 2 120 -1 180 -1
-1 2 121 -1 181 -1
-1 2 122 -1 182 -1
-1 2 123 -1 183 -1
-1 2 124 -1 184 -1
-1 2 125 -1 185 -1
-1 2 120 -1 192 -1
-1 2 121 -1 193 -1
-1 2 122 -1 194 -1
-1 2 123 -1 195 -1
-1 2 124 -1 196 -1
-1 2 125 -1 197 -1
-1 2 120 -1 198 -1
-1 2 121 -1 199 -1
-1 2 122 -1 200 -1
-1 2 123 -1 201 -1
-1 2 124 -1 202 -1
-1 2 125 -1 203 -1
-1 2 120 -1 216 -1
-1 2 121 -1 217 -1
-1 2 122 -1 218 -1
-1 2 123 -1 219 -1
-1 2 124 -1 220 -1
-1 2 125 -1 221 -1
-1 2 120 -1 234 -1
-1 2 121 -1 235 -1
-1 2 122 -1 236 -1
-1 2 123 -1 237 -1
-1 2 124 -1 238 -1
-1 2 125 -1 239 -1
-1 2 126 -1 156 -1
-1 2 127 -1 157 -1
-1 2 128 -1 158 -1
-1 2 129 -1 159 -1
-1 2 130 -1 160 -1
-1 2 131 -1 161 -1
-1 2 126 -1 186 -1
-1 2 127 -1 187 -1
-1 2 128 -1 188 -1
-1 2 129 -1 189 -1
-1 2 130 -1 190 -1
-1 2 131 -1 191 -1
-1 2 126 -1 216 -1
-1 2 127 -1 217 -1
-1 2 128 -1 218 -1
-1 2 129 -1 219 -1
-1 2 130 -1 220 -1
-1 2 131 -1 221 -1
-1 2 126 -1 222 -1
-1 2 127 -1 223 -1
-1 2 128 -1 224 -1
-1 2 129 -1 225 -1
-1 2 130 -1 226 -1
-1 2 131 -1 227 -1
-1 2 132 -1 144 -1
-1 2 133 -1 145 -1
-1 2 134 -1 146 -1
-1 2 135 -1 147 -1
-1 2 136 -1 148 -1
-1 2 137 -1 149 -1
-1 2 132 -1 162 -1
-1 2 133 -1 163 -1
-1 2 134 -1 164 -1
-1 2 135 -1 165 -1
-1 2 136 -1 166 -1
-1 2 137 -1 167 -1
-1 2 132 -1 180 -1
-1 2 133 -1 181 -1
-1 2 134 -1 182 -1
-1 2 135 -1 183 -1
-1 2 136 -1 184 -1
-1 2 137 -1 185 -1
-1 2 132 -1 204 -1
-1 2 133 -1 205 -1
-1 2 134 -1 206 -1
-1 2 135 -1 207 -1
-1 2 136 -1 208 -1
-1 2 137 -1 209 -1
-1 2 132 -1 210 -1
-1 2 133 -1 211 -1
-1 2 134 -1 212 -1
-1 2 135 -1 213 -1
-1 2 136 -1 214 -1
-1 2 137 -1 215 -1
-1 2 138 -1 174 -1
-1 2 139 -1 175 -1
-1 2 140 -1 176 -1
-1 2 141 -1 177 -1
-1 2 142 -1 178 -1
-1 2 143 -1 179 -1
-1 2 138 -1 192 -1
-1 2 139 -1 193 -1
-1 2 140 -1 194 -1
-1 2 141 -1 195 -1
-1 2 142 -1 196 -1
-1 2 143 -1 197 -1
-1 2 138 -1 198 -1
-1 2 139 -1 199 -1
-1 2 140 -1 200 -1
-1 2 141 -1 201 -1
-1 2 142 -1 202 -1
-1 2 143 -1 203 -1
-1 2 138 -1 216 -1
-1 2 139 -1 217 -1
-1 2 140 -1 218 -1
-1 2 141 -1 219 -1
-1 2 142 -1 220 -1
-1 2 143 -1 221 -1
-1 2 138 -1 234 -1
-1 2 139 -1 235 -1
-1 2 140 -1 236 -1
-1 2 141 -1 237 -1
-1 2 142 -1 238 -1
-1 2 143 -1 239 -1
-1 2 144 -1 162 -1
-1 2 145 -1 163 -1
-1 2 146 -1 164 -1
-1 2 147 -1 165 -1
-1 2 148 -1 166 -1
-1 2 149 -1 167 -1
-1 2 144 -1 168 -1
-1 2 145 -1 169 -1
-1 2 146 -1 170 -1
-1 2 147 -1 171 -1
-1 2 148 -1 172 -1
-1 2 149 -1 173 -1
-1 2 144 -1 174 -1
-1 2 145 -1 175 -1
-1 2 146 -1 176 -1
-1 2 147 -1 177 -1
-1 2 148 -1 178 -1
-1 2 149 -1 179 -1
-1 2 144 -1 198 -1
-1 2 145 -1 199 -1
-1 2 146 -1 200 -1
-1 2 147 -1 201 -1
-1 2 148 -1 202 -1
-1 2 149 -1 203 -1
-1 2 144 -1 204 -1
-1 2 145 -1 205 -1
-1 2 146 -1 206 -1
-1 2 147 -1 207 -1
-1 2 148 -1 208 -1
-1 2 149 -1 209 -1
-1 2 144 -1 228 -1
-1 2 145 -1 229 -1
-1 2 146 -1 230 -1
-1 2 147 -1 231 -1
-1 2 148 -1 232 -1
-1 2 149 -1 233 -1
-1 2 150 -1 198 -1
-1 2 151 -1 199 -1
-1 2 152 -1 200 -1
-1 2 153 -1 201 -1
-1 2 154 -1 202 -1
-1 2 155 -1 203 -1
-1 2 150 -1 204 -1
-1 2 151 -1 205 -1
-1 2 152 -1 206 -1
-1 2 153 -1 207 -1
-1 2 154 -1 208 -1
-1 2 155 -1 209 -1
-1 2 150 -1 210 -1
-1 2 151 -1 211 -1
-1 2 152 -1 212 -1
-1 2 153 -1 213 -1
-1 2 154 -1 214 -1
-1 2 155 -1 215 -1
-1 2 150 -1 216 -1
-1 2 151 -1 217 -1
-1 2 152 -1 218 -1
-1 2 153 -1 219 -1
-1 2 154 -1 220 -1
-1 2 155 -1 221 -1
-1 2 150 -1 228 -1
-1 2 151 -1 229 -1
-1 2 152 -1 230 -1
-1 2 153 -1 231 -1
-1 2 154 -1 232 -1
-1 2 155 -1 233 -1
-1 2 156 -1 174 -1
-1 2 157 -1 175 -1
-1 2 158 -1 176 -1
-1 2 159 -1 177 -1
-1 2 160 -1 178 -1
-1 2 161 -1 179 -1
-1 2 156 -1 204 -1
-1 2 157 -1 205 -1
-1 2 158 -1 206 -1
-1 2 159 -1 207 -1
-1 2 160 -1 208 -1
-1 2 161 -1 209 -1
-1 2 156 -1 222 -1
-1 2 157 -1 223 -1
-1 2 158 -1 224 -1
-1 2 159 -1 225 -1
-1 2 160 -1 226 -1
-1 2 161 -1 227 -1
-1 2 156 -1 228 -1
-1 2 157 -1 229 -1
-1 2 158 -1 230 -1
-1 2 159 -1 231 -1
-1 2 160 -1 232 -1
-1 2 161 -1 233 -1
-1 2 162 -1 168 -1
-1 2 163 -1 169 -1
-1 2 164 -1 170 -1
-1 2 165 -1 171 -1
-1 2 166 -1 172 -1
-1 2 167 -1 173 -1
-1 2 162 -1 198 -1
-1 2 163 -1 199 -1
-1 2 164 -1 200 -1
-1 2 165 -1 201 -1
-1 2 166 -1 202 -1
-1 2 167 -1 203 -1
-1 2 162 -1 204 -1
-1 2 163 -1 205 -1
-1 2 164 -1 206 -1
-1 2 165 -1 207 -1
-1 2 166 -1 208 -1
-1 2 167 -1 209 -1
-1 2 162 -1 216 -1
-1 2 163 -1 217 -1
-1 2 164 -1 218 -1
-1 2 165 -1 219 -1
-1 2 166 -1 220 -1
-1 2 167 -1 221 -1
-1 2 168 -1 174 -1
-1 2 169 -1 175 -1
-1 2 170 -1 176 -1
-1 2 171 -1 177 -1
-1 2 172 -1 178 -1
-1 2 173 -1 179 -1
-1 2 168 -1 204 -1
-1 2 169 -1 205 -1
-1 2 170 -1 206 -1
-1 2 171 -1 207 -1
-1 2 172 -1 208 -1
-1 2 173 -1 209 -1
-1 2 180 -1 186 -1
-1 2 181 -1 187 -1
-1 2 182 -1 188 -1
-1 2 183 -1 189 -1
-1 2 184 -1 190 -1
-1 2 185 -1 191 -1
-1 2 192 -1 198 -1
-1 2 193 -1 199 -1
-1 2 194 -1 200 -1
-1 2 195 -1 201 -1
-1 2 196 -1 202 -1
-1 2 197 -1 203 -1
-1 2 192 -1 216 -1
-1 2 193 -1 217 -1
-1 2 194 -1 218 -1
-1 2 195 -1 219 -1
-1 2 196 -1 220 -1
-1 2 197 -1 221 -1
-1 2 192 -1 222 -1
-1 2 193 -1 223 -1
-1 2 194 -1 224 -1
-1 2 195 -1 225 -1
-1 2 196 -1 226 -1
-1 2 197 -1 227 -1
-1 2 192 -1 234 -1
-1 2 193 -1 235 -1
-1 2 194 -1 236 -1
-1 2 195 -1 237 -1
-1 2 196 -1 238 -1
-1 2 197 -1 239 -1
-1 2 198 -1 204 -1
-1 2 199 -1 205 -1
-1 2 200 -1 206 -1
-1 2 201 -1 207 -1
-1 2 202 -1 208 -1
-1 2 203 -1 209 -1
-1 2 198 -1 210 -1
-1 2 199 -1 211 -1
-1 2 200 -1 212 -1
-1 2 201 -1 213 -1
-1 2 202 -1 214 -1
-1 2 203 -1 215 -1
-1 2 198 -1 222 -1
-1 2 199 -1 223 -1
-1 2 200 -1 224 -1
-1 2 201 -1 225 -1
-1 2 202 -1 226 -1
-1 2 203 -1 227 -1
-1 2 204 -1 228 -1
-1 2 205 -1 229 -1
-1 2 206 -1 230 -1
-1 2 207 -1 231 -1
-1 2 208 -1 232 -1
-1 2 209 -1 233 -1
-1 2 210 -1 228 -1
-1 2 211 -1 229 -1
-1 2 212 -1 230 -1
-1 2 213 -1 231 -1
-1 2 214 -1 232 -1
-1 2 215 -1 233 -1
-1 2 210 -1 234 -1
-1 2 211 -1 235 -1
-1 2 212 -1 236 -1
-1 2 213 -1 237 -1
-1 2 214 -1 238 -1
-1 2 215 -1 239 -1
0 2 240 1 241 -1
0 2 241 1 242 -1
0 2 242 1 243 -1
0 2 243 1 244 -1
0 2 244 1 245 -1
incumbent 1
0 1 0 0 0 0 0 0 0 1 0 0 1 0 0 0 0 0 0 0 0 0 1 0 0 0 0 1 0 0 1 0 0 0 0 0 0 1 0 0 0 0 0 0 0 0 1 0 0 0 1 0 0 0 0 0 0 1 0 0 1 0 0 0 0 0 0 0 0 0 1 0 0 0 0 0 1 0 0 0 0 0 1 0 0 0 1 0 0 0 1 0 0 0 0 0 0 1 0 0 0 0 1 0 0 0 0 0 0 0 1 0 0 0 0 1 0 0 0 0 1 0 0 0 0 0 0 0 0 1 0 0 0 0 1 0 0 0 1 0 0 0 0 0 0 1 0 0 0 0 0 0 0 1 0 0 0 0 0 0 0 1 0 0 0 1 0 0 0 0 0 0 1 0 0 0 1 0 0 0 0 1 0 0 0 0 0 0 0 0 0 1 0 1 0 0 0 0 0 0 1 0 0 0 1 0 0 0 0 0 1 0 0 0 0 0 0 0 0 0 0 1 0 0 0 0 1 0 0 0 1 0 0 0 0 0 0 1 0 0 1 1 1 1 1 1
