200 100
-22 -20 -37 -38 -12 -11 -14 -39 -40 -36 -39 -33 -30 -38 -19 -14 -21 -46 -50 -27 -33 -45 -30 -15 -49 -15 -36 -27 -41 -11 -8 -27 -49 -6 -17 -12 -22 -11 -27 -35 -9 -13 -33 -24 -29 -42 -42 -48 -25 -50 -16 -44 -41 -10 -36 -50 -42 -49 -35 -31 -23 -19 -14 -7 -36 -14 -7 -13 -41 -18 -28 -5 -24 -24 -31 -45 -19 -29 -16 -11 -33 -9 -28 -10 -28 -26 -8 -50 -21 -42 -48 -23 -37 -31 -49 -37 -8 -9 -50 -30 -44 -25 -22 -49 -49 -17 -35 -10 -43 -21 -36 -46 -17 -20 -31 -8 -41 -27 -42 -44 -40 -23 -15 -12 -36 -37 -37 -23 -14 -38 -28 -7 -27 -35 -6 -13 -32 -13 -11 -45 -18 -25 -29 -25 -38 -10 -16 -39 -48 -42 -6 -47 -7 -41 -9 -38 -40 -43 -9 -11 -37 -36 -20 -17 -37 -45 -37 -46 -28 -22 -49 -14 -46 -16 -6 -27 -8 -33 -21 -40 -6 -6 -13 -9 -14 -11 -35 -26 -24 -33 -33 -24 -29 -17 -33 -6 -43 -6 -44 -22
-1 7 23 -1 36 -1 108 -1 115 -1 124 -1 177 -1 192 -1
-1 9 60 -1 125 -1 132 -1 138 -1 147 -1 151 -1 163 -1 166 -1 174 -1
-1 9 55 -1 91 -1 107 -1 142 -1 150 -1 162 -1 169 -1 175 -1 192 -1
-1 3 69 -1 82 -1 168 -1
-1 7 1 -1 33 -1 40 -1 70 -1 101 -1 120 -1 156 -1
-1 4 40 -1 140 -1 151 -1 171 -1
-1 4 22 -1 86 -1 156 -1 158 -1
-1 6 84 -1 97 -1 109 -1 131 -1 154 -1 181 -1
-1 8 32 -1 44 -1 61 -1 73 -1 84 -1 101 -1 145 -1 148 -1
-1 4 104 -1 110 -1 121 -1 151 -1
-1 3 26 -1 103 -1 141 -1
-1 5 1 -1 2 -1 116 -1 123 -1 199 -1
-1 7 2 -1 25 -1 28 -1 49 -1 66 -1 105 -1 181 -1
-1 3 29 -1 81 -1 154 -1
-1 4 43 -1 113 -1 152 -1 168 -1
-1 3 64 -1 73 -1 120 -1
-1 4 66 -1 109 -1 112 -1 173 -1
-1 7 5 -1 41 -1 42 -1 48 -1 100 -1 102 -1 142 -1
-1 3 11 -1 165 -1 194 -1
-1 5 59 -1 65 -1 75 -1 100 -1 117 -1
-1 5 3 -1 20 -1 56 -1 83 -1 88 -1
-1 6 3 -1 11 -1 98 -1 106 -1 138 -1 184 -1
-1 3 7 -1 183 -1 193 -1
-1 6 31 -1 59 -1 71 -1 130 -1 148 -1 182 -1
-1 4 100 -1 127 -1 134 -1 138 -1
-1 6 9 -1 14 -1 55 -1 72 -1 73 -1 134 -1
-1 5 38 -1 53 -1 91 -1 92 -1 120 -1
-1 8 0 -1 21 -1 35 -1 81 -1 120 -1 153 -1 172 -1 192 -1
-1 8 27 -1 60 -1 65 -1 67 -1 136 -1 164 -1 185 -1 194 -1
-1 2 58 -1 167 -1
-1 5 4 -1 7 -1 55 -1 94 -1 105 -1
-1 5 6 -1 62 -1 96 -1 112 -1 169 -1
-1 3 15 -1 162 -1 177 -1
-1 5 86 -1 126 -1 130 -1 140 -1 152 -1
-1 6 54 -1 62 -1 80 -1 109 -1 113 -1 115 -1
-1 6 2 -1 6 -1 8 -1 67 -1 76 -1 103 -1
-1 6 52 -1 53 -1 106 -1 110 -1 129 -1 198 -1
-1 6 25 -1 98 -1 109 -1 111 -1 137 -1 175 -1
-1 0
-1 6 8 -1 10 -1 16 -1 57 -1 139 -1 170 -1
-1 5 9 -1 49 -1 79 -1 148 -1 162 -1
-1 1 19 -1
-1 4 6 -1 56 -1 147 -1 190 -1
-1 8 17 -1 62 -1 64 -1 86 -1 90 -1 122 -1 127 -1 171 -1
-1 7 34 -1 41 -1 83 -1 144 -1 172 -1 173 -1 181 -1
-1 3 133 -1 136 -1 170 -1
-1 5 5 -1 94 -1 96 -1 117 -1 154 -1
-1 4 141 -1 156 -1 169 -1 175 -1
-1 1 45 -1
-1 5 23 -1 25 -1 33 -1 74 -1 92 -1
-1 2 18 -1 175 -1
-1 5 6 -1 52 -1 93 -1 164 -1 198 -1
-1 7 12 -1 42 -1 61 -1 66 -1 139 -1 144 -1 182 -1
-1 3 117 -1 165 -1 179 -1
-1 8 0 -1 36 -1 57 -1 95 -1 99 -1 159 -1 178 -1 187 -1
-1 6 23 -1 31 -1 37 -1 114 -1 118 -1 148 -1
-1 3 74 -1 95 -1 153 -1
-1 5 13 -1 29 -1 70 -1 118 -1 161 -1
-1 2 41 -1 65 -1
-1 4 77 -1 86 -1 98 -1 143 -1
-1 9 30 -1 38 -1 42 -1 44 -1 87 -1 90 -1 93 -1 164 -1 199 -1
-1 8 59 -1 84 -1 89 -1 90 -1 102 -1 131 -1 166 -1 171 -1
-1 5 32 -1 36 -1 57 -1 105 -1 188 -1
-1 6 87 -1 93 -1 114 -1 123 -1 158 -1 172 -1
-1 9 14 -1 15 -1 56 -1 79 -1 119 -1 125 -1 131 -1 147 -1 160 -1
-1 8 10 -1 14 -1 76 -1 88 -1 95 -1 107 -1 188 -1 192 -1
-1 4 36 -1 117 -1 158 -1 199 -1
-1 7 2 -1 3 -1 8 -1 14 -1 20 -1 51 -1 157 -1
-1 5 32 -1 43 -1 46 -1 49 -1 114 -1
-1 8 17 -1 37 -1 67 -1 68 -1 88 -1 101 -1 132 -1 178 -1
-1 5 41 -1 54 -1 87 -1 122 -1 150 -1
-1 8 35 -1 70 -1 89 -1 100 -1 104 -1 185 -1 189 -1 195 -1
-1 4 40 -1 51 -1 105 -1 166 -1
-1 3 135 -1 144 -1 146 -1
-1 3 110 -1 116 -1 191 -1
-1 8 24 -1 34 -1 45 -1 69 -1 88 -1 138 -1 149 -1 194 -1
-1 9 5 -1 43 -1 63 -1 89 -1 115 -1 127 -1 133 -1 152 -1 189 -1
-1 12 13 -1 21 -1 37 -1 47 -1 71 -1 74 -1 82 -1 92 -1 130 -1 151 -1 189 -1 194 -1
-1 4 0 -1 128 -1 140 -1 154 -1
-1 4 143 -1 153 -1 176 -1 196 -1
-1 8 33 -1 50 -1 118 -1 124 -1 143 -1 177 -1 180 -1 188 -1
-1 9 45 -1 49 -1 51 -1 71 -1 102 -1 110 -1 115 -1 153 -1 174 -1
-1 4 13 -1 123 -1 133 -1 142 -1
-1 7 18 -1 63 -1 82 -1 94 -1 112 -1 132 -1 164 -1
-1 8 8 -1 23 -1 28 -1 91 -1 94 -1 126 -1 155 -1 180 -1
-1 9 45 -1 60 -1 80 -1 97 -1 112 -1 127 -1 152 -1 157 -1 165 -1
-1 6 1 -1 59 -1 125 -1 144 -1 157 -1 186 -1
-1 4 64 -1 83 -1 137 -1 183 -1
-1 3 62 -1 97 -1 103 -1
-1 4 21 -1 78 -1 174 -1 178 -1
-1 5 1 -1 7 -1 79 -1 82 -1 142 -1
-1 3 84 -1 90 -1 116 -1
-1 6 0 -1 3 -1 67 -1 104 -1 114 -1 172 -1
-1 9 21 -1 81 -1 89 -1 99 -1 106 -1 134 -1 159 -1 197 -1 198 -1
-1 5 39 -1 77 -1 98 -1 103 -1 140 -1
-1 9 5 -1 9 -1 39 -1 52 -1 123 -1 125 -1 129 -1 147 -1 166 -1
-1 3 12 -1 60 -1 63 -1
-1 3 85 -1 97 -1 113 -1
-1 6 65 -1 73 -1 74 -1 122 -1 137 -1 139 -1
-1 5 25 -1 31 -1 47 -1 64 -1 132 -1
incumbent 1
0 0 0 0 1 0 0 0 0 0 0 1 1 0 0 0 0 0 1 1 1 0 1 0 1 0 1 1 0 0 0 0 0 0 0 0 0 0 0 0 1 0 0 0 1 0 1 1 1 0 1 0 0 0 1 0 0 0 0 0 0 0 0 0 0 0 0 0 1 0 0 0 1 0 0 1 1 1 1 0 0 0 0 0 0 1 0 0 0 1 0 0 0 0 0 0 0 0 0 0 0 0 0 0 0 0 0 0 1 0 0 1 0 0 0 0 0 0 0 1 0 1 0 0 0 0 0 0 1 1 0 0 0 0 0 0 0 0 0 0 0 0 0 0 0 0 1 0 0 0 0 0 0 0 0 1 0 0 0 0 0 1 0 1 0 0 0 1 1 1 1 0 1 0 0 0 0 0 0 1 0 0 0 0 0 0 1 1 0 0 1 1 0 1 0 0 1 0 0 0
