200 1230
4 14 25 23 12 17 16 26 2 9 14 29 20 21 13 2 25 10 5 12 27 29 23 10 28 14 16 26 9 8 11 10 15 5 27 10 21 21 20 23 26 4 3 5 4 1 27 16 19 14 30 12 7 19 16 24 12 16 9 30 14 27 14 15 23 11 9 25 4 10 14 29 9 24 23 26 17 18 14 25 25 24 26 29 11 16 9 4 21 29 11 30 6 13 12 15 18 7 14 24 15 13 24 28 14 5 28 17 11 5 30 14 6 28 28 17 19 10 2 16 1 17 20 5 17 20 5 6 6 24 22 5 13 27 18 12 6 5 11 20 30 23 17 12 13 28 14 8 19 21 28 11 14 6 18 28 7 29 23 24 10 11 28 19 9 22 10 14 19 19 28 20 22 24 7 28 22 23 20 26 21 22 24 15 26 26 9 2 7 23 27 1 21 7 15 22 11 24 20 11
1 2 0 1 2 1
1 2 0 1 7 1
1 2 0 1 17 1
1 2 0 1 23 1
1 2 0 1 33 1
1 2 0 1 34 1
1 2 0 1 94 1
1 2 0 1 107 1
1 2 0 1 118 1
1 2 0 1 119 1
1 2 0 1 149 1
1 2 1 1 9 1
1 2 1 1 41 1
1 2 1 1 45 1
1 2 1 1 61 1
1 2 1 1 74 1
1 2 1 1 77 1
1 2 1 1 82 1
1 2 1 1 94 1
1 2 1 1 103 1
1 2 1 1 113 1
1 2 1 1 142 1
1 2 1 1 143 1
1 2 1 1 147 1
1 2 1 1 150 1
1 2 1 1 155 1
1 2 1 1 157 1
1 2 1 1 158 1
1 2 1 1 189 1
1 2 1 1 197 1
1 2 2 1 10 1
1 2 2 1 31 1
1 2 2 1 87 1
1 2 2 1 91 1
1 2 2 1 98 1
1 2 2 1 144 1
1 2 2 1 155 1
1 2 2 1 162 1
1 2 2 1 188 1
1 2 3 1 8 1
1 2 3 1 11 1
1 2 3 1 13 1
1 2 3 1 18 1
1 2 3 1 22 1
1 2 3 1 29 1
1 2 3 1 30 1
1 2 3 1 38 1
1 2 3 1 40 1
1 2 3 1 58 1
1 2 3 1 79 1
1 2 3 1 111 1
1 2 3 1 113 1
1 2 3 1 147 1
1 2 3 1 158 1
1 2 3 1 171 1
1 2 4 1 10 1
1 2 4 1 20 1
1 2 4 1 28 1
1 2 4 1 38 1
1 2 4 1 47 1
1 2 4 1 103 1
1 2 4 1 130 1
1 2 4 1 133 1
1 2 4 1 179 1
1 2 4 1 194 1
1 2 5 1 25 1
1 2 5 1 74 1
1 2 5 1 79 1
1 2 5 1 98 1
1 2 5 1 129 1
1 2 5 1 143 1
1 2 5 1 159 1
1 2 5 1 163 1
1 2 6 1 38 1
1 2 6 1 41 1
1 2 6 1 43 1
1 2 6 1 58 1
1 2 6 1 60 1
1 2 6 1 89 1
1 2 6 1 104 1
1 2 6 1 112 1
1 2 6 1 113 1
1 2 6 1 121 1
1 2 6 1 127 1
1 2 6 1 128 1
1 2 6 1 148 1
1 2 6 1 150 1
1 2 6 1 167 1
1 2 6 1 170 1
1 2 6 1 172 1
1 2 6 1 175 1
1 2 6 1 178 1
1 2 7 1 26 1
1 2 7 1 33 1
1 2 7 1 49 1
1 2 7 1 50 1
1 2 7 1 52 1
1 2 7 1 89 1
1 2 7 1 95 1
1 2 7 1 115 1
1 2 7 1 117 1
1 2 7 1 127 1
1 2 7 1 146 1
1 2 7 1 148 1
1 2 7 1 152 1
1 2 7 1 163 1
1 2 7 1 168 1
1 2 7 1 180 1
1 2 7 1 185 1
1 2 7 1 198 1
1 2 8 1 13 1
1 2 8 1 33 1
1 2 8 1 55 1
1 2 8 1 78 1
1 2 8 1 83 1
1 2 8 1 93 1
1 2 8 1 99 1
1 2 8 1 117 1
1 2 8 1 122 1
1 2 8 1 131 1
1 2 8 1 133 1
1 2 8 1 147 1
1 2 8 1 148 1
1 2 8 1 155 1
1 2 8 1 176 1
1 2 8 1 186 1
1 2 9 1 22 1
1 2 9 1 36 1
1 2 9 1 50 1
1 2 9 1 64 1
1 2 9 1 65 1
1 2 9 1 78 1
1 2 9 1 125 1
1 2 9 1 127 1
1 2 9 1 129 1
1 2 9 1 186 1
1 2 10 1 30 1
1 2 10 1 32 1
1 2 10 1 51 1
1 2 10 1 72 1
1 2 10 1 85 1
1 2 10 1 86 1
1 2 10 1 96 1
1 2 10 1 107 1
1 2 10 1 113 1
1 2 10 1 125 1
1 2 10 1 133 1
1 2 10 1 148 1
1 2 10 1 166 1
1 2 10 1 178 1
1 2 10 1 188 1
1 2 10 1 197 1
1 2 11 1 17 1
1 2 11 1 23 1
1 2 11 1 24 1
1 2 11 1 26 1
1 2 11 1 47 1
1 2 11 1 76 1
1 2 11 1 93 1
1 2 11 1 94 1
1 2 11 1 112 1
1 2 11 1 130 1
1 2 11 1 131 1
1 2 11 1 155 1
1 2 11 1 157 1
1 2 11 1 165 1
1 2 11 1 183 1
1 2 12 1 31 1
1 2 12 1 41 1
1 2 12 1 78 1
1 2 12 1 111 1
1 2 12 1 181 1
1 2 12 1 195 1
1 2 13 1 23 1
1 2 13 1 71 1
1 2 13 1 85 1
1 2 13 1 93 1
1 2 13 1 99 1
1 2 13 1 121 1
1 2 13 1 141 1
1 2 13 1 168 1
1 2 13 1 173 1
1 2 13 1 194 1
1 2 14 1 24 1
1 2 14 1 109 1
1 2 14 1 126 1
1 2 14 1 129 1
1 2 14 1 155 1
1 2 14 1 161 1
1 2 14 1 169 1
1 2 14 1 185 1
1 2 14 1 194 1
1 2 15 1 24 1
1 2 15 1 28 1
1 2 15 1 36 1
1 2 15 1 64 1
1 2 15 1 67 1
1 2 15 1 97 1
1 2 15 1 109 1
1 2 15 1 118 1
1 2 15 1 120 1
1 2 15 1 121 1
1 2 15 1 194 1
1 2 16 1 29 1
1 2 16 1 33 1
1 2 16 1 49 1
1 2 16 1 63 1
1 2 16 1 64 1
1 2 16 1 66 1
1 2 16 1 73 1
1 2 16 1 83 1
1 2 16 1 112 1
1 2 16 1 113 1
1 2 16 1 135 1
1 2 16 1 159 1
1 2 16 1 163 1
1 2 16 1 164 1
1 2 16 1 180 1
1 2 16 1 185 1
1 2 17 1 41 1
1 2 17 1 47 1
1 2 17 1 100 1
1 2 17 1 109 1
1 2 17 1 158 1
1 2 17 1 161 1
1 2 17 1 163 1
1 2 17 1 175 1
1 2 18 1 32 1
1 2 18 1 39 1
1 2 18 1 65 1
1 2 18 1 102 1
1 2 18 1 109 1
1 2 18 1 129 1
1 2 18 1 138 1
1 2 18 1 144 1
1 2 18 1 148 1
1 2 18 1 150 1
1 2 18 1 164 1
1 2 18 1 174 1
1 2 18 1 190 1
1 2 19 1 29 1
1 2 19 1 72 1
1 2 19 1 110 1
1 2 19 1 134 1
1 2 19 1 137 1
1 2 19 1 142 1
1 2 19 1 174 1
1 2 19 1 184 1
1 2 19 1 192 1
1 2 19 1 196 1
1 2 20 1 40 1
1 2 20 1 41 1
1 2 20 1 57 1
1 2 20 1 59 1
1 2 20 1 77 1
1 2 20 1 82 1
1 2 20 1 85 1
1 2 20 1 123 1
1 2 20 1 129 1
1 2 20 1 135 1
1 2 20 1 137 1
1 2 20 1 144 1
1 2 20 1 159 1
1 2 20 1 177 1
1 2 21 1 37 1
1 2 21 1 64 1
1 2 21 1 66 1
1 2 21 1 98 1
1 2 21 1 123 1
1 2 21 1 133 1
1 2 21 1 146 1
1 2 21 1 172 1
1 2 22 1 35 1
1 2 22 1 36 1
1 2 22 1 38 1
1 2 22 1 43 1
1 2 22 1 61 1
1 2 22 1 76 1
1 2 22 1 84 1
1 2 22 1 107 1
1 2 22 1 135 1
1 2 22 1 154 1
1 2 22 1 159 1
1 2 22 1 180 1
1 2 23 1 55 1
1 2 23 1 72 1
1 2 23 1 78 1
1 2 23 1 81 1
1 2 23 1 91 1
1 2 23 1 111 1
1 2 23 1 149 1
1 2 23 1 160 1
1 2 23 1 163 1
1 2 23 1 178 1
1 2 23 1 187 1
1 2 23 1 195 1
1 2 24 1 27 1
1 2 24 1 50 1
1 2 24 1 68 1
1 2 24 1 77 1
1 2 24 1 96 1
1 2 24 1 125 1
1 2 24 1 138 1
1 2 24 1 152 1
1 2 24 1 168 1
1 2 25 1 32 1
1 2 25 1 40 1
1 2 25 1 55 1
1 2 25 1 56 1
1 2 25 1 61 1
1 2 25 1 63 1
1 2 25 1 107 1
1 2 25 1 110 1
1 2 25 1 111 1
1 2 25 1 126 1
1 2 25 1 140 1
1 2 25 1 155 1
1 2 25 1 165 1
1 2 25 1 196 1
1 2 26 1 36 1
1 2 26 1 39 1
1 2 26 1 43 1
1 2 26 1 58 1
1 2 26 1 83 1
1 2 26 1 86 1
1 2 26 1 92 1
1 2 26 1 113 1
1 2 26 1 142 1
1 2 26 1 153 1
1 2 26 1 173 1
1 2 27 1 43 1
1 2 27 1 61 1
1 2 27 1 62 1
1 2 27 1 68 1
1 2 27 1 71 1
1 2 27 1 80 1
1 2 27 1 81 1
1 2 27 1 84 1
1 2 27 1 97 1
1 2 27 1 128 1
1 2 27 1 146 1
1 2 27 1 167 1
1 2 28 1 36 1
1 2 28 1 44 1
1 2 28 1 48 1
1 2 28 1 78 1
1 2 28 1 81 1
1 2 28 1 113 1
1 2 28 1 118 1
1 2 28 1 150 1
1 2 28 1 156 1
1 2 28 1 167 1
1 2 28 1 172 1
1 2 28 1 187 1
1 2 28 1 189 1
1 2 29 1 42 1
1 2 29 1 43 1
1 2 29 1 87 1
1 2 29 1 116 1
1 2 29 1 120 1
1 2 29 1 168 1
1 2 30 1 35 1
1 2 30 1 42 1
1 2 30 1 93 1
1 2 30 1 101 1
1 2 30 1 140 1
1 2 30 1 143 1
1 2 30 1 145 1
1 2 30 1 146 1
1 2 30 1 149 1
1 2 30 1 154 1
1 2 30 1 170 1
1 2 31 1 43 1
1 2 31 1 66 1
1 2 31 1 113 1
1 2 31 1 133 1
1 2 31 1 154 1
1 2 31 1 157 1
1 2 31 1 163 1
1 2 31 1 197 1
1 2 32 1 40 1
1 2 32 1 86 1
1 2 32 1 92 1
1 2 32 1 93 1
1 2 32 1 106 1
1 2 32 1 116 1
1 2 32 1 131 1
1 2 32 1 164 1
1 2 32 1 166 1
1 2 32 1 191 1
1 2 33 1 93 1
1 2 33 1 105 1
1 2 33 1 149 1
1 2 33 1 175 1
1 2 33 1 177 1
1 2 33 1 188 1
1 2 34 1 58 1
1 2 34 1 104 1
1 2 34 1 107 1
1 2 34 1 110 1
1 2 34 1 116 1
1 2 34 1 122 1
1 2 34 1 154 1
1 2 34 1 179 1
1 2 34 1 187 1
1 2 35 1 47 1
1 2 35 1 51 1
1 2 35 1 53 1
1 2 35 1 56 1
1 2 35 1 70 1
1 2 35 1 72 1
1 2 35 1 84 1
1 2 35 1 89 1
1 2 35 1 95 1
1 2 35 1 135 1
1 2 35 1 143 1
1 2 35 1 147 1
1 2 35 1 155 1
1 2 35 1 161 1
1 2 35 1 167 1
1 2 35 1 181 1
1 2 35 1 188 1
1 2 35 1 199 1
1 2 36 1 45 1
1 2 36 1 47 1
1 2 36 1 55 1
1 2 36 1 59 1
1 2 36 1 73 1
1 2 36 1 113 1
1 2 36 1 118 1
1 2 36 1 121 1
1 2 36 1 125 1
1 2 36 1 147 1
1 2 36 1 156 1
1 2 37 1 45 1
1 2 37 1 79 1
1 2 37 1 92 1
1 2 37 1 155 1
1 2 37 1 180 1
1 2 38 1 43 1
1 2 38 1 53 1
1 2 38 1 75 1
1 2 38 1 79 1
1 2 38 1 109 1
1 2 38 1 132 1
1 2 38 1 134 1
1 2 38 1 137 1
1 2 38 1 163 1
1 2 38 1 167 1
1 2 38 1 175 1
1 2 38 1 199 1
1 2 39 1 53 1
1 2 39 1 69 1
1 2 39 1 78 1
1 2 39 1 97 1
1 2 39 1 112 1
1 2 39 1 189 1
1 2 39 1 199 1
1 2 40 1 41 1
1 2 40 1 51 1
1 2 40 1 64 1
1 2 40 1 74 1
1 2 40 1 106 1
1 2 40 1 112 1
1 2 40 1 119 1
1 2 40 1 147 1
1 2 40 1 154 1
1 2 40 1 157 1
1 2 40 1 160 1
1 2 40 1 166 1
1 2 40 1 183 1
1 2 40 1 198 1
1 2 41 1 46 1
1 2 41 1 62 1
1 2 41 1 80 1
1 2 41 1 95 1
1 2 41 1 144 1
1 2 41 1 153 1
1 2 41 1 178 1
1 2 41 1 179 1
1 2 41 1 194 1
1 2 42 1 44 1
1 2 42 1 107 1
1 2 42 1 123 1
1 2 42 1 126 1
1 2 42 1 157 1
1 2 42 1 167 1
1 2 43 1 68 1
1 2 43 1 71 1
1 2 43 1 108 1
1 2 43 1 114 1
1 2 43 1 138 1
1 2 43 1 189 1
1 2 44 1 48 1
1 2 44 1 73 1
1 2 44 1 102 1
1 2 44 1 135 1
1 2 44 1 151 1
1 2 44 1 155 1
1 2 44 1 162 1
1 2 44 1 166 1
1 2 44 1 172 1
1 2 44 1 196 1
1 2 45 1 52 1
1 2 45 1 63 1
1 2 45 1 67 1
1 2 45 1 106 1
1 2 45 1 114 1
1 2 45 1 169 1
1 2 46 1 92 1
1 2 46 1 116 1
1 2 46 1 136 1
1 2 46 1 148 1
1 2 46 1 152 1
1 2 46 1 158 1
1 2 46 1 182 1
1 2 46 1 188 1
1 2 46 1 191 1
1 2 47 1 95 1
1 2 47 1 122 1
1 2 47 1 170 1
1 2 47 1 185 1
1 2 47 1 191 1
1 2 47 1 196 1
1 2 48 1 56 1
1 2 48 1 65 1
1 2 48 1 77 1
1 2 48 1 79 1
1 2 48 1 80 1
1 2 48 1 88 1
1 2 48 1 90 1
1 2 48 1 117 1
1 2 48 1 145 1
1 2 48 1 148 1
1 2 48 1 150 1
1 2 48 1 153 1
1 2 48 1 169 1
1 2 49 1 81 1
1 2 49 1 94 1
1 2 49 1 96 1
1 2 49 1 109 1
1 2 49 1 111 1
1 2 49 1 113 1
1 2 49 1 118 1
1 2 49 1 123 1
1 2 49 1 135 1
1 2 49 1 165 1
1 2 49 1 181 1
1 2 49 1 182 1
1 2 50 1 69 1
1 2 50 1 95 1
1 2 50 1 105 1
1 2 50 1 113 1
1 2 50 1 120 1
1 2 50 1 126 1
1 2 50 1 132 1
1 2 50 1 174 1
1 2 50 1 175 1
1 2 50 1 176 1
1 2 50 1 186 1
1 2 51 1 67 1
1 2 51 1 79 1
1 2 51 1 85 1
1 2 51 1 109 1
1 2 51 1 113 1
1 2 52 1 69 1
1 2 52 1 80 1
1 2 52 1 107 1
1 2 52 1 118 1
1 2 52 1 143 1
1 2 52 1 151 1
1 2 52 1 176 1
1 2 52 1 186 1
1 2 52 1 194 1
1 2 53 1 66 1
1 2 53 1 98 1
1 2 53 1 123 1
1 2 53 1 136 1
1 2 54 1 70 1
1 2 54 1 73 1
1 2 54 1 79 1
1 2 54 1 80 1
1 2 54 1 89 1
1 2 54 1 116 1
1 2 54 1 169 1
1 2 55 1 81 1
1 2 55 1 109 1
1 2 55 1 125 1
1 2 55 1 133 1
1 2 55 1 138 1
1 2 55 1 149 1
1 2 55 1 151 1
1 2 55 1 158 1
1 2 55 1 161 1
1 2 56 1 113 1
1 2 56 1 123 1
1 2 56 1 143 1
1 2 56 1 196 1
1 2 57 1 65 1
1 2 57 1 66 1
1 2 57 1 67 1
1 2 57 1 90 1
1 2 57 1 140 1
1 2 57 1 154 1
1 2 57 1 155 1
1 2 57 1 178 1
1 2 57 1 180 1
1 2 57 1 192 1
1 2 57 1 199 1
1 2 58 1 87 1
1 2 58 1 109 1
1 2 58 1 136 1
1 2 58 1 137 1
1 2 58 1 156 1
1 2 58 1 157 1
1 2 58 1 158 1
1 2 58 1 161 1
1 2 58 1 172 1
1 2 58 1 179 1
1 2 58 1 183 1
1 2 58 1 193 1
1 2 59 1 76 1
1 2 59 1 96 1
1 2 59 1 107 1
1 2 59 1 151 1
1 2 59 1 158 1
1 2 59 1 159 1
1 2 59 1 174 1
1 2 59 1 199 1
1 2 60 1 74 1
1 2 60 1 114 1
1 2 60 1 133 1
1 2 60 1 136 1
1 2 60 1 158 1
1 2 60 1 182 1
1 2 60 1 188 1
1 2 61 1 66 1
1 2 61 1 74 1
1 2 61 1 90 1
1 2 61 1 92 1
1 2 61 1 131 1
1 2 61 1 137 1
1 2 61 1 158 1
1 2 61 1 159 1
1 2 61 1 186 1
1 2 61 1 197 1
1 2 62 1 71 1
1 2 62 1 84 1
1 2 62 1 96 1
1 2 62 1 112 1
1 2 62 1 146 1
1 2 62 1 157 1
1 2 62 1 166 1
1 2 62 1 189 1
1 2 63 1 64 1
1 2 63 1 73 1
1 2 63 1 77 1
1 2 63 1 83 1
1 2 63 1 86 1
1 2 63 1 100 1
1 2 63 1 108 1
1 2 63 1 111 1
1 2 63 1 116 1
1 2 63 1 126 1
1 2 63 1 127 1
1 2 63 1 135 1
1 2 63 1 174 1
1 2 64 1 72 1
1 2 64 1 74 1
1 2 64 1 80 1
1 2 64 1 105 1
1 2 64 1 118 1
1 2 64 1 125 1
1 2 64 1 138 1
1 2 64 1 180 1
1 2 64 1 181 1
1 2 64 1 184 1
1 2 65 1 149 1
1 2 65 1 176 1
1 2 65 1 183 1
1 2 65 1 186 1
1 2 66 1 81 1
1 2 66 1 87 1
1 2 66 1 116 1
1 2 66 1 142 1
1 2 66 1 161 1
1 2 66 1 166 1
1 2 66 1 172 1
1 2 66 1 198 1
1 2 67 1 87 1
1 2 67 1 112 1
1 2 67 1 122 1
1 2 67 1 138 1
1 2 67 1 167 1
1 2 67 1 179 1
1 2 67 1 199 1
1 2 68 1 102 1
1 2 68 1 111 1
1 2 68 1 127 1
1 2 68 1 151 1
1 2 68 1 159 1
1 2 68 1 170 1
1 2 68 1 188 1
1 2 68 1 189 1
1 2 68 1 193 1
1 2 69 1 74 1
1 2 69 1 92 1
1 2 69 1 101 1
1 2 69 1 120 1
1 2 69 1 122 1
1 2 69 1 177 1
1 2 69 1 184 1
1 2 70 1 72 1
1 2 70 1 76 1
1 2 70 1 123 1
1 2 70 1 156 1
1 2 70 1 178 1
1 2 71 1 97 1
1 2 71 1 98 1
1 2 71 1 103 1
1 2 71 1 104 1
1 2 71 1 105 1
1 2 71 1 109 1
1 2 71 1 125 1
1 2 71 1 144 1
1 2 71 1 151 1
1 2 71 1 184 1
1 2 71 1 185 1
1 2 72 1 80 1
1 2 72 1 98 1
1 2 72 1 100 1
1 2 72 1 110 1
1 2 72 1 111 1
1 2 72 1 112 1
1 2 72 1 117 1
1 2 72 1 118 1
1 2 72 1 128 1
1 2 72 1 130 1
1 2 72 1 149 1
1 2 72 1 152 1
1 2 72 1 180 1
1 2 72 1 182 1
1 2 72 1 189 1
1 2 72 1 190 1
1 2 73 1 74 1
1 2 73 1 77 1
1 2 73 1 85 1
1 2 73 1 110 1
1 2 73 1 116 1
1 2 73 1 133 1
1 2 73 1 149 1
1 2 73 1 155 1
1 2 73 1 171 1
1 2 73 1 186 1
1 2 73 1 189 1
1 2 73 1 192 1
1 2 73 1 196 1
1 2 73 1 199 1
1 2 74 1 83 1
1 2 74 1 89 1
1 2 74 1 99 1
1 2 74 1 102 1
1 2 74 1 103 1
1 2 74 1 127 1
1 2 74 1 149 1
1 2 74 1 156 1
1 2 74 1 184 1
1 2 74 1 196 1
1 2 75 1 81 1
1 2 75 1 82 1
1 2 75 1 100 1
1 2 75 1 106 1
1 2 75 1 114 1
1 2 75 1 119 1
1 2 75 1 132 1
1 2 75 1 137 1
1 2 75 1 139 1
1 2 75 1 188 1
1 2 76 1 105 1
1 2 76 1 112 1
1 2 76 1 122 1
1 2 76 1 132 1
1 2 76 1 137 1
1 2 76 1 138 1
1 2 76 1 141 1
1 2 76 1 152 1
1 2 76 1 162 1
1 2 76 1 168 1
1 2 76 1 178 1
1 2 76 1 194 1
1 2 77 1 94 1
1 2 77 1 110 1
1 2 77 1 112 1
1 2 77 1 116 1
1 2 77 1 137 1
1 2 77 1 147 1
1 2 78 1 83 1
1 2 78 1 91 1
1 2 78 1 128 1
1 2 78 1 152 1
1 2 78 1 166 1
1 2 78 1 172 1
1 2 78 1 186 1
1 2 79 1 80 1
1 2 79 1 81 1
1 2 79 1 94 1
1 2 79 1 96 1
1 2 79 1 110 1
1 2 79 1 133 1
1 2 79 1 173 1
1 2 79 1 177 1
1 2 80 1 92 1
1 2 80 1 122 1
1 2 80 1 125 1
1 2 80 1 128 1
1 2 80 1 163 1
1 2 80 1 174 1
1 2 80 1 180 1
1 2 80 1 188 1
1 2 81 1 93 1
1 2 81 1 100 1
1 2 81 1 106 1
1 2 81 1 115 1
1 2 81 1 127 1
1 2 81 1 149 1
1 2 81 1 169 1
1 2 82 1 127 1
1 2 82 1 153 1
1 2 82 1 158 1
1 2 82 1 162 1
1 2 82 1 169 1
1 2 83 1 94 1
1 2 83 1 108 1
1 2 83 1 117 1
1 2 83 1 119 1
1 2 83 1 134 1
1 2 83 1 145 1
1 2 83 1 185 1
1 2 84 1 87 1
1 2 84 1 100 1
1 2 84 1 114 1
1 2 84 1 130 1
1 2 84 1 142 1
1 2 84 1 160 1
1 2 84 1 166 1
1 2 84 1 172 1
1 2 84 1 173 1
1 2 84 1 193 1
1 2 85 1 91 1
1 2 85 1 125 1
1 2 86 1 88 1
1 2 86 1 111 1
1 2 86 1 124 1
1 2 86 1 172 1
1 2 86 1 188 1
1 2 87 1 88 1
1 2 87 1 90 1
1 2 87 1 124 1
1 2 87 1 126 1
1 2 87 1 137 1
1 2 87 1 170 1
1 2 87 1 177 1
1 2 87 1 191 1
1 2 87 1 193 1
1 2 88 1 111 1
1 2 88 1 120 1
1 2 88 1 126 1
1 2 88 1 138 1
1 2 88 1 158 1
1 2 88 1 171 1
1 2 88 1 174 1
1 2 88 1 177 1
1 2 88 1 192 1
1 2 89 1 95 1
1 2 89 1 108 1
1 2 89 1 159 1
1 2 89 1 164 1
1 2 89 1 191 1
1 2 90 1 97 1
1 2 90 1 165 1
1 2 90 1 168 1
1 2 90 1 188 1
1 2 91 1 112 1
1 2 91 1 116 1
1 2 91 1 134 1
1 2 91 1 165 1
1 2 91 1 170 1
1 2 91 1 174 1
1 2 91 1 189 1
1 2 92 1 94 1
1 2 92 1 95 1
1 2 92 1 122 1
1 2 92 1 140 1
1 2 92 1 148 1
1 2 92 1 178 1
1 2 92 1 198 1
1 2 93 1 104 1
1 2 93 1 124 1
1 2 93 1 128 1
1 2 93 1 147 1
1 2 94 1 102 1
1 2 94 1 106 1
1 2 94 1 113 1
1 2 94 1 121 1
1 2 94 1 137 1
1 2 94 1 149 1
1 2 94 1 156 1
1 2 94 1 159 1
1 2 94 1 162 1
1 2 94 1 167 1
1 2 95 1 112 1
1 2 95 1 127 1
1 2 95 1 134 1
1 2 95 1 151 1
1 2 95 1 172 1
1 2 95 1 191 1
1 2 96 1 108 1
1 2 96 1 143 1
1 2 96 1 192 1
1 2 97 1 98 1
1 2 97 1 101 1
1 2 97 1 108 1
1 2 97 1 112 1
1 2 97 1 132 1
1 2 97 1 149 1
1 2 97 1 155 1
1 2 97 1 164 1
1 2 98 1 112 1
1 2 98 1 148 1
1 2 98 1 160 1
1 2 99 1 125 1
1 2 99 1 160 1
1 2 99 1 161 1
1 2 99 1 171 1
1 2 99 1 172 1
1 2 99 1 184 1
1 2 99 1 190 1
1 2 99 1 199 1
1 2 100 1 103 1
1 2 100 1 104 1
1 2 100 1 109 1
1 2 100 1 118 1
1 2 100 1 141 1
1 2 100 1 164 1
1 2 100 1 181 1
1 2 101 1 107 1
1 2 101 1 121 1
1 2 101 1 123 1
1 2 101 1 129 1
1 2 101 1 134 1
1 2 101 1 188 1
1 2 101 1 194 1
1 2 101 1 195 1
1 2 102 1 105 1
1 2 102 1 115 1
1 2 102 1 156 1
1 2 102 1 192 1
1 2 102 1 193 1
1 2 102 1 197 1
1 2 103 1 106 1
1 2 103 1 119 1
1 2 103 1 139 1
1 2 104 1 106 1
1 2 104 1 133 1
1 2 105 1 109 1
1 2 105 1 112 1
1 2 105 1 144 1
1 2 105 1 151 1
1 2 105 1 168 1
1 2 105 1 179 1
1 2 106 1 114 1
1 2 106 1 119 1
1 2 106 1 138 1
1 2 106 1 142 1
1 2 106 1 149 1
1 2 106 1 169 1
1 2 106 1 177 1
1 2 106 1 178 1
1 2 106 1 179 1
1 2 107 1 114 1
1 2 107 1 124 1
1 2 107 1 133 1
1 2 107 1 136 1
1 2 107 1 152 1
1 2 107 1 167 1
1 2 107 1 186 1
1 2 107 1 197 1
1 2 108 1 114 1
1 2 108 1 127 1
1 2 108 1 136 1
1 2 108 1 175 1
1 2 108 1 183 1
1 2 108 1 193 1
1 2 109 1 142 1
1 2 109 1 144 1
1 2 109 1 148 1
1 2 110 1 111 1
1 2 110 1 142 1
1 2 110 1 152 1
1 2 110 1 183 1
1 2 110 1 191 1
1 2 110 1 199 1
1 2 111 1 112 1
1 2 111 1 117 1
1 2 111 1 154 1
1 2 111 1 176 1
1 2 112 1 155 1
1 2 112 1 164 1
1 2 113 1 126 1
1 2 113 1 150 1
1 2 113 1 156 1
1 2 113 1 167 1
1 2 113 1 184 1
1 2 113 1 185 1
1 2 113 1 196 1
1 2 114 1 127 1
1 2 114 1 130 1
1 2 114 1 136 1
1 2 114 1 165 1
1 2 114 1 181 1
1 2 115 1 117 1
1 2 115 1 146 1
1 2 115 1 184 1
1 2 115 1 195 1
1 2 115 1 199 1
1 2 116 1 119 1
1 2 116 1 144 1
1 2 116 1 150 1
1 2 116 1 195 1
1 2 116 1 199 1
1 2 117 1 119 1
1 2 117 1 174 1
1 2 117 1 177 1
1 2 117 1 180 1
1 2 117 1 188 1
1 2 117 1 198 1
1 2 118 1 119 1
1 2 118 1 129 1
1 2 118 1 130 1
1 2 118 1 136 1
1 2 118 1 140 1
1 2 118 1 173 1
1 2 118 1 189 1
1 2 120 1 150 1
1 2 120 1 153 1
1 2 120 1 155 1
1 2 120 1 172 1
1 2 121 1 124 1
1 2 121 1 151 1
1 2 121 1 159 1
1 2 121 1 161 1
1 2 121 1 168 1
1 2 121 1 171 1
1 2 121 1 184 1
1 2 121 1 194 1
1 2 122 1 132 1
1 2 122 1 147 1
1 2 122 1 157 1
1 2 122 1 177 1
1 2 122 1 183 1
1 2 123 1 132 1
1 2 123 1 141 1
1 2 123 1 147 1
1 2 124 1 161 1
1 2 124 1 182 1
1 2 124 1 196 1
1 2 125 1 188 1
1 2 126 1 143 1
1 2 126 1 159 1
1 2 126 1 193 1
1 2 127 1 129 1
1 2 127 1 135 1
1 2 127 1 138 1
1 2 127 1 141 1
1 2 127 1 157 1
1 2 127 1 162 1
1 2 127 1 166 1
1 2 128 1 141 1
1 2 128 1 171 1
1 2 129 1 132 1
1 2 129 1 140 1
1 2 129 1 143 1
1 2 129 1 152 1
1 2 129 1 157 1
1 2 129 1 170 1
1 2 129 1 175 1
1 2 129 1 178 1
1 2 129 1 186 1
1 2 129 1 192 1
1 2 129 1 197 1
1 2 130 1 149 1
1 2 130 1 177 1
1 2 130 1 190 1
1 2 130 1 191 1
1 2 131 1 132 1
1 2 131 1 143 1
1 2 131 1 160 1
1 2 131 1 183 1
1 2 131 1 197 1
1 2 132 1 145 1
1 2 132 1 147 1
1 2 132 1 155 1
1 2 132 1 191 1
1 2 133 1 176 1
1 2 134 1 139 1
1 2 134 1 143 1
1 2 134 1 183 1
1 2 135 1 145 1
1 2 135 1 159 1
1 2 135 1 180 1
1 2 136 1 157 1
1 2 136 1 174 1
1 2 137 1 157 1
1 2 137 1 171 1
1 2 138 1 152 1
1 2 138 1 157 1
1 2 138 1 166 1
1 2 138 1 168 1
1 2 138 1 171 1
1 2 138 1 188 1
1 2 139 1 144 1
1 2 139 1 145 1
1 2 139 1 147 1
1 2 139 1 156 1
1 2 139 1 178 1
1 2 139 1 179 1
1 2 139 1 184 1
1 2 140 1 149 1
1 2 140 1 153 1
1 2 140 1 161 1
1 2 140 1 194 1
1 2 140 1 198 1
1 2 141 1 149 1
1 2 141 1 156 1
1 2 141 1 159 1
1 2 142 1 145 1
1 2 142 1 153 1
1 2 142 1 162 1
1 2 142 1 176 1
1 2 142 1 185 1
1 2 142 1 186 1
1 2 142 1 187 1
1 2 142 1 191 1
1 2 143 1 145 1
1 2 143 1 148 1
1 2 143 1 175 1
1 2 143 1 187 1
1 2 144 1 153 1
1 2 144 1 160 1
1 2 144 1 165 1
1 2 144 1 189 1
1 2 145 1 178 1
1 2 146 1 149 1
1 2 146 1 178 1
1 2 146 1 186 1
1 2 147 1 152 1
1 2 147 1 166 1
1 2 147 1 197 1
1 2 148 1 167 1
1 2 148 1 182 1
1 2 148 1 192 1
1 2 149 1 156 1
1 2 149 1 162 1
1 2 149 1 164 1
1 2 149 1 193 1
1 2 150 1 177 1
1 2 151 1 161 1
1 2 151 1 167 1
1 2 151 1 174 1
1 2 151 1 177 1
1 2 151 1 180 1
1 2 151 1 198 1
1 2 152 1 172 1
1 2 152 1 194 1
1 2 152 1 197 1
1 2 154 1 178 1
1 2 155 1 172 1
1 2 155 1 183 1
1 2 155 1 192 1
1 2 156 1 164 1
1 2 156 1 195 1
1 2 157 1 177 1
1 2 158 1 167 1
1 2 159 1 166 1
1 2 160 1 173 1
1 2 160 1 182 1
1 2 160 1 188 1
1 2 162 1 173 1
1 2 162 1 181 1
1 2 163 1 170 1
1 2 164 1 183 1
1 2 165 1 174 1
1 2 165 1 179 1
1 2 165 1 196 1
1 2 166 1 176 1
1 2 166 1 183 1
1 2 166 1 195 1
1 2 168 1 169 1
1 2 168 1 172 1
1 2 168 1 176 1
1 2 168 1 189 1
1 2 168 1 192 1
1 2 169 1 190 1
1 2 169 1 193 1
1 2 170 1 173 1
1 2 170 1 195 1
1 2 171 1 178 1
1 2 171 1 183 1
1 2 171 1 188 1
1 2 171 1 189 1
1 2 171 1 190 1
1 2 171 1 195 1
1 2 173 1 179 1
1 2 173 1 188 1
1 2 173 1 196 1
1 2 174 1 194 1
1 2 175 1 191 1
1 2 175 1 197 1
1 2 176 1 197 1
1 2 177 1 188 1
1 2 178 1 189 1
1 2 179 1 196 1
1 2 181 1 194 1
1 2 181 1 198 1
1 2 184 1 199 1
1 2 186 1 188 1
1 2 187 1 194 1
1 2 189 1 199 1
1 2 190 1 196 1
1 2 194 1 199 1
incumbent 1
0 1 1 1 1 0 1 1 1 1 1 1 0 1 1 1 1 1 1 1 1 0 1 1 0 1 0 1 1 0 1 1 0 1 1 1 1 1 1 1 1 1 1 1 1 1 0 1 1 1 1 1 1 0 1 1 0 1 1 0 1 0 1 0 1 0 1 0 1 1 0 1 1 1 1 1 1 1 1 1 0 0 1 1 1 0 1 1 0 0 1 1 1 1 1 1 1 1 1 1 1 1 0 0 0 1 1 1 1 0 0 1 1 1 0 1 1 0 1 1 1 1 1 1 0 1 1 1 1 1 1 1 1 1 0 1 1 1 1 1 0 0 1 1 1 0 1 0 1 1 0 1 1 1 0 0 1 0 1 1 0 1 0 1 1 1 1 1 1 1 0 1 1 1 1 0 1 1 1 1 1 1 1 1 0 0 1 0 1 0 0 1 1 1 1 1 1 1 1 1
