200 1241
18 26 27 24 18 29 2 29 28 8 10 28 3 15 13 28 1 30 5 7 5 11 1 28 6 30 13 8 14 13 13 8 10 29 15 26 4 29 30 15 7 28 3 5 13 30 12 18 30 14 19 5 23 6 22 26 9 19 9 20 14 5 30 5 30 29 24 16 26 28 29 25 5 21 23 4 21 1 4 3 16 10 7 9 10 27 5 27 5 3 13 14 18 30 27 24 25 5 9 7 1 13 13 15 3 27 5 30 20 16 7 8 20 22 10 8 24 11 30 25 5 20 24 24 15 13 30 14 26 9 13 17 30 4 11 7 24 6 25 13 7 27 3 25 2 2 10 26 8 28 10 21 29 29 10 13 19 14 12 22 8 26 27 15 3 1 30 29 24 24 21 20 17 22 1 16 5 12 21 25 29 14 28 27 30 25 6 16 28 5 4 9 14 2 27 2 6 18 18 24
1 2 0 1 39 1
1 2 0 1 42 1
1 2 0 1 55 1
1 2 0 1 58 1
1 2 0 1 66 1
1 2 0 1 70 1
1 2 0 1 73 1
1 2 0 1 80 1
1 2 0 1 142 1
1 2 0 1 150 1
1 2 0 1 160 1
1 2 0 1 194 1
1 2 1 1 3 1
1 2 1 1 10 1
1 2 1 1 47 1
1 2 1 1 61 1
1 2 1 1 68 1
1 2 1 1 86 1
1 2 1 1 106 1
1 2 1 1 138 1
1 2 1 1 164 1
1 2 1 1 177 1
1 2 1 1 180 1
1 2 2 1 4 1
1 2 2 1 50 1
1 2 2 1 59 1
1 2 2 1 116 1
1 2 2 1 119 1
1 2 2 1 121 1
1 2 2 1 133 1
1 2 2 1 153 1
1 2 2 1 170 1
1 2 2 1 172 1
1 2 2 1 176 1
1 2 2 1 184 1
1 2 3 1 6 1
1 2 3 1 53 1
1 2 3 1 99 1
1 2 3 1 106 1
1 2 3 1 119 1
1 2 3 1 143 1
1 2 3 1 154 1
1 2 3 1 156 1
1 2 3 1 176 1
1 2 3 1 185 1
1 2 4 1 10 1
1 2 4 1 12 1
1 2 4 1 30 1
1 2 4 1 42 1
1 2 4 1 46 1
1 2 4 1 59 1
1 2 4 1 73 1
1 2 4 1 74 1
1 2 4 1 104 1
1 2 4 1 113 1
1 2 4 1 115 1
1 2 4 1 119 1
1 2 4 1 126 1
1 2 4 1 131 1
1 2 4 1 162 1
1 2 4 1 179 1
1 2 4 1 188 1
1 2 5 1 35 1
1 2 5 1 52 1
1 2 5 1 61 1
1 2 5 1 105 1
1 2 5 1 107 1
1 2 5 1 117 1
1 2 5 1 151 1
1 2 5 1 156 1
1 2 5 1 157 1
1 2 5 1 168 1
1 2 5 1 172 1
1 2 6 1 58 1
1 2 6 1 68 1
1 2 6 1 69 1
1 2 6 1 92 1
1 2 6 1 95 1
1 2 6 1 115 1
1 2 6 1 150 1
1 2 6 1 157 1
1 2 6 1 169 1
1 2 6 1 187 1
1 2 6 1 191 1
1 2 7 1 41 1
1 2 7 1 65 1
1 2 7 1 113 1
1 2 7 1 147 1
1 2 8 1 12 1
1 2 8 1 15 1
1 2 8 1 25 1
1 2 8 1 27 1
1 2 8 1 28 1
1 2 8 1 52 1
1 2 8 1 63 1
1 2 8 1 81 1
1 2 8 1 87 1
1 2 8 1 88 1
1 2 8 1 90 1
1 2 8 1 142 1
1 2 8 1 145 1
1 2 8 1 147 1
1 2 8 1 149 1
1 2 8 1 173 1
1 2 8 1 191 1
1 2 8 1 193 1
1 2 9 1 35 1
1 2 9 1 40 1
1 2 9 1 45 1
1 2 9 1 73 1
1 2 9 1 105 1
1 2 9 1 111 1
1 2 9 1 122 1
1 2 9 1 133 1
1 2 9 1 146 1
1 2 9 1 161 1
1 2 9 1 166 1
1 2 9 1 187 1
1 2 10 1 15 1
1 2 10 1 34 1
1 2 10 1 43 1
1 2 10 1 53 1
1 2 10 1 64 1
1 2 10 1 73 1
1 2 10 1 95 1
1 2 10 1 105 1
1 2 10 1 113 1
1 2 10 1 115 1
1 2 10 1 119 1
1 2 10 1 122 1
1 2 10 1 162 1
1 2 10 1 169 1
1 2 10 1 171 1
1 2 10 1 192 1
1 2 10 1 194 1
1 2 11 1 24 1
1 2 11 1 29 1
1 2 11 1 52 1
1 2 11 1 110 1
1 2 11 1 128 1
1 2 11 1 143 1
1 2 11 1 181 1
1 2 11 1 187 1
1 2 12 1 22 1
1 2 12 1 27 1
1 2 12 1 48 1
1 2 12 1 61 1
1 2 12 1 91 1
1 2 12 1 92 1
1 2 12 1 97 1
1 2 12 1 115 1
1 2 12 1 120 1
1 2 12 1 141 1
1 2 12 1 156 1
1 2 13 1 21 1
1 2 13 1 36 1
1 2 13 1 38 1
1 2 13 1 52 1
1 2 13 1 62 1
1 2 13 1 75 1
1 2 13 1 102 1
1 2 13 1 114 1
1 2 13 1 115 1
1 2 13 1 128 1
1 2 13 1 143 1
1 2 13 1 176 1
1 2 13 1 178 1
1 2 14 1 16 1
1 2 14 1 25 1
1 2 14 1 45 1
1 2 14 1 50 1
1 2 14 1 53 1
1 2 14 1 54 1
1 2 14 1 59 1
1 2 14 1 60 1
1 2 14 1 90 1
1 2 14 1 95 1
1 2 14 1 106 1
1 2 14 1 122 1
1 2 14 1 138 1
1 2 14 1 151 1
1 2 14 1 182 1
1 2 15 1 63 1
1 2 15 1 97 1
1 2 15 1 125 1
1 2 15 1 130 1
1 2 15 1 134 1
1 2 15 1 162 1
1 2 15 1 182 1
1 2 15 1 189 1
1 2 16 1 39 1
1 2 16 1 41 1
1 2 16 1 54 1
1 2 16 1 58 1
1 2 16 1 70 1
1 2 16 1 80 1
1 2 16 1 87 1
1 2 16 1 120 1
1 2 16 1 130 1
1 2 16 1 176 1
1 2 16 1 187 1
1 2 16 1 189 1
1 2 17 1 28 1
1 2 17 1 51 1
1 2 17 1 64 1
1 2 17 1 97 1
1 2 17 1 98 1
1 2 17 1 104 1
1 2 17 1 107 1
1 2 17 1 113 1
1 2 17 1 134 1
1 2 17 1 149 1
1 2 17 1 171 1
1 2 17 1 174 1
1 2 17 1 186 1
1 2 17 1 199 1
1 2 18 1 19 1
1 2 18 1 33 1
1 2 18 1 38 1
1 2 18 1 42 1
1 2 18 1 63 1
1 2 18 1 67 1
1 2 18 1 78 1
1 2 18 1 98 1
1 2 18 1 112 1
1 2 18 1 117 1
1 2 18 1 120 1
1 2 18 1 135 1
1 2 18 1 143 1
1 2 18 1 163 1
1 2 19 1 25 1
1 2 19 1 29 1
1 2 19 1 34 1
1 2 19 1 39 1
1 2 19 1 43 1
1 2 19 1 53 1
1 2 19 1 74 1
1 2 19 1 77 1
1 2 19 1 78 1
1 2 19 1 83 1
1 2 19 1 100 1
1 2 19 1 118 1
1 2 19 1 145 1
1 2 20 1 24 1
1 2 20 1 49 1
1 2 20 1 64 1
1 2 20 1 72 1
1 2 20 1 102 1
1 2 20 1 103 1
1 2 20 1 124 1
1 2 20 1 149 1
1 2 20 1 161 1
1 2 20 1 181 1
1 2 20 1 194 1
1 2 21 1 25 1
1 2 21 1 32 1
1 2 21 1 39 1
1 2 21 1 42 1
1 2 21 1 71 1
1 2 21 1 107 1
1 2 21 1 127 1
1 2 21 1 129 1
1 2 21 1 130 1
1 2 21 1 150 1
1 2 21 1 190 1
1 2 21 1 196 1
1 2 22 1 46 1
1 2 22 1 54 1
1 2 22 1 56 1
1 2 22 1 64 1
1 2 22 1 66 1
1 2 22 1 116 1
1 2 22 1 136 1
1 2 22 1 143 1
1 2 22 1 183 1
1 2 22 1 194 1
1 2 23 1 33 1
1 2 23 1 74 1
1 2 23 1 80 1
1 2 23 1 82 1
1 2 23 1 87 1
1 2 23 1 100 1
1 2 23 1 107 1
1 2 23 1 141 1
1 2 23 1 157 1
1 2 23 1 184 1
1 2 24 1 39 1
1 2 24 1 46 1
1 2 24 1 51 1
1 2 24 1 67 1
1 2 24 1 70 1
1 2 24 1 71 1
1 2 24 1 81 1
1 2 24 1 93 1
1 2 24 1 101 1
1 2 24 1 111 1
1 2 24 1 119 1
1 2 24 1 126 1
1 2 24 1 128 1
1 2 24 1 172 1
1 2 25 1 47 1
1 2 25 1 61 1
1 2 25 1 94 1
1 2 25 1 97 1
1 2 25 1 126 1
1 2 25 1 128 1
1 2 25 1 154 1
1 2 25 1 170 1
1 2 25 1 171 1
1 2 25 1 173 1
1 2 25 1 182 1
1 2 25 1 186 1
1 2 25 1 194 1
1 2 26 1 40 1
1 2 26 1 54 1
1 2 26 1 63 1
1 2 26 1 115 1
1 2 26 1 130 1
1 2 26 1 151 1
1 2 26 1 156 1
1 2 26 1 170 1
1 2 26 1 193 1
1 2 27 1 68 1
1 2 27 1 94 1
1 2 27 1 111 1
1 2 27 1 115 1
1 2 27 1 144 1
1 2 27 1 149 1
1 2 27 1 151 1
1 2 27 1 168 1
1 2 27 1 171 1
1 2 27 1 173 1
1 2 27 1 175 1
1 2 28 1 40 1
1 2 28 1 61 1
1 2 28 1 78 1
1 2 28 1 97 1
1 2 28 1 126 1
1 2 28 1 188 1
1 2 28 1 189 1
1 2 28 1 190 1
1 2 29 1 30 1
1 2 29 1 44 1
1 2 29 1 69 1
1 2 29 1 96 1
1 2 29 1 111 1
1 2 29 1 118 1
1 2 29 1 131 1
1 2 29 1 159 1
1 2 29 1 164 1
1 2 29 1 179 1
1 2 29 1 182 1
1 2 29 1 189 1
1 2 30 1 70 1
1 2 30 1 71 1
1 2 30 1 114 1
1 2 30 1 122 1
1 2 30 1 138 1
1 2 30 1 140 1
1 2 30 1 142 1
1 2 30 1 162 1
1 2 30 1 165 1
1 2 30 1 167 1
1 2 31 1 38 1
1 2 31 1 47 1
1 2 31 1 77 1
1 2 31 1 85 1
1 2 31 1 118 1
1 2 31 1 131 1
1 2 31 1 136 1
1 2 31 1 145 1
1 2 31 1 191 1
1 2 31 1 196 1
1 2 32 1 36 1
1 2 32 1 65 1
1 2 32 1 72 1
1 2 32 1 92 1
1 2 32 1 132 1
1 2 32 1 144 1
1 2 32 1 175 1
1 2 32 1 188 1
1 2 33 1 57 1
1 2 33 1 87 1
1 2 33 1 99 1
1 2 33 1 118 1
1 2 33 1 194 1
1 2 34 1 36 1
1 2 34 1 47 1
1 2 34 1 50 1
1 2 34 1 51 1
1 2 34 1 62 1
1 2 34 1 73 1
1 2 34 1 78 1
1 2 34 1 104 1
1 2 34 1 107 1
1 2 34 1 121 1
1 2 34 1 173 1
1 2 34 1 177 1
1 2 34 1 192 1
1 2 35 1 40 1
1 2 35 1 42 1
1 2 35 1 44 1
1 2 35 1 80 1
1 2 35 1 90 1
1 2 35 1 97 1
1 2 35 1 100 1
1 2 35 1 135 1
1 2 35 1 167 1
1 2 35 1 176 1
1 2 35 1 192 1
1 2 36 1 38 1
1 2 36 1 72 1
1 2 36 1 116 1
1 2 36 1 124 1
1 2 36 1 138 1
1 2 36 1 193 1
1 2 37 1 42 1
1 2 37 1 46 1
1 2 37 1 56 1
1 2 37 1 94 1
1 2 37 1 100 1
1 2 37 1 101 1
1 2 37 1 106 1
1 2 37 1 115 1
1 2 37 1 151 1
1 2 37 1 179 1
1 2 37 1 189 1
1 2 38 1 40 1
1 2 38 1 59 1
1 2 38 1 86 1
1 2 38 1 95 1
1 2 38 1 106 1
1 2 38 1 108 1
1 2 38 1 137 1
1 2 38 1 168 1
1 2 38 1 171 1
1 2 38 1 179 1
1 2 38 1 187 1
1 2 39 1 44 1
1 2 39 1 46 1
1 2 39 1 77 1
1 2 39 1 78 1
1 2 39 1 89 1
1 2 39 1 149 1
1 2 39 1 176 1
1 2 39 1 186 1
1 2 40 1 52 1
1 2 40 1 63 1
1 2 40 1 85 1
1 2 40 1 94 1
1 2 40 1 101 1
1 2 40 1 103 1
1 2 40 1 119 1
1 2 40 1 135 1
1 2 40 1 150 1
1 2 40 1 156 1
1 2 40 1 160 1
1 2 40 1 179 1
1 2 41 1 68 1
1 2 41 1 70 1
1 2 41 1 78 1
1 2 41 1 118 1
1 2 41 1 125 1
1 2 41 1 160 1
1 2 41 1 165 1
1 2 41 1 167 1
1 2 41 1 169 1
1 2 41 1 177 1
1 2 41 1 188 1
1 2 42 1 58 1
1 2 42 1 60 1
1 2 42 1 77 1
1 2 42 1 89 1
1 2 42 1 112 1
1 2 42 1 120 1
1 2 42 1 126 1
1 2 42 1 169 1
1 2 42 1 170 1
1 2 42 1 180 1
1 2 42 1 187 1
1 2 42 1 191 1
1 2 43 1 63 1
1 2 43 1 64 1
1 2 43 1 68 1
1 2 43 1 83 1
1 2 43 1 88 1
1 2 43 1 114 1
1 2 43 1 121 1
1 2 43 1 123 1
1 2 43 1 131 1
1 2 43 1 135 1
1 2 43 1 140 1
1 2 43 1 142 1
1 2 43 1 147 1
1 2 43 1 154 1
1 2 43 1 173 1
1 2 43 1 176 1
1 2 43 1 194 1
1 2 44 1 60 1
1 2 44 1 71 1
1 2 44 1 79 1
1 2 44 1 88 1
1 2 44 1 97 1
1 2 44 1 100 1
1 2 44 1 120 1
1 2 44 1 174 1
1 2 45 1 53 1
1 2 45 1 82 1
1 2 45 1 98 1
1 2 45 1 119 1
1 2 45 1 124 1
1 2 45 1 136 1
1 2 45 1 143 1
1 2 45 1 150 1
1 2 45 1 188 1
1 2 45 1 189 1
1 2 46 1 47 1
1 2 46 1 65 1
1 2 46 1 67 1
1 2 46 1 73 1
1 2 46 1 84 1
1 2 46 1 92 1
1 2 46 1 118 1
1 2 46 1 189 1
1 2 47 1 66 1
1 2 47 1 68 1
1 2 47 1 75 1
1 2 47 1 86 1
1 2 47 1 88 1
1 2 47 1 116 1
1 2 47 1 120 1
1 2 47 1 122 1
1 2 47 1 147 1
1 2 47 1 196 1
1 2 48 1 51 1
1 2 48 1 52 1
1 2 48 1 63 1
1 2 48 1 66 1
1 2 48 1 101 1
1 2 48 1 109 1
1 2 48 1 112 1
1 2 48 1 123 1
1 2 48 1 141 1
1 2 48 1 176 1
1 2 48 1 182 1
1 2 49 1 93 1
1 2 49 1 121 1
1 2 49 1 126 1
1 2 49 1 141 1
1 2 49 1 144 1
1 2 49 1 155 1
1 2 49 1 156 1
1 2 49 1 172 1
1 2 49 1 177 1
1 2 49 1 179 1
1 2 49 1 185 1
1 2 49 1 189 1
1 2 49 1 192 1
1 2 50 1 80 1
1 2 50 1 98 1
1 2 50 1 164 1
1 2 50 1 168 1
1 2 50 1 174 1
1 2 50 1 186 1
1 2 51 1 65 1
1 2 51 1 76 1
1 2 51 1 83 1
1 2 51 1 86 1
1 2 51 1 90 1
1 2 51 1 160 1
1 2 51 1 180 1
1 2 51 1 183 1
1 2 51 1 185 1
1 2 51 1 188 1
1 2 52 1 55 1
1 2 52 1 82 1
1 2 52 1 101 1
1 2 52 1 121 1
1 2 52 1 157 1
1 2 52 1 159 1
1 2 52 1 187 1
1 2 53 1 59 1
1 2 53 1 75 1
1 2 53 1 81 1
1 2 53 1 120 1
1 2 53 1 121 1
1 2 53 1 136 1
1 2 53 1 141 1
1 2 53 1 164 1
1 2 53 1 180 1
1 2 54 1 84 1
1 2 54 1 100 1
1 2 54 1 108 1
1 2 54 1 114 1
1 2 54 1 116 1
1 2 54 1 128 1
1 2 54 1 150 1
1 2 54 1 176 1
1 2 54 1 182 1
1 2 54 1 183 1
1 2 55 1 58 1
1 2 55 1 67 1
1 2 55 1 86 1
1 2 55 1 107 1
1 2 55 1 111 1
1 2 55 1 115 1
1 2 55 1 127 1
1 2 55 1 150 1
1 2 55 1 154 1
1 2 55 1 163 1
1 2 55 1 193 1
1 2 56 1 81 1
1 2 56 1 92 1
1 2 56 1 93 1
1 2 56 1 111 1
1 2 56 1 166 1
1 2 57 1 60 1
1 2 57 1 98 1
1 2 57 1 106 1
1 2 57 1 135 1
1 2 57 1 141 1
1 2 57 1 164 1
1 2 58 1 62 1
1 2 58 1 67 1
1 2 58 1 92 1
1 2 58 1 109 1
1 2 58 1 124 1
1 2 58 1 145 1
1 2 58 1 148 1
1 2 58 1 149 1
1 2 58 1 158 1
1 2 59 1 85 1
1 2 59 1 87 1
1 2 59 1 108 1
1 2 59 1 122 1
1 2 59 1 141 1
1 2 59 1 146 1
1 2 59 1 165 1
1 2 59 1 185 1
1 2 59 1 195 1
1 2 59 1 196 1
1 2 60 1 73 1
1 2 60 1 83 1
1 2 60 1 103 1
1 2 60 1 104 1
1 2 60 1 152 1
1 2 60 1 164 1
1 2 60 1 176 1
1 2 60 1 181 1
1 2 60 1 193 1
1 2 60 1 196 1
1 2 60 1 197 1
1 2 61 1 66 1
1 2 61 1 78 1
1 2 61 1 92 1
1 2 61 1 114 1
1 2 61 1 116 1
1 2 61 1 149 1
1 2 61 1 165 1
1 2 61 1 173 1
1 2 61 1 174 1
1 2 61 1 175 1
1 2 61 1 183 1
1 2 62 1 78 1
1 2 62 1 123 1
1 2 62 1 125 1
1 2 62 1 130 1
1 2 62 1 145 1
1 2 62 1 153 1
1 2 62 1 156 1
1 2 62 1 180 1
1 2 63 1 73 1
1 2 63 1 76 1
1 2 63 1 111 1
1 2 63 1 149 1
1 2 63 1 150 1
1 2 63 1 195 1
1 2 64 1 70 1
1 2 64 1 114 1
1 2 64 1 117 1
1 2 64 1 128 1
1 2 64 1 162 1
1 2 64 1 191 1
1 2 64 1 197 1
1 2 65 1 92 1
1 2 65 1 114 1
1 2 65 1 131 1
1 2 65 1 142 1
1 2 65 1 144 1
1 2 65 1 184 1
1 2 66 1 79 1
1 2 66 1 92 1
1 2 66 1 107 1
1 2 66 1 108 1
1 2 66 1 126 1
1 2 66 1 146 1
1 2 66 1 149 1
1 2 66 1 157 1
1 2 66 1 187 1
1 2 67 1 71 1
1 2 67 1 146 1
1 2 67 1 148 1
1 2 67 1 156 1
1 2 67 1 164 1
1 2 67 1 166 1
1 2 67 1 189 1
1 2 68 1 95 1
1 2 68 1 97 1
1 2 68 1 99 1
1 2 68 1 104 1
1 2 68 1 120 1
1 2 68 1 134 1
1 2 68 1 136 1
1 2 68 1 162 1
1 2 68 1 167 1
1 2 69 1 117 1
1 2 69 1 171 1
1 2 70 1 74 1
1 2 70 1 78 1
1 2 70 1 118 1
1 2 70 1 119 1
1 2 70 1 157 1
1 2 70 1 172 1
1 2 70 1 193 1
1 2 71 1 118 1
1 2 71 1 170 1
1 2 71 1 196 1
1 2 72 1 73 1
1 2 72 1 81 1
1 2 72 1 106 1
1 2 72 1 111 1
1 2 72 1 120 1
1 2 72 1 124 1
1 2 72 1 125 1
1 2 72 1 152 1
1 2 72 1 165 1
1 2 72 1 167 1
1 2 72 1 192 1
1 2 72 1 194 1
1 2 73 1 86 1
1 2 73 1 98 1
1 2 73 1 112 1
1 2 73 1 144 1
1 2 73 1 168 1
1 2 73 1 183 1
1 2 74 1 75 1
1 2 74 1 86 1
1 2 74 1 102 1
1 2 74 1 103 1
1 2 74 1 121 1
1 2 74 1 154 1
1 2 74 1 180 1
1 2 74 1 181 1
1 2 74 1 195 1
1 2 75 1 88 1
1 2 75 1 102 1
1 2 75 1 105 1
1 2 75 1 157 1
1 2 75 1 176 1
1 2 75 1 185 1
1 2 75 1 188 1
1 2 75 1 195 1
1 2 76 1 81 1
1 2 76 1 95 1
1 2 76 1 97 1
1 2 76 1 142 1
1 2 76 1 151 1
1 2 76 1 174 1
1 2 76 1 184 1
1 2 76 1 187 1
1 2 77 1 91 1
1 2 77 1 99 1
1 2 77 1 106 1
1 2 77 1 111 1
1 2 77 1 127 1
1 2 77 1 134 1
1 2 77 1 174 1
1 2 77 1 183 1
1 2 78 1 80 1
1 2 78 1 140 1
1 2 78 1 172 1
1 2 79 1 91 1
1 2 79 1 121 1
1 2 79 1 146 1
1 2 79 1 164 1
1 2 79 1 196 1
1 2 80 1 82 1
1 2 80 1 106 1
1 2 80 1 113 1
1 2 80 1 123 1
1 2 80 1 126 1
1 2 80 1 129 1
1 2 80 1 140 1
1 2 80 1 162 1
1 2 80 1 183 1
1 2 81 1 97 1
1 2 81 1 103 1
1 2 81 1 109 1
1 2 81 1 133 1
1 2 81 1 170 1
1 2 81 1 174 1
1 2 81 1 176 1
1 2 81 1 199 1
1 2 82 1 94 1
1 2 82 1 111 1
1 2 82 1 123 1
1 2 82 1 137 1
1 2 82 1 139 1
1 2 83 1 107 1
1 2 83 1 116 1
1 2 83 1 130 1
1 2 83 1 142 1
1 2 83 1 150 1
1 2 83 1 153 1
1 2 83 1 154 1
1 2 83 1 168 1
1 2 83 1 193 1
1 2 84 1 101 1
1 2 84 1 110 1
1 2 84 1 123 1
1 2 84 1 127 1
1 2 84 1 134 1
1 2 85 1 87 1
1 2 85 1 145 1
1 2 85 1 156 1
1 2 85 1 163 1
1 2 85 1 165 1
1 2 85 1 181 1
1 2 85 1 183 1
1 2 85 1 193 1
1 2 86 1 108 1
1 2 86 1 117 1
1 2 86 1 137 1
1 2 86 1 172 1
1 2 86 1 174 1
1 2 86 1 175 1
1 2 87 1 96 1
1 2 87 1 119 1
1 2 87 1 121 1
1 2 87 1 123 1
1 2 87 1 126 1
1 2 87 1 175 1
1 2 87 1 179 1
1 2 87 1 185 1
1 2 88 1 99 1
1 2 88 1 123 1
1 2 88 1 129 1
1 2 89 1 117 1
1 2 89 1 129 1
1 2 89 1 140 1
1 2 89 1 165 1
1 2 90 1 128 1
1 2 90 1 169 1
1 2 90 1 181 1
1 2 91 1 126 1
1 2 91 1 130 1
1 2 91 1 144 1
1 2 91 1 190 1
1 2 92 1 93 1
1 2 92 1 101 1
1 2 92 1 103 1
1 2 92 1 151 1
1 2 92 1 165 1
1 2 92 1 183 1
1 2 92 1 184 1
1 2 92 1 191 1
1 2 93 1 101 1
1 2 93 1 117 1
1 2 93 1 159 1
1 2 93 1 160 1
1 2 93 1 182 1
1 2 93 1 196 1
1 2 94 1 116 1
1 2 94 1 121 1
1 2 94 1 123 1
1 2 94 1 135 1
1 2 94 1 151 1
1 2 94 1 156 1
1 2 94 1 180 1
1 2 95 1 97 1
1 2 95 1 104 1
1 2 95 1 119 1
1 2 95 1 122 1
1 2 95 1 140 1
1 2 95 1 141 1
1 2 95 1 155 1
1 2 96 1 102 1
1 2 96 1 163 1
1 2 96 1 169 1
1 2 96 1 175 1
1 2 96 1 185 1
1 2 97 1 104 1
1 2 97 1 111 1
1 2 97 1 116 1
1 2 97 1 135 1
1 2 97 1 176 1
1 2 98 1 131 1
1 2 98 1 133 1
1 2 98 1 152 1
1 2 98 1 178 1
1 2 98 1 189 1
1 2 99 1 101 1
1 2 99 1 107 1
1 2 99 1 126 1
1 2 99 1 146 1
1 2 99 1 166 1
1 2 99 1 172 1
1 2 99 1 173 1
1 2 99 1 175 1
1 2 99 1 184 1
1 2 100 1 128 1
1 2 100 1 129 1
1 2 100 1 135 1
1 2 100 1 154 1
1 2 100 1 157 1
1 2 100 1 182 1
1 2 101 1 106 1
1 2 101 1 118 1
1 2 101 1 120 1
1 2 101 1 153 1
1 2 101 1 162 1
1 2 101 1 173 1
1 2 102 1 161 1
1 2 102 1 163 1
1 2 102 1 173 1
1 2 102 1 184 1
1 2 102 1 187 1
1 2 102 1 195 1
1 2 102 1 199 1
1 2 103 1 118 1
1 2 103 1 125 1
1 2 103 1 144 1
1 2 103 1 148 1
1 2 103 1 160 1
1 2 103 1 171 1
1 2 103 1 187 1
1 2 103 1 196 1
1 2 104 1 115 1
1 2 104 1 120 1
1 2 104 1 122 1
1 2 104 1 128 1
1 2 104 1 137 1
1 2 104 1 141 1
1 2 104 1 157 1
1 2 104 1 166 1
1 2 105 1 149 1
1 2 105 1 162 1
1 2 105 1 181 1
1 2 105 1 184 1
1 2 105 1 190 1
1 2 106 1 123 1
1 2 106 1 156 1
1 2 106 1 170 1
1 2 106 1 178 1
1 2 106 1 179 1
1 2 106 1 189 1
1 2 106 1 198 1
1 2 107 1 111 1
1 2 107 1 128 1
1 2 107 1 144 1
1 2 107 1 148 1
1 2 107 1 160 1
1 2 107 1 166 1
1 2 107 1 173 1
1 2 107 1 174 1
1 2 107 1 182 1
1 2 107 1 183 1
1 2 107 1 186 1
1 2 108 1 125 1
1 2 108 1 129 1
1 2 108 1 132 1
1 2 108 1 184 1
1 2 108 1 195 1
1 2 109 1 114 1
1 2 109 1 153 1
1 2 109 1 157 1
1 2 110 1 158 1
1 2 110 1 166 1
1 2 110 1 167 1
1 2 110 1 174 1
1 2 110 1 187 1
1 2 110 1 192 1
1 2 110 1 195 1
1 2 111 1 126 1
1 2 111 1 127 1
1 2 111 1 128 1
1 2 111 1 135 1
1 2 111 1 172 1
1 2 112 1 113 1
1 2 112 1 114 1
1 2 112 1 124 1
1 2 112 1 131 1
1 2 112 1 134 1
1 2 112 1 187 1
1 2 112 1 190 1
1 2 113 1 149 1
1 2 113 1 182 1
1 2 113 1 188 1
1 2 114 1 148 1
1 2 114 1 156 1
1 2 114 1 173 1
1 2 114 1 175 1
1 2 114 1 179 1
1 2 114 1 191 1
1 2 114 1 195 1
1 2 114 1 197 1
1 2 115 1 153 1
1 2 115 1 175 1
1 2 115 1 185 1
1 2 115 1 191 1
1 2 116 1 137 1
1 2 116 1 144 1
1 2 116 1 148 1
1 2 116 1 152 1
1 2 116 1 194 1
1 2 117 1 146 1
1 2 117 1 156 1
1 2 117 1 163 1
1 2 117 1 177 1
1 2 117 1 188 1
1 2 117 1 190 1
1 2 118 1 126 1
1 2 118 1 135 1
1 2 118 1 136 1
1 2 118 1 143 1
1 2 118 1 147 1
1 2 118 1 149 1
1 2 118 1 178 1
1 2 118 1 182 1
1 2 118 1 195 1
1 2 118 1 199 1
1 2 119 1 123 1
1 2 119 1 124 1
1 2 119 1 129 1
1 2 119 1 133 1
1 2 119 1 174 1
1 2 119 1 196 1
1 2 120 1 142 1
1 2 120 1 157 1
1 2 120 1 183 1
1 2 120 1 199 1
1 2 121 1 132 1
1 2 121 1 136 1
1 2 121 1 138 1
1 2 121 1 149 1
1 2 121 1 155 1
1 2 121 1 170 1
1 2 121 1 172 1
1 2 122 1 130 1
1 2 122 1 132 1
1 2 122 1 136 1
1 2 122 1 149 1
1 2 122 1 150 1
1 2 122 1 169 1
1 2 122 1 172 1
1 2 122 1 187 1
1 2 122 1 196 1
1 2 123 1 151 1
1 2 123 1 178 1
1 2 123 1 190 1
1 2 124 1 134 1
1 2 124 1 137 1
1 2 124 1 156 1
1 2 124 1 159 1
1 2 124 1 164 1
1 2 124 1 170 1
1 2 124 1 178 1
1 2 124 1 185 1
1 2 124 1 193 1
1 2 125 1 129 1
1 2 125 1 132 1
1 2 125 1 134 1
1 2 125 1 143 1
1 2 125 1 144 1
1 2 125 1 149 1
1 2 126 1 142 1
1 2 126 1 163 1
1 2 126 1 174 1
1 2 126 1 177 1
1 2 126 1 178 1
1 2 126 1 180 1
1 2 126 1 186 1
1 2 126 1 190 1
1 2 126 1 197 1
1 2 127 1 139 1
1 2 127 1 168 1
1 2 127 1 169 1
1 2 128 1 132 1
1 2 128 1 135 1
1 2 128 1 140 1
1 2 128 1 163 1
1 2 128 1 173 1
1 2 128 1 174 1
1 2 128 1 183 1
1 2 128 1 195 1
1 2 129 1 136 1
1 2 129 1 144 1
1 2 129 1 170 1
1 2 129 1 178 1
1 2 129 1 185 1
1 2 129 1 187 1
1 2 130 1 137 1
1 2 130 1 154 1
1 2 130 1 155 1
1 2 130 1 182 1
1 2 131 1 138 1
1 2 131 1 146 1
1 2 131 1 150 1
1 2 131 1 164 1
1 2 131 1 173 1
1 2 132 1 166 1
1 2 132 1 167 1
1 2 132 1 197 1
1 2 133 1 152 1
1 2 134 1 178 1
1 2 134 1 179 1
1 2 134 1 184 1
1 2 134 1 190 1
1 2 135 1 136 1
1 2 135 1 171 1
1 2 135 1 175 1
1 2 136 1 145 1
1 2 136 1 152 1
1 2 136 1 177 1
1 2 136 1 186 1
1 2 136 1 193 1
1 2 137 1 162 1
1 2 137 1 182 1
1 2 137 1 192 1
1 2 138 1 144 1
1 2 138 1 152 1
1 2 138 1 167 1
1 2 138 1 168 1
1 2 139 1 191 1
1 2 139 1 197 1
1 2 140 1 162 1
1 2 140 1 195 1
1 2 141 1 152 1
1 2 141 1 165 1
1 2 141 1 180 1
1 2 141 1 189 1
1 2 142 1 171 1
1 2 143 1 146 1
1 2 143 1 163 1
1 2 143 1 187 1
1 2 144 1 152 1
1 2 144 1 163 1
1 2 144 1 181 1
1 2 145 1 152 1
1 2 145 1 171 1
1 2 146 1 149 1
1 2 146 1 163 1
1 2 146 1 196 1
1 2 147 1 148 1
1 2 147 1 198 1
1 2 148 1 161 1
1 2 148 1 186 1
1 2 148 1 192 1
1 2 149 1 156 1
1 2 149 1 172 1
1 2 149 1 197 1
1 2 150 1 155 1
1 2 150 1 183 1
1 2 150 1 184 1
1 2 150 1 190 1
1 2 150 1 197 1
1 2 151 1 189 1
1 2 152 1 157 1
1 2 152 1 164 1
1 2 152 1 170 1
1 2 152 1 175 1
1 2 152 1 176 1
1 2 152 1 178 1
1 2 152 1 198 1
1 2 153 1 156 1
1 2 153 1 179 1
1 2 153 1 198 1
1 2 154 1 163 1
1 2 154 1 188 1
1 2 154 1 191 1
1 2 155 1 167 1
1 2 155 1 179 1
1 2 156 1 162 1
1 2 156 1 195 1
1 2 156 1 198 1
1 2 157 1 167 1
1 2 157 1 182 1
1 2 158 1 163 1
1 2 158 1 166 1
1 2 159 1 188 1
1 2 161 1 183 1
1 2 161 1 184 1
1 2 161 1 199 1
1 2 163 1 167 1
1 2 163 1 178 1
1 2 163 1 183 1
1 2 164 1 166 1
1 2 164 1 179 1
1 2 164 1 199 1
1 2 165 1 168 1
1 2 165 1 184 1
1 2 165 1 195 1
1 2 166 1 177 1
1 2 166 1 180 1
1 2 166 1 185 1
1 2 167 1 174 1
1 2 168 1 170 1
1 2 170 1 174 1
1 2 170 1 198 1
1 2 171 1 197 1
1 2 172 1 177 1
1 2 172 1 199 1
1 2 173 1 184 1
1 2 173 1 189 1
1 2 173 1 190 1
1 2 175 1 182 1
1 2 175 1 198 1
1 2 176 1 179 1
1 2 177 1 180 1
1 2 178 1 183 1
1 2 179 1 194 1
1 2 179 1 196 1
1 2 179 1 197 1
1 2 180 1 190 1
1 2 180 1 193 1
1 2 181 1 184 1
1 2 181 1 185 1
1 2 181 1 191 1
1 2 181 1 197 1
1 2 181 1 199 1
1 2 182 1 183 1
1 2 182 1 188 1
1 2 182 1 194 1
1 2 184 1 189 1
1 2 185 1 187 1
1 2 186 1 196 1
1 2 189 1 197 1
1 2 189 1 199 1
1 2 192 1 193 1
1 2 194 1 197 1
1 2 195 1 198 1
incumbent 1
1 1 1 1 1 0 1 1 1 1 1 0 1 1 1 0 1 1 1 1 1 1 1 1 1 1 0 1 1 1 1 1 1 0 1 1 1 0 0 0 1 1 1 1 1 1 1 1 1 1 0 1 1 1 1 0 1 1 1 1 1 1 0 1 0 0 0 1 0 0 1 0 1 0 1 1 0 1 1 1 1 1 1 1 0 0 1 1 0 1 1 0 1 0 1 1 1 1 1 1 1 1 1 0 1 1 1 1 1 0 1 1 1 1 1 1 0 1 1 0 1 1 1 1 1 1 1 1 1 1 1 1 0 1 1 1 1 1 0 0 0 0 1 1 1 1 1 0 1 1 1 1 1 1 1 0 1 1 0 1 1 0 1 1 1 1 1 1 1 0 1 1 1 0 1 0 1 0 0 1 1 1 1 1 1 0 1 1 0 1 1 1 0 1 1 1 1 1 1 1
