200 1326
27 13 19 18 14 16 13 2 20 23 21 26 10 21 21 4 26 10 3 18 24 20 7 16 21 21 18 17 11 28 20 27 3 3 20 27 14 3 23 23 23 21 16 25 4 18 27 26 22 22 1 6 27 20 20 15 29 2 29 18 27 3 18 9 13 26 16 4 5 12 15 9 20 22 4 23 14 28 21 12 30 11 5 19 13 13 9 10 29 14 13 6 14 13 5 23 29 15 29 28 15 29 11 18 6 26 26 17 21 29 12 14 19 19 26 1 20 27 11 20 4 10 6 19 15 26 4 25 20 2 25 28 2 11 28 12 20 13 6 7 30 17 16 12 9 2 20 23 25 17 22 9 29 10 8 11 4 1 10 13 27 27 22 14 22 11 3 4 19 12 3 8 1 9 19 21 8 2 17 11 14 7 10 26 7 12 15 13 26 5 30 19 8 8 13 21 7 10 30 4
1 2 0 1 1 1
1 2 0 1 6 1
1 2 0 1 17 1
1 2 0 1 19 1
1 2 0 1 22 1
1 2 0 1 66 1
1 2 0 1 98 1
1 2 0 1 103 1
1 2 0 1 114 1
1 2 0 1 129 1
1 2 0 1 136 1
1 2 0 1 140 1
1 2 0 1 142 1
1 2 0 1 165 1
1 2 0 1 170 1
1 2 0 1 172 1
1 2 1 1 7 1
1 2 1 1 16 1
1 2 1 1 24 1
1 2 1 1 26 1
1 2 1 1 41 1
1 2 1 1 42 1
1 2 1 1 76 1
1 2 1 1 83 1
1 2 1 1 111 1
1 2 1 1 126 1
1 2 1 1 153 1
1 2 1 1 159 1
1 2 1 1 164 1
1 2 1 1 180 1
1 2 2 1 42 1
1 2 2 1 54 1
1 2 2 1 59 1
1 2 2 1 74 1
1 2 2 1 81 1
1 2 2 1 89 1
1 2 2 1 99 1
1 2 2 1 108 1
1 2 2 1 110 1
1 2 2 1 146 1
1 2 2 1 148 1
1 2 2 1 186 1
1 2 3 1 12 1
1 2 3 1 30 1
1 2 3 1 37 1
1 2 3 1 46 1
1 2 3 1 73 1
1 2 3 1 91 1
1 2 3 1 115 1
1 2 3 1 142 1
1 2 3 1 145 1
1 2 3 1 146 1
1 2 3 1 151 1
1 2 4 1 56 1
1 2 4 1 83 1
1 2 4 1 126 1
1 2 4 1 133 1
1 2 4 1 135 1
1 2 4 1 157 1
1 2 4 1 159 1
1 2 4 1 185 1
1 2 4 1 192 1
1 2 4 1 197 1
1 2 5 1 11 1
1 2 5 1 15 1
1 2 5 1 30 1
1 2 5 1 51 1
1 2 5 1 57 1
1 2 5 1 64 1
1 2 5 1 66 1
1 2 5 1 79 1
1 2 5 1 84 1
1 2 5 1 105 1
1 2 5 1 111 1
1 2 5 1 132 1
1 2 5 1 136 1
1 2 5 1 156 1
1 2 5 1 165 1
1 2 5 1 184 1
1 2 5 1 186 1
1 2 6 1 9 1
1 2 6 1 34 1
1 2 6 1 75 1
1 2 6 1 88 1
1 2 6 1 99 1
1 2 6 1 115 1
1 2 6 1 120 1
1 2 6 1 121 1
1 2 6 1 133 1
1 2 6 1 134 1
1 2 6 1 154 1
1 2 6 1 182 1
1 2 6 1 189 1
1 2 7 1 10 1
1 2 7 1 23 1
1 2 7 1 37 1
1 2 7 1 56 1
1 2 7 1 61 1
1 2 7 1 64 1
1 2 7 1 100 1
1 2 7 1 120 1
1 2 7 1 188 1
1 2 8 1 60 1
1 2 8 1 74 1
1 2 8 1 118 1
1 2 8 1 148 1
1 2 8 1 163 1
1 2 9 1 23 1
1 2 9 1 43 1
1 2 9 1 57 1
1 2 9 1 127 1
1 2 9 1 157 1
1 2 9 1 160 1
1 2 9 1 172 1
1 2 10 1 15 1
1 2 10 1 20 1
1 2 10 1 21 1
1 2 10 1 29 1
1 2 10 1 51 1
1 2 10 1 69 1
1 2 10 1 72 1
1 2 10 1 91 1
1 2 10 1 109 1
1 2 10 1 121 1
1 2 10 1 126 1
1 2 10 1 152 1
1 2 10 1 163 1
1 2 10 1 173 1
1 2 10 1 187 1
1 2 10 1 189 1
1 2 10 1 198 1
1 2 11 1 21 1
1 2 11 1 44 1
1 2 11 1 46 1
1 2 11 1 56 1
1 2 11 1 101 1
1 2 11 1 106 1
1 2 11 1 115 1
1 2 11 1 122 1
1 2 11 1 127 1
1 2 11 1 129 1
1 2 11 1 132 1
1 2 11 1 153 1
1 2 11 1 154 1
1 2 11 1 164 1
1 2 12 1 14 1
1 2 12 1 48 1
1 2 12 1 52 1
1 2 12 1 70 1
1 2 12 1 79 1
1 2 12 1 96 1
1 2 12 1 108 1
1 2 12 1 113 1
1 2 12 1 145 1
1 2 12 1 195 1
1 2 13 1 14 1
1 2 13 1 35 1
1 2 13 1 51 1
1 2 13 1 70 1
1 2 13 1 86 1
1 2 13 1 93 1
1 2 13 1 100 1
1 2 13 1 103 1
1 2 13 1 110 1
1 2 13 1 138 1
1 2 13 1 151 1
1 2 13 1 165 1
1 2 13 1 178 1
1 2 13 1 197 1
1 2 14 1 25 1
1 2 14 1 30 1
1 2 14 1 42 1
1 2 14 1 46 1
1 2 14 1 51 1
1 2 14 1 104 1
1 2 14 1 128 1
1 2 14 1 139 1
1 2 14 1 163 1
1 2 14 1 164 1
1 2 14 1 188 1
1 2 15 1 30 1
1 2 15 1 39 1
1 2 15 1 40 1
1 2 15 1 51 1
1 2 15 1 52 1
1 2 15 1 53 1
1 2 15 1 81 1
1 2 15 1 87 1
1 2 15 1 93 1
1 2 15 1 106 1
1 2 15 1 108 1
1 2 15 1 129 1
1 2 15 1 159 1
1 2 15 1 182 1
1 2 15 1 199 1
1 2 16 1 47 1
1 2 16 1 48 1
1 2 16 1 51 1
1 2 16 1 79 1
1 2 16 1 82 1
1 2 16 1 85 1
1 2 16 1 87 1
1 2 16 1 117 1
1 2 16 1 135 1
1 2 16 1 136 1
1 2 16 1 137 1
1 2 16 1 168 1
1 2 16 1 185 1
1 2 17 1 28 1
1 2 17 1 30 1
1 2 17 1 47 1
1 2 17 1 60 1
1 2 17 1 74 1
1 2 17 1 93 1
1 2 17 1 96 1
1 2 17 1 104 1
1 2 18 1 54 1
1 2 18 1 75 1
1 2 18 1 119 1
1 2 18 1 127 1
1 2 18 1 129 1
1 2 18 1 159 1
1 2 19 1 61 1
1 2 19 1 65 1
1 2 19 1 87 1
1 2 19 1 90 1
1 2 19 1 96 1
1 2 19 1 106 1
1 2 19 1 122 1
1 2 19 1 124 1
1 2 19 1 136 1
1 2 19 1 143 1
1 2 19 1 146 1
1 2 19 1 147 1
1 2 19 1 150 1
1 2 19 1 172 1
1 2 19 1 185 1
1 2 19 1 199 1
1 2 20 1 28 1
1 2 20 1 29 1
1 2 20 1 41 1
1 2 20 1 45 1
1 2 20 1 50 1
1 2 20 1 74 1
1 2 20 1 105 1
1 2 20 1 111 1
1 2 20 1 116 1
1 2 20 1 122 1
1 2 20 1 128 1
1 2 20 1 130 1
1 2 20 1 133 1
1 2 20 1 134 1
1 2 20 1 155 1
1 2 20 1 159 1
1 2 20 1 170 1
1 2 20 1 183 1
1 2 20 1 196 1
1 2 21 1 44 1
1 2 21 1 77 1
1 2 21 1 85 1
1 2 21 1 121 1
1 2 21 1 122 1
1 2 21 1 128 1
1 2 21 1 161 1
1 2 21 1 163 1
1 2 21 1 180 1
1 2 21 1 187 1
1 2 21 1 199 1
1 2 22 1 80 1
1 2 22 1 86 1
1 2 22 1 110 1
1 2 22 1 121 1
1 2 22 1 167 1
1 2 22 1 179 1
1 2 23 1 42 1
1 2 23 1 43 1
1 2 23 1 53 1
1 2 23 1 87 1
1 2 23 1 109 1
1 2 23 1 110 1
1 2 23 1 123 1
1 2 23 1 139 1
1 2 23 1 152 1
1 2 23 1 181 1
1 2 23 1 190 1
1 2 24 1 37 1
1 2 24 1 43 1
1 2 24 1 54 1
1 2 24 1 56 1
1 2 24 1 94 1
1 2 24 1 109 1
1 2 24 1 112 1
1 2 25 1 50 1
1 2 25 1 65 1
1 2 25 1 73 1
1 2 25 1 93 1
1 2 25 1 95 1
1 2 25 1 113 1
1 2 25 1 116 1
1 2 25 1 127 1
1 2 25 1 156 1
1 2 25 1 161 1
1 2 25 1 165 1
1 2 25 1 188 1
1 2 25 1 191 1
1 2 26 1 41 1
1 2 26 1 81 1
1 2 26 1 85 1
1 2 26 1 89 1
1 2 26 1 140 1
1 2 26 1 146 1
1 2 26 1 151 1
1 2 26 1 160 1
1 2 26 1 169 1
1 2 27 1 41 1
1 2 27 1 57 1
1 2 27 1 62 1
1 2 27 1 68 1
1 2 27 1 76 1
1 2 27 1 83 1
1 2 27 1 119 1
1 2 27 1 152 1
1 2 27 1 154 1
1 2 27 1 187 1
1 2 27 1 190 1
1 2 27 1 192 1
1 2 27 1 199 1
1 2 28 1 32 1
1 2 28 1 56 1
1 2 28 1 74 1
1 2 28 1 83 1
1 2 28 1 89 1
1 2 28 1 97 1
1 2 28 1 103 1
1 2 28 1 110 1
1 2 28 1 155 1
1 2 28 1 176 1
1 2 28 1 188 1
1 2 28 1 197 1
1 2 29 1 58 1
1 2 29 1 68 1
1 2 29 1 69 1
1 2 29 1 84 1
1 2 29 1 99 1
1 2 29 1 101 1
1 2 29 1 116 1
1 2 29 1 142 1
1 2 29 1 144 1
1 2 29 1 151 1
1 2 29 1 199 1
1 2 30 1 38 1
1 2 30 1 60 1
1 2 30 1 68 1
1 2 30 1 75 1
1 2 30 1 135 1
1 2 30 1 137 1
1 2 30 1 178 1
1 2 30 1 188 1
1 2 30 1 190 1
1 2 30 1 195 1
1 2 31 1 41 1
1 2 31 1 60 1
1 2 31 1 68 1
1 2 31 1 83 1
1 2 31 1 114 1
1 2 31 1 126 1
1 2 31 1 166 1
1 2 31 1 192 1
1 2 32 1 38 1
1 2 32 1 49 1
1 2 32 1 51 1
1 2 32 1 72 1
1 2 32 1 79 1
1 2 32 1 83 1
1 2 32 1 86 1
1 2 32 1 88 1
1 2 32 1 94 1
1 2 32 1 146 1
1 2 32 1 154 1
1 2 32 1 165 1
1 2 32 1 170 1
1 2 32 1 177 1
1 2 32 1 180 1
1 2 33 1 55 1
1 2 33 1 60 1
1 2 33 1 76 1
1 2 33 1 124 1
1 2 33 1 146 1
1 2 33 1 189 1
1 2 34 1 67 1
1 2 34 1 70 1
1 2 34 1 91 1
1 2 34 1 111 1
1 2 34 1 113 1
1 2 34 1 115 1
1 2 34 1 126 1
1 2 34 1 127 1
1 2 34 1 164 1
1 2 34 1 184 1
1 2 34 1 186 1
1 2 34 1 190 1
1 2 35 1 50 1
1 2 35 1 97 1
1 2 35 1 99 1
1 2 35 1 108 1
1 2 35 1 115 1
1 2 35 1 125 1
1 2 35 1 136 1
1 2 35 1 153 1
1 2 35 1 170 1
1 2 35 1 171 1
1 2 35 1 199 1
1 2 36 1 62 1
1 2 36 1 77 1
1 2 36 1 85 1
1 2 36 1 89 1
1 2 36 1 96 1
1 2 36 1 187 1
1 2 36 1 199 1
1 2 37 1 39 1
1 2 37 1 61 1
1 2 37 1 63 1
1 2 37 1 73 1
1 2 37 1 90 1
1 2 37 1 112 1
1 2 37 1 123 1
1 2 37 1 144 1
1 2 37 1 181 1
1 2 38 1 56 1
1 2 38 1 92 1
1 2 38 1 105 1
1 2 38 1 107 1
1 2 38 1 109 1
1 2 38 1 136 1
1 2 38 1 180 1
1 2 39 1 52 1
1 2 39 1 53 1
1 2 39 1 58 1
1 2 39 1 62 1
1 2 39 1 64 1
1 2 39 1 65 1
1 2 39 1 77 1
1 2 39 1 86 1
1 2 39 1 101 1
1 2 39 1 114 1
1 2 39 1 123 1
1 2 39 1 149 1
1 2 39 1 152 1
1 2 39 1 193 1
1 2 40 1 52 1
1 2 40 1 77 1
1 2 40 1 90 1
1 2 40 1 134 1
1 2 40 1 144 1
1 2 40 1 150 1
1 2 40 1 159 1
1 2 40 1 190 1
1 2 40 1 196 1
1 2 41 1 92 1
1 2 41 1 95 1
1 2 41 1 129 1
1 2 41 1 165 1
1 2 41 1 171 1
1 2 41 1 174 1
1 2 41 1 185 1
1 2 41 1 192 1
1 2 41 1 194 1
1 2 41 1 197 1
1 2 42 1 57 1
1 2 42 1 75 1
1 2 42 1 80 1
1 2 42 1 84 1
1 2 42 1 95 1
1 2 42 1 96 1
1 2 42 1 101 1
1 2 42 1 111 1
1 2 42 1 124 1
1 2 42 1 127 1
1 2 42 1 143 1
1 2 42 1 156 1
1 2 42 1 182 1
1 2 43 1 68 1
1 2 43 1 71 1
1 2 43 1 84 1
1 2 43 1 119 1
1 2 43 1 121 1
1 2 43 1 127 1
1 2 43 1 134 1
1 2 43 1 150 1
1 2 44 1 49 1
1 2 44 1 69 1
1 2 44 1 76 1
1 2 44 1 79 1
1 2 44 1 87 1
1 2 44 1 90 1
1 2 44 1 104 1
1 2 44 1 124 1
1 2 44 1 149 1
1 2 44 1 152 1
1 2 44 1 155 1
1 2 44 1 177 1
1 2 44 1 184 1
1 2 44 1 197 1
1 2 45 1 63 1
1 2 45 1 66 1
1 2 45 1 74 1
1 2 45 1 77 1
1 2 45 1 98 1
1 2 45 1 131 1
1 2 45 1 150 1
1 2 45 1 154 1
1 2 45 1 162 1
1 2 46 1 59 1
1 2 46 1 66 1
1 2 46 1 81 1
1 2 46 1 91 1
1 2 46 1 100 1
1 2 46 1 107 1
1 2 46 1 121 1
1 2 46 1 132 1
1 2 46 1 146 1
1 2 46 1 148 1
1 2 46 1 197 1
1 2 47 1 52 1
1 2 47 1 57 1
1 2 47 1 65 1
1 2 47 1 94 1
1 2 47 1 106 1
1 2 47 1 112 1
1 2 47 1 122 1
1 2 47 1 157 1
1 2 48 1 54 1
1 2 48 1 63 1
1 2 48 1 72 1
1 2 48 1 131 1
1 2 49 1 54 1
1 2 49 1 60 1
1 2 49 1 68 1
1 2 49 1 70 1
1 2 49 1 88 1
1 2 49 1 106 1
1 2 49 1 123 1
1 2 49 1 129 1
1 2 49 1 133 1
1 2 49 1 144 1
1 2 49 1 162 1
1 2 49 1 174 1
1 2 49 1 183 1
1 2 49 1 186 1
1 2 49 1 189 1
1 2 49 1 196 1
1 2 50 1 56 1
1 2 50 1 87 1
1 2 50 1 92 1
1 2 50 1 111 1
1 2 50 1 118 1
1 2 50 1 123 1
1 2 50 1 149 1
1 2 50 1 151 1
1 2 50 1 162 1
1 2 50 1 163 1
1 2 50 1 167 1
1 2 50 1 169 1
1 2 51 1 84 1
1 2 51 1 94 1
1 2 51 1 101 1
1 2 51 1 102 1
1 2 51 1 117 1
1 2 51 1 150 1
1 2 51 1 175 1
1 2 51 1 183 1
1 2 51 1 187 1
1 2 52 1 58 1
1 2 52 1 63 1
1 2 52 1 106 1
1 2 52 1 108 1
1 2 52 1 123 1
1 2 52 1 126 1
1 2 52 1 134 1
1 2 52 1 140 1
1 2 52 1 177 1
1 2 52 1 180 1
1 2 53 1 60 1
1 2 53 1 90 1
1 2 53 1 97 1
1 2 53 1 105 1
1 2 53 1 112 1
1 2 53 1 119 1
1 2 53 1 122 1
1 2 53 1 131 1
1 2 53 1 143 1
1 2 53 1 152 1
1 2 53 1 158 1
1 2 53 1 172 1
1 2 53 1 183 1
1 2 53 1 191 1
1 2 54 1 61 1
1 2 54 1 79 1
1 2 54 1 93 1
1 2 54 1 109 1
1 2 54 1 113 1
1 2 54 1 170 1
1 2 54 1 173 1
1 2 54 1 180 1
1 2 54 1 193 1
1 2 55 1 66 1
1 2 55 1 67 1
1 2 55 1 69 1
1 2 55 1 83 1
1 2 55 1 88 1
1 2 55 1 93 1
1 2 55 1 97 1
1 2 55 1 102 1
1 2 55 1 119 1
1 2 55 1 142 1
1 2 55 1 147 1
1 2 55 1 169 1
1 2 55 1 174 1
1 2 55 1 182 1
1 2 56 1 70 1
1 2 56 1 80 1
1 2 56 1 97 1
1 2 56 1 127 1
1 2 56 1 136 1
1 2 56 1 163 1
1 2 56 1 170 1
1 2 56 1 172 1
1 2 56 1 174 1
1 2 56 1 189 1
1 2 56 1 191 1
1 2 56 1 192 1
1 2 56 1 193 1
1 2 57 1 58 1
1 2 57 1 64 1
1 2 57 1 70 1
1 2 57 1 87 1
1 2 57 1 93 1
1 2 57 1 96 1
1 2 57 1 100 1
1 2 57 1 105 1
1 2 57 1 117 1
1 2 57 1 161 1
1 2 57 1 171 1
1 2 58 1 77 1
1 2 58 1 115 1
1 2 58 1 119 1
1 2 58 1 123 1
1 2 58 1 125 1
1 2 58 1 143 1
1 2 58 1 160 1
1 2 59 1 61 1
1 2 59 1 91 1
1 2 59 1 121 1
1 2 59 1 122 1
1 2 59 1 132 1
1 2 59 1 167 1
1 2 59 1 179 1
1 2 59 1 181 1
1 2 59 1 187 1
1 2 60 1 61 1
1 2 60 1 70 1
1 2 60 1 83 1
1 2 60 1 104 1
1 2 60 1 111 1
1 2 60 1 114 1
1 2 60 1 127 1
1 2 60 1 131 1
1 2 60 1 140 1
1 2 60 1 169 1
1 2 60 1 181 1
1 2 60 1 182 1
1 2 60 1 191 1
1 2 61 1 72 1
1 2 61 1 73 1
1 2 61 1 143 1
1 2 61 1 177 1
1 2 62 1 85 1
1 2 62 1 94 1
1 2 62 1 99 1
1 2 62 1 111 1
1 2 62 1 169 1
1 2 62 1 180 1
1 2 62 1 183 1
1 2 63 1 80 1
1 2 63 1 84 1
1 2 63 1 94 1
1 2 63 1 100 1
1 2 63 1 115 1
1 2 63 1 163 1
1 2 63 1 164 1
1 2 63 1 172 1
1 2 63 1 194 1
1 2 64 1 69 1
1 2 64 1 72 1
1 2 64 1 94 1
1 2 64 1 100 1
1 2 64 1 114 1
1 2 64 1 120 1
1 2 64 1 159 1
1 2 64 1 171 1
1 2 64 1 196 1
1 2 65 1 74 1
1 2 65 1 77 1
1 2 65 1 117 1
1 2 65 1 118 1
1 2 65 1 120 1
1 2 65 1 123 1
1 2 65 1 125 1
1 2 65 1 135 1
1 2 65 1 146 1
1 2 65 1 149 1
1 2 65 1 153 1
1 2 65 1 162 1
1 2 65 1 170 1
1 2 65 1 176 1
1 2 65 1 186 1
1 2 65 1 190 1
1 2 65 1 194 1
1 2 65 1 196 1
1 2 66 1 74 1
1 2 66 1 76 1
1 2 66 1 91 1
1 2 66 1 96 1
1 2 66 1 103 1
1 2 66 1 110 1
1 2 66 1 113 1
1 2 66 1 152 1
1 2 66 1 153 1
1 2 66 1 185 1
1 2 66 1 196 1
1 2 66 1 197 1
1 2 67 1 90 1
1 2 67 1 101 1
1 2 67 1 155 1
1 2 67 1 158 1
1 2 67 1 164 1
1 2 67 1 174 1
1 2 67 1 190 1
1 2 67 1 192 1
1 2 68 1 90 1
1 2 68 1 94 1
1 2 68 1 136 1
1 2 68 1 181 1
1 2 68 1 184 1
1 2 69 1 74 1
1 2 69 1 75 1
1 2 69 1 89 1
1 2 69 1 93 1
1 2 69 1 104 1
1 2 69 1 105 1
1 2 69 1 130 1
1 2 69 1 150 1
1 2 69 1 181 1
1 2 69 1 183 1
1 2 70 1 85 1
1 2 70 1 94 1
1 2 70 1 121 1
1 2 70 1 133 1
1 2 70 1 144 1
1 2 70 1 184 1
1 2 71 1 88 1
1 2 71 1 99 1
1 2 71 1 121 1
1 2 71 1 145 1
1 2 71 1 177 1
1 2 72 1 74 1
1 2 72 1 100 1
1 2 72 1 120 1
1 2 72 1 129 1
1 2 72 1 138 1
1 2 72 1 139 1
1 2 72 1 143 1
1 2 72 1 166 1
1 2 72 1 185 1
1 2 73 1 86 1
1 2 73 1 95 1
1 2 73 1 118 1
1 2 73 1 152 1
1 2 73 1 157 1
1 2 73 1 173 1
1 2 73 1 184 1
1 2 73 1 192 1
1 2 74 1 102 1
1 2 74 1 113 1
1 2 74 1 126 1
1 2 74 1 149 1
1 2 74 1 177 1
1 2 75 1 78 1
1 2 75 1 90 1
1 2 75 1 91 1
1 2 75 1 106 1
1 2 75 1 116 1
1 2 75 1 119 1
1 2 75 1 130 1
1 2 75 1 145 1
1 2 75 1 149 1
1 2 75 1 153 1
1 2 75 1 160 1
1 2 75 1 164 1
1 2 75 1 178 1
1 2 75 1 197 1
1 2 76 1 109 1
1 2 76 1 111 1
1 2 76 1 112 1
1 2 76 1 125 1
1 2 76 1 136 1
1 2 76 1 141 1
1 2 76 1 144 1
1 2 76 1 156 1
1 2 76 1 188 1
1 2 77 1 79 1
1 2 77 1 84 1
1 2 77 1 89 1
1 2 77 1 100 1
1 2 77 1 180 1
1 2 77 1 185 1
1 2 77 1 186 1
1 2 77 1 192 1
1 2 78 1 115 1
1 2 78 1 116 1
1 2 78 1 123 1
1 2 78 1 147 1
1 2 78 1 157 1
1 2 78 1 161 1
1 2 78 1 173 1
1 2 78 1 178 1
1 2 78 1 181 1
1 2 78 1 185 1
1 2 78 1 190 1
1 2 79 1 106 1
1 2 79 1 133 1
1 2 79 1 150 1
1 2 79 1 165 1
1 2 79 1 176 1
1 2 79 1 178 1
1 2 79 1 180 1
1 2 80 1 89 1
1 2 80 1 98 1
1 2 80 1 102 1
1 2 80 1 110 1
1 2 80 1 148 1
1 2 80 1 182 1
1 2 80 1 187 1
1 2 80 1 190 1
1 2 81 1 90 1
1 2 81 1 92 1
1 2 81 1 113 1
1 2 81 1 121 1
1 2 81 1 131 1
1 2 81 1 147 1
1 2 81 1 156 1
1 2 81 1 157 1
1 2 81 1 164 1
1 2 81 1 170 1
1 2 81 1 186 1
1 2 81 1 189 1
1 2 82 1 110 1
1 2 82 1 127 1
1 2 82 1 134 1
1 2 82 1 149 1
1 2 82 1 161 1
1 2 82 1 165 1
1 2 82 1 169 1
1 2 82 1 182 1
1 2 83 1 84 1
1 2 83 1 102 1
1 2 83 1 112 1
1 2 83 1 123 1
1 2 83 1 145 1
1 2 83 1 168 1
1 2 83 1 173 1
1 2 83 1 181 1
1 2 83 1 199 1
1 2 84 1 85 1
1 2 84 1 98 1
1 2 84 1 125 1
1 2 84 1 127 1
1 2 84 1 128 1
1 2 84 1 133 1
1 2 84 1 174 1
1 2 84 1 182 1
1 2 84 1 183 1
1 2 84 1 184 1
1 2 84 1 192 1
1 2 84 1 194 1
1 2 85 1 132 1
1 2 85 1 174 1
1 2 85 1 176 1
1 2 85 1 190 1
1 2 86 1 94 1
1 2 86 1 95 1
1 2 86 1 107 1
1 2 86 1 113 1
1 2 86 1 151 1
1 2 86 1 160 1
1 2 86 1 191 1
1 2 86 1 195 1
1 2 86 1 198 1
1 2 87 1 138 1
1 2 87 1 148 1
1 2 87 1 163 1
1 2 87 1 172 1
1 2 87 1 186 1
1 2 88 1 128 1
1 2 88 1 170 1
1 2 88 1 194 1
1 2 89 1 101 1
1 2 89 1 128 1
1 2 89 1 145 1
1 2 89 1 149 1
1 2 89 1 152 1
1 2 89 1 186 1
1 2 89 1 187 1
1 2 89 1 192 1
1 2 90 1 116 1
1 2 90 1 127 1
1 2 90 1 132 1
1 2 90 1 146 1
1 2 90 1 149 1
1 2 90 1 160 1
1 2 90 1 175 1
1 2 90 1 183 1
1 2 91 1 94 1
1 2 91 1 110 1
1 2 91 1 150 1
1 2 91 1 187 1
1 2 92 1 108 1
1 2 92 1 109 1
1 2 92 1 126 1
1 2 92 1 135 1
1 2 92 1 142 1
1 2 93 1 97 1
1 2 93 1 105 1
1 2 93 1 123 1
1 2 93 1 127 1
1 2 93 1 130 1
1 2 93 1 131 1
1 2 93 1 133 1
1 2 93 1 139 1
1 2 93 1 145 1
1 2 93 1 167 1
1 2 93 1 183 1
1 2 93 1 186 1
1 2 93 1 188 1
1 2 93 1 194 1
1 2 93 1 197 1
1 2 94 1 96 1
1 2 94 1 129 1
1 2 94 1 135 1
1 2 94 1 159 1
1 2 94 1 161 1
1 2 94 1 173 1
1 2 94 1 176 1
1 2 94 1 186 1
1 2 95 1 99 1
1 2 95 1 111 1
1 2 95 1 136 1
1 2 95 1 151 1
1 2 95 1 164 1
1 2 95 1 173 1
1 2 95 1 187 1
1 2 96 1 109 1
1 2 96 1 118 1
1 2 96 1 144 1
1 2 96 1 149 1
1 2 96 1 160 1
1 2 96 1 161 1
1 2 96 1 171 1
1 2 96 1 185 1
1 2 96 1 188 1
1 2 96 1 193 1
1 2 96 1 196 1
1 2 97 1 114 1
1 2 97 1 123 1
1 2 97 1 127 1
1 2 97 1 148 1
1 2 97 1 152 1
1 2 97 1 155 1
1 2 97 1 172 1
1 2 97 1 176 1
1 2 97 1 198 1
1 2 98 1 123 1
1 2 98 1 128 1
1 2 98 1 132 1
1 2 98 1 146 1
1 2 98 1 147 1
1 2 98 1 164 1
1 2 98 1 167 1
1 2 98 1 194 1
1 2 99 1 142 1
1 2 99 1 166 1
1 2 99 1 177 1
1 2 99 1 188 1
1 2 100 1 123 1
1 2 100 1 125 1
1 2 100 1 142 1
1 2 100 1 167 1
1 2 100 1 176 1
1 2 100 1 193 1
1 2 100 1 194 1
1 2 100 1 196 1
1 2 101 1 108 1
1 2 101 1 118 1
1 2 101 1 119 1
1 2 101 1 145 1
1 2 101 1 150 1
1 2 101 1 152 1
1 2 101 1 174 1
1 2 101 1 181 1
1 2 101 1 184 1
1 2 102 1 108 1
1 2 102 1 120 1
1 2 102 1 136 1
1 2 102 1 138 1
1 2 102 1 165 1
1 2 103 1 118 1
1 2 103 1 126 1
1 2 103 1 144 1
1 2 103 1 155 1
1 2 103 1 171 1
1 2 103 1 191 1
1 2 104 1 106 1
1 2 104 1 107 1
1 2 104 1 110 1
1 2 104 1 119 1
1 2 104 1 121 1
1 2 104 1 133 1
1 2 104 1 152 1
1 2 104 1 189 1
1 2 104 1 191 1
1 2 105 1 108 1
1 2 105 1 115 1
1 2 105 1 117 1
1 2 105 1 127 1
1 2 105 1 144 1
1 2 105 1 172 1
1 2 106 1 110 1
1 2 106 1 111 1
1 2 106 1 114 1
1 2 106 1 131 1
1 2 106 1 162 1
1 2 106 1 165 1
1 2 106 1 167 1
1 2 106 1 182 1
1 2 107 1 110 1
1 2 107 1 114 1
1 2 107 1 126 1
1 2 107 1 140 1
1 2 107 1 141 1
1 2 107 1 146 1
1 2 107 1 168 1
1 2 108 1 120 1
1 2 108 1 125 1
1 2 108 1 136 1
1 2 108 1 137 1
1 2 108 1 140 1
1 2 108 1 141 1
1 2 108 1 173 1
1 2 108 1 187 1
1 2 108 1 193 1
1 2 109 1 110 1
1 2 109 1 163 1
1 2 109 1 167 1
1 2 109 1 190 1
1 2 110 1 111 1
1 2 110 1 112 1
1 2 110 1 113 1
1 2 110 1 123 1
1 2 110 1 164 1
1 2 110 1 174 1
1 2 110 1 196 1
1 2 111 1 116 1
1 2 111 1 131 1
1 2 111 1 143 1
1 2 111 1 157 1
1 2 111 1 160 1
1 2 111 1 183 1
1 2 111 1 188 1
1 2 112 1 114 1
1 2 112 1 128 1
1 2 112 1 148 1
1 2 113 1 124 1
1 2 113 1 135 1
1 2 113 1 138 1
1 2 113 1 149 1
1 2 114 1 159 1
1 2 114 1 162 1
1 2 114 1 176 1
1 2 114 1 184 1
1 2 114 1 198 1
1 2 115 1 154 1
1 2 115 1 161 1
1 2 115 1 182 1
1 2 115 1 186 1
1 2 116 1 124 1
1 2 116 1 128 1
1 2 116 1 165 1
1 2 116 1 170 1
1 2 116 1 198 1
1 2 117 1 130 1
1 2 117 1 169 1
1 2 118 1 125 1
1 2 118 1 130 1
1 2 118 1 139 1
1 2 118 1 140 1
1 2 118 1 141 1
1 2 118 1 175 1
1 2 118 1 186 1
1 2 118 1 187 1
1 2 119 1 124 1
1 2 119 1 164 1
1 2 119 1 186 1
1 2 120 1 133 1
1 2 120 1 141 1
1 2 120 1 142 1
1 2 120 1 143 1
1 2 120 1 150 1
1 2 120 1 172 1
1 2 120 1 176 1
1 2 120 1 180 1
1 2 120 1 186 1
1 2 120 1 189 1
1 2 120 1 194 1
1 2 121 1 124 1
1 2 121 1 145 1
1 2 121 1 149 1
1 2 121 1 150 1
1 2 121 1 151 1
1 2 121 1 156 1
1 2 121 1 164 1
1 2 121 1 167 1
1 2 121 1 175 1
1 2 121 1 187 1
1 2 121 1 195 1
1 2 121 1 197 1
1 2 122 1 124 1
1 2 122 1 126 1
1 2 122 1 135 1
1 2 123 1 136 1
1 2 123 1 144 1
1 2 123 1 152 1
1 2 123 1 164 1
1 2 123 1 182 1
1 2 124 1 145 1
1 2 124 1 153 1
1 2 124 1 155 1
1 2 124 1 160 1
1 2 124 1 172 1
1 2 124 1 173 1
1 2 124 1 175 1
1 2 124 1 188 1
1 2 124 1 194 1
1 2 125 1 142 1
1 2 125 1 147 1
1 2 125 1 167 1
1 2 126 1 146 1
1 2 126 1 152 1
1 2 126 1 155 1
1 2 126 1 157 1
1 2 126 1 159 1
1 2 126 1 177 1
1 2 126 1 183 1
1 2 127 1 135 1
1 2 127 1 152 1
1 2 127 1 172 1
1 2 127 1 186 1
1 2 128 1 133 1
1 2 128 1 142 1
1 2 128 1 160 1
1 2 128 1 187 1
1 2 128 1 194 1
1 2 129 1 166 1
1 2 130 1 134 1
1 2 130 1 139 1
1 2 130 1 144 1
1 2 130 1 146 1
1 2 130 1 148 1
1 2 130 1 165 1
1 2 130 1 168 1
1 2 130 1 195 1
1 2 130 1 197 1
1 2 131 1 155 1
1 2 131 1 174 1
1 2 131 1 195 1
1 2 132 1 147 1
1 2 132 1 156 1
1 2 132 1 161 1
1 2 132 1 164 1
1 2 132 1 188 1
1 2 133 1 137 1
1 2 133 1 155 1
1 2 133 1 163 1
1 2 133 1 191 1
1 2 133 1 193 1
1 2 134 1 144 1
1 2 134 1 165 1
1 2 134 1 189 1
1 2 135 1 161 1
1 2 135 1 177 1
1 2 135 1 189 1
1 2 136 1 156 1
1 2 136 1 183 1
1 2 137 1 177 1
1 2 137 1 188 1
1 2 137 1 197 1
1 2 138 1 145 1
1 2 138 1 153 1
1 2 139 1 183 1
1 2 139 1 194 1
1 2 140 1 179 1
1 2 141 1 161 1
1 2 141 1 191 1
1 2 141 1 192 1
1 2 141 1 198 1
1 2 141 1 199 1
1 2 142 1 149 1
1 2 142 1 160 1
1 2 142 1 177 1
1 2 142 1 178 1
1 2 142 1 189 1
1 2 142 1 191 1
1 2 143 1 149 1
1 2 143 1 178 1
1 2 143 1 186 1
1 2 143 1 187 1
1 2 144 1 162 1
1 2 145 1 158 1
1 2 145 1 171 1
1 2 146 1 155 1
1 2 146 1 174 1
1 2 146 1 175 1
1 2 147 1 150 1
1 2 147 1 151 1
1 2 147 1 168 1
1 2 147 1 173 1
1 2 147 1 174 1
1 2 147 1 182 1
1 2 147 1 194 1
1 2 147 1 195 1
1 2 148 1 175 1
1 2 148 1 176 1
1 2 148 1 181 1
1 2 148 1 197 1
1 2 149 1 170 1
1 2 149 1 185 1
1 2 149 1 193 1
1 2 150 1 155 1
1 2 150 1 161 1
1 2 150 1 164 1
1 2 150 1 170 1
1 2 150 1 187 1
1 2 150 1 198 1
1 2 151 1 164 1
1 2 151 1 172 1
1 2 151 1 179 1
1 2 152 1 170 1
1 2 152 1 185 1
1 2 152 1 191 1
1 2 153 1 156 1
1 2 153 1 182 1
1 2 153 1 190 1
1 2 154 1 170 1
1 2 154 1 176 1
1 2 154 1 178 1
1 2 154 1 192 1
1 2 155 1 170 1
1 2 155 1 171 1
1 2 155 1 179 1
1 2 155 1 192 1
1 2 156 1 162 1
1 2 156 1 169 1
1 2 156 1 191 1
1 2 157 1 161 1
1 2 158 1 161 1
1 2 158 1 187 1
1 2 159 1 186 1
1 2 162 1 178 1
1 2 162 1 181 1
1 2 162 1 188 1
1 2 162 1 191 1
1 2 162 1 196 1
1 2 163 1 172 1
1 2 163 1 187 1
1 2 163 1 197 1
1 2 164 1 168 1
1 2 165 1 169 1
1 2 166 1 167 1
1 2 166 1 177 1
1 2 166 1 198 1
1 2 169 1 178 1
1 2 169 1 190 1
1 2 170 1 183 1
1 2 170 1 188 1
1 2 171 1 193 1
1 2 171 1 196 1
1 2 172 1 176 1
1 2 172 1 187 1
1 2 173 1 183 1
1 2 173 1 195 1
1 2 174 1 192 1
1 2 174 1 197 1
1 2 175 1 184 1
1 2 175 1 198 1
1 2 176 1 196 1
1 2 177 1 196 1
1 2 178 1 186 1
1 2 179 1 184 1
1 2 179 1 189 1
1 2 179 1 197 1
1 2 180 1 187 1
1 2 181 1 199 1
1 2 182 1 184 1
1 2 182 1 187 1
1 2 182 1 188 1
1 2 183 1 185 1
1 2 184 1 191 1
1 2 185 1 191 1
1 2 185 1 192 1
1 2 185 1 195 1
1 2 186 1 190 1
1 2 187 1 189 1
1 2 187 1 197 1
1 2 189 1 192 1
1 2 190 1 195 1
1 2 192 1 193 1
1 2 192 1 199 1
incumbent 1
1 1 0 1 1 0 1 1 0 1 1 1 0 1 1 1 1 0 1 1 1 1 0 1 1 1 1 1 1 0 1 0 1 0 0 0 1 1 1 1 1 1 1 1 1 1 0 1 1 1 1 1 1 1 1 1 0 1 1 1 1 1 1 0 1 1 1 1 1 1 1 1 0 1 1 1 1 0 1 1 1 1 1 1 1 0 1 0 0 1 1 1 1 1 1 0 1 1 0 1 1 1 0 0 1 1 1 1 1 0 1 1 0 1 1 1 1 0 1 0 1 1 0 1 1 1 1 1 1 1 1 0 1 0 0 1 1 1 1 1 0 1 1 1 1 1 1 1 1 0 1 1 0 1 1 1 1 1 1 0 0 0 1 1 1 1 1 1 0 1 1 1 1 1 1 1 1 1 0 1 1 0 1 0 1 1 1 1 0 1 1 1 1 1 1 1 0 1 0 1
