200 1330
-16 -27 -8 -3 -13 -6 -12 -26 -12 -19 -20 -10 -2 -23 -25 -19 -2 -19 -26 -4 -16 -25 -4 -12 -20 -18 -4 -8 -29 -27 -21 -26 -9 -16 -20 -17 -8 -16 -20 -25 -27 -14 -13 -24 -27 -21 -18 -17 -9 -25 -19 -18 -27 -2 -2 -28 -23 -15 -12 -2 -6 -12 -21 -2 -19 -10 -14 -21 -11 -6 -27 -9 -18 -12 -5 -6 -20 -6 -12 -12 -13 -17 -18 -14 -17 -26 -30 -1 -29 -15 -3 -30 -6 -7 -26 -2 -18 -23 -26 -10 -23 -22 -21 -6 -7 -10 -2 -7 -22 -25 -10 -23 -23 -6 -22 -6 -7 -5 -3 -6 -9 -9 -23 -24 -4 -15 -27 -2 -8 -12 -9 -7 -4 -9 -10 -27 -13 -6 -20 -26 -25 -6 -21 -17 -9 -12 -3 -26 -13 -21 -2 -23 -19 -5 -30 -30 -29 -26 -13 -21 -17 -21 -26 -3 -15 -5 -2 -5 -9 -17 -14 -15 -1 -11 -7 -1 -24 -23 -15 -20 -15 -17 -17 -26 -26 -26 -9 -25 -25 -12 -14 -3 -1 -14 -8 -2 -1 -11 -30 -2
-1 2 0 -1 1 -1
-1 2 0 -1 11 -1
-1 2 0 -1 16 -1
-1 2 0 -1 21 -1
-1 2 0 -1 27 -1
-1 2 0 -1 29 -1
-1 2 0 -1 37 -1
-1 2 0 -1 57 -1
-1 2 0 -1 73 -1
-1 2 0 -1 126 -1
-1 2 0 -1 145 -1
-1 2 0 -1 152 -1
-1 2 0 -1 156 -1
-1 2 0 -1 169 -1
-1 2 0 -1 173 -1
-1 2 0 -1 195 -1
-1 2 1 -1 7 -1
-1 2 1 -1 26 -1
-1 2 1 -1 34 -1
-1 2 1 -1 45 -1
-1 2 1 -1 65 -1
-1 2 1 -1 78 -1
-1 2 1 -1 84 -1
-1 2 1 -1 107 -1
-1 2 1 -1 112 -1
-1 2 1 -1 122 -1
-1 2 1 -1 132 -1
-1 2 1 -1 134 -1
-1 2 1 -1 143 -1
-1 2 1 -1 149 -1
-1 2 1 -1 163 -1
-1 2 1 -1 175 -1
-1 2 1 -1 193 -1
-1 2 2 -1 43 -1
-1 2 2 -1 62 -1
-1 2 2 -1 72 -1
-1 2 2 -1 89 -1
-1 2 2 -1 94 -1
-1 2 2 -1 101 -1
-1 2 2 -1 166 -1
-1 2 2 -1 189 -1
-1 2 2 -1 196 -1
-1 2 3 -1 19 -1
-1 2 3 -1 21 -1
-1 2 3 -1 46 -1
-1 2 3 -1 57 -1
-1 2 3 -1 73 -1
-1 2 3 -1 84 -1
-1 2 3 -1 98 -1
-1 2 3 -1 103 -1
-1 2 3 -1 107 -1
-1 2 3 -1 117 -1
-1 2 3 -1 120 -1
-1 2 3 -1 145 -1
-1 2 3 -1 146 -1
-1 2 3 -1 149 -1
-1 2 3 -1 150 -1
-1 2 3 -1 165 -1
-1 2 3 -1 168 -1
-1 2 3 -1 180 -1
-1 2 3 -1 183 -1
-1 2 3 -1 192 -1
-1 2 3 -1 197 -1
-1 2 4 -1 28 -1
-1 2 4 -1 56 -1
-1 2 4 -1 72 -1
-1 2 4 -1 73 -1
-1 2 4 -1 90 -1
-1 2 4 -1 110 -1
-1 2 4 -1 111 -1
-1 2 4 -1 112 -1
-1 2 4 -1 119 -1
-1 2 4 -1 145 -1
-1 2 4 -1 150 -1
-1 2 4 -1 154 -1
-1 2 4 -1 168 -1
-1 2 4 -1 178 -1
-1 2 5 -1 53 -1
-1 2 5 -1 69 -1
-1 2 5 -1 71 -1
-1 2 5 -1 103 -1
-1 2 5 -1 107 -1
-1 2 5 -1 120 -1
-1 2 5 -1 123 -1
-1 2 5 -1 174 -1
-1 2 5 -1 176 -1
-1 2 5 -1 191 -1
-1 2 6 -1 43 -1
-1 2 6 -1 74 -1
-1 2 6 -1 87 -1
-1 2 6 -1 95 -1
-1 2 6 -1 97 -1
-1 2 6 -1 107 -1
-1 2 6 -1 109 -1
-1 2 6 -1 123 -1
-1 2 6 -1 130 -1
-1 2 6 -1 164 -1
-1 2 6 -1 184 -1
-1 2 6 -1 194 -1
-1 2 6 -1 199 -1
-1 2 7 -1 29 -1
-1 2 7 -1 71 -1
-1 2 7 -1 94 -1
-1 2 7 -1 98 -1
-1 2 7 -1 121 -1
-1 2 7 -1 151 -1
-1 2 7 -1 160 -1
-1 2 7 -1 169 -1
-1 2 7 -1 194 -1
-1 2 8 -1 18 -1
-1 2 8 -1 49 -1
-1 2 8 -1 75 -1
-1 2 8 -1 118 -1
-1 2 8 -1 140 -1
-1 2 8 -1 143 -1
-1 2 8 -1 190 -1
-1 2 9 -1 22 -1
-1 2 9 -1 64 -1
-1 2 9 -1 75 -1
-1 2 9 -1 82 -1
-1 2 9 -1 85 -1
-1 2 9 -1 117 -1
-1 2 9 -1 125 -1
-1 2 9 -1 139 -1
-1 2 9 -1 145 -1
-1 2 9 -1 182 -1
-1 2 9 -1 185 -1
-1 2 10 -1 28 -1
-1 2 10 -1 48 -1
-1 2 10 -1 49 -1
-1 2 10 -1 81 -1
-1 2 10 -1 88 -1
-1 2 10 -1 104 -1
-1 2 10 -1 115 -1
-1 2 10 -1 141 -1
-1 2 10 -1 142 -1
-1 2 10 -1 191 -1
-1 2 11 -1 28 -1
-1 2 11 -1 30 -1
-1 2 11 -1 50 -1
-1 2 11 -1 58 -1
-1 2 11 -1 59 -1
-1 2 11 -1 62 -1
-1 2 11 -1 74 -1
-1 2 11 -1 83 -1
-1 2 11 -1 89 -1
-1 2 11 -1 103 -1
-1 2 11 -1 104 -1
-1 2 11 -1 136 -1
-1 2 11 -1 137 -1
-1 2 11 -1 160 -1
-1 2 12 -1 18 -1
-1 2 12 -1 23 -1
-1 2 12 -1 51 -1
-1 2 12 -1 66 -1
-1 2 12 -1 90 -1
-1 2 12 -1 101 -1
-1 2 12 -1 102 -1
-1 2 12 -1 114 -1
-1 2 12 -1 136 -1
-1 2 12 -1 152 -1
-1 2 12 -1 163 -1
-1 2 12 -1 164 -1
-1 2 12 -1 196 -1
-1 2 13 -1 63 -1
-1 2 13 -1 65 -1
-1 2 13 -1 85 -1
-1 2 13 -1 95 -1
-1 2 13 -1 121 -1
-1 2 13 -1 122 -1
-1 2 13 -1 124 -1
-1 2 13 -1 138 -1
-1 2 13 -1 153 -1
-1 2 13 -1 157 -1
-1 2 13 -1 178 -1
-1 2 13 -1 180 -1
-1 2 13 -1 188 -1
-1 2 14 -1 25 -1
-1 2 14 -1 40 -1
-1 2 14 -1 53 -1
-1 2 14 -1 64 -1
-1 2 14 -1 89 -1
-1 2 14 -1 95 -1
-1 2 14 -1 111 -1
-1 2 14 -1 126 -1
-1 2 14 -1 168 -1
-1 2 14 -1 173 -1
-1 2 14 -1 184 -1
-1 2 14 -1 192 -1
-1 2 15 -1 25 -1
-1 2 15 -1 39 -1
-1 2 15 -1 47 -1
-1 2 15 -1 62 -1
-1 2 15 -1 69 -1
-1 2 15 -1 78 -1
-1 2 15 -1 93 -1
-1 2 15 -1 111 -1
-1 2 15 -1 116 -1
-1 2 15 -1 134 -1
-1 2 15 -1 143 -1
-1 2 15 -1 162 -1
-1 2 15 -1 182 -1
-1 2 15 -1 187 -1
-1 2 16 -1 17 -1
-1 2 16 -1 22 -1
-1 2 16 -1 54 -1
-1 2 16 -1 93 -1
-1 2 16 -1 119 -1
-1 2 16 -1 123 -1
-1 2 16 -1 129 -1
-1 2 16 -1 132 -1
-1 2 16 -1 142 -1
-1 2 16 -1 157 -1
-1 2 16 -1 183 -1
-1 2 16 -1 189 -1
-1 2 17 -1 26 -1
-1 2 17 -1 40 -1
-1 2 17 -1 45 -1
-1 2 17 -1 47 -1
-1 2 17 -1 104 -1
-1 2 17 -1 116 -1
-1 2 17 -1 140 -1
-1 2 17 -1 150 -1
-1 2 17 -1 161 -1
-1 2 17 -1 163 -1
-1 2 17 -1 183 -1
-1 2 17 -1 185 -1
-1 2 18 -1 21 -1
-1 2 18 -1 48 -1
-1 2 18 -1 66 -1
-1 2 18 -1 91 -1
-1 2 18 -1 99 -1
-1 2 18 -1 112 -1
-1 2 18 -1 136 -1
-1 2 18 -1 197 -1
-1 2 19 -1 21 -1
-1 2 19 -1 24 -1
-1 2 19 -1 38 -1
-1 2 19 -1 61 -1
-1 2 19 -1 126 -1
-1 2 19 -1 132 -1
-1 2 19 -1 146 -1
-1 2 19 -1 159 -1
-1 2 19 -1 166 -1
-1 2 19 -1 172 -1
-1 2 19 -1 177 -1
-1 2 19 -1 183 -1
-1 2 19 -1 197 -1
-1 2 19 -1 199 -1
-1 2 20 -1 22 -1
-1 2 20 -1 51 -1
-1 2 20 -1 55 -1
-1 2 20 -1 60 -1
-1 2 20 -1 72 -1
-1 2 20 -1 84 -1
-1 2 20 -1 97 -1
-1 2 20 -1 100 -1
-1 2 20 -1 116 -1
-1 2 20 -1 133 -1
-1 2 20 -1 134 -1
-1 2 20 -1 146 -1
-1 2 20 -1 161 -1
-1 2 20 -1 168 -1
-1 2 20 -1 172 -1
-1 2 20 -1 190 -1
-1 2 21 -1 26 -1
-1 2 21 -1 34 -1
-1 2 21 -1 37 -1
-1 2 21 -1 70 -1
-1 2 21 -1 73 -1
-1 2 21 -1 75 -1
-1 2 21 -1 79 -1
-1 2 21 -1 96 -1
-1 2 21 -1 114 -1
-1 2 21 -1 140 -1
-1 2 21 -1 150 -1
-1 2 21 -1 158 -1
-1 2 21 -1 163 -1
-1 2 21 -1 190 -1
-1 2 22 -1 32 -1
-1 2 22 -1 43 -1
-1 2 22 -1 55 -1
-1 2 22 -1 87 -1
-1 2 22 -1 95 -1
-1 2 22 -1 106 -1
-1 2 22 -1 166 -1
-1 2 22 -1 193 -1
-1 2 23 -1 33 -1
-1 2 23 -1 52 -1
-1 2 23 -1 87 -1
-1 2 23 -1 104 -1
-1 2 23 -1 106 -1
-1 2 23 -1 113 -1
-1 2 23 -1 136 -1
-1 2 23 -1 142 -1
-1 2 23 -1 159 -1
-1 2 23 -1 167 -1
-1 2 23 -1 170 -1
-1 2 23 -1 180 -1
-1 2 24 -1 47 -1
-1 2 24 -1 57 -1
-1 2 24 -1 81 -1
-1 2 24 -1 92 -1
-1 2 24 -1 104 -1
-1 2 24 -1 117 -1
-1 2 24 -1 136 -1
-1 2 24 -1 142 -1
-1 2 24 -1 144 -1
-1 2 24 -1 154 -1
-1 2 24 -1 170 -1
-1 2 24 -1 180 -1
-1 2 25 -1 27 -1
-1 2 25 -1 34 -1
-1 2 25 -1 86 -1
-1 2 25 -1 101 -1
-1 2 25 -1 147 -1
-1 2 25 -1 154 -1
-1 2 25 -1 162 -1
-1 2 26 -1 33 -1
-1 2 26 -1 43 -1
-1 2 26 -1 50 -1
-1 2 26 -1 79 -1
-1 2 26 -1 103 -1
-1 2 26 -1 104 -1
-1 2 26 -1 148 -1
-1 2 26 -1 182 -1
-1 2 26 -1 193 -1
-1 2 27 -1 50 -1
-1 2 27 -1 65 -1
-1 2 27 -1 66 -1
-1 2 27 -1 76 -1
-1 2 27 -1 91 -1
-1 2 27 -1 170 -1
-1 2 27 -1 172 -1
-1 2 27 -1 183 -1
-1 2 28 -1 41 -1
-1 2 28 -1 46 -1
-1 2 28 -1 64 -1
-1 2 28 -1 70 -1
-1 2 28 -1 87 -1
-1 2 28 -1 102 -1
-1 2 28 -1 106 -1
-1 2 28 -1 129 -1
-1 2 28 -1 143 -1
-1 2 28 -1 144 -1
-1 2 28 -1 163 -1
-1 2 28 -1 184 -1
-1 2 28 -1 198 -1
-1 2 29 -1 31 -1
-1 2 29 -1 47 -1
-1 2 29 -1 49 -1
-1 2 29 -1 62 -1
-1 2 29 -1 91 -1
-1 2 29 -1 97 -1
-1 2 29 -1 147 -1
-1 2 29 -1 155 -1
-1 2 29 -1 159 -1
-1 2 29 -1 162 -1
-1 2 29 -1 187 -1
-1 2 30 -1 37 -1
-1 2 30 -1 69 -1
-1 2 30 -1 74 -1
-1 2 30 -1 119 -1
-1 2 30 -1 129 -1
-1 2 30 -1 143 -1
-1 2 30 -1 150 -1
-1 2 30 -1 184 -1
-1 2 30 -1 197 -1
-1 2 31 -1 53 -1
-1 2 31 -1 66 -1
-1 2 31 -1 110 -1
-1 2 31 -1 119 -1
-1 2 31 -1 133 -1
-1 2 31 -1 172 -1
-1 2 31 -1 192 -1
-1 2 31 -1 194 -1
-1 2 31 -1 197 -1
-1 2 32 -1 79 -1
-1 2 32 -1 89 -1
-1 2 32 -1 95 -1
-1 2 32 -1 100 -1
-1 2 32 -1 104 -1
-1 2 32 -1 110 -1
-1 2 32 -1 140 -1
-1 2 32 -1 155 -1
-1 2 32 -1 157 -1
-1 2 32 -1 181 -1
-1 2 32 -1 193 -1
-1 2 32 -1 197 -1
-1 2 33 -1 58 -1
-1 2 33 -1 63 -1
-1 2 33 -1 65 -1
-1 2 33 -1 121 -1
-1 2 33 -1 137 -1
-1 2 33 -1 148 -1
-1 2 33 -1 150 -1
-1 2 33 -1 152 -1
-1 2 33 -1 179 -1
-1 2 33 -1 182 -1
-1 2 33 -1 196 -1
-1 2 34 -1 42 -1
-1 2 34 -1 61 -1
-1 2 34 -1 76 -1
-1 2 34 -1 95 -1
-1 2 34 -1 97 -1
-1 2 34 -1 138 -1
-1 2 34 -1 150 -1
-1 2 34 -1 183 -1
-1 2 35 -1 42 -1
-1 2 35 -1 51 -1
-1 2 35 -1 67 -1
-1 2 35 -1 78 -1
-1 2 35 -1 101 -1
-1 2 35 -1 117 -1
-1 2 35 -1 125 -1
-1 2 35 -1 127 -1
-1 2 35 -1 136 -1
-1 2 35 -1 143 -1
-1 2 35 -1 150 -1
-1 2 35 -1 152 -1
-1 2 35 -1 165 -1
-1 2 35 -1 169 -1
-1 2 35 -1 184 -1
-1 2 36 -1 57 -1
-1 2 36 -1 68 -1
-1 2 36 -1 83 -1
-1 2 36 -1 89 -1
-1 2 36 -1 96 -1
-1 2 36 -1 119 -1
-1 2 36 -1 174 -1
-1 2 36 -1 179 -1
-1 2 36 -1 183 -1
-1 2 36 -1 193 -1
-1 2 37 -1 61 -1
-1 2 37 -1 70 -1
-1 2 37 -1 97 -1
-1 2 37 -1 106 -1
-1 2 37 -1 118 -1
-1 2 37 -1 126 -1
-1 2 37 -1 130 -1
-1 2 37 -1 159 -1
-1 2 37 -1 198 -1
-1 2 38 -1 77 -1
-1 2 38 -1 84 -1
-1 2 38 -1 92 -1
-1 2 38 -1 117 -1
-1 2 38 -1 127 -1
-1 2 38 -1 132 -1
-1 2 38 -1 156 -1
-1 2 38 -1 168 -1
-1 2 39 -1 48 -1
-1 2 39 -1 80 -1
-1 2 39 -1 96 -1
-1 2 39 -1 121 -1
-1 2 39 -1 134 -1
-1 2 39 -1 135 -1
-1 2 39 -1 152 -1
-1 2 39 -1 157 -1
-1 2 39 -1 170 -1
-1 2 39 -1 174 -1
-1 2 39 -1 195 -1
-1 2 40 -1 47 -1
-1 2 40 -1 50 -1
-1 2 40 -1 51 -1
-1 2 40 -1 79 -1
-1 2 40 -1 92 -1
-1 2 40 -1 133 -1
-1 2 40 -1 140 -1
-1 2 40 -1 146 -1
-1 2 40 -1 156 -1
-1 2 40 -1 163 -1
-1 2 40 -1 178 -1
-1 2 40 -1 184 -1
-1 2 40 -1 186 -1
-1 2 40 -1 189 -1
-1 2 41 -1 50 -1
-1 2 41 -1 74 -1
-1 2 41 -1 83 -1
-1 2 41 -1 87 -1
-1 2 41 -1 90 -1
-1 2 41 -1 92 -1
-1 2 41 -1 114 -1
-1 2 41 -1 116 -1
-1 2 41 -1 125 -1
-1 2 41 -1 142 -1
-1 2 41 -1 147 -1
-1 2 41 -1 164 -1
-1 2 41 -1 171 -1
-1 2 42 -1 52 -1
-1 2 42 -1 53 -1
-1 2 42 -1 90 -1
-1 2 42 -1 101 -1
-1 2 42 -1 110 -1
-1 2 42 -1 117 -1
-1 2 42 -1 134 -1
-1 2 42 -1 164 -1
-1 2 42 -1 172 -1
-1 2 42 -1 184 -1
-1 2 42 -1 188 -1
-1 2 42 -1 191 -1
-1 2 42 -1 192 -1
-1 2 43 -1 50 -1
-1 2 43 -1 63 -1
-1 2 43 -1 65 -1
-1 2 43 -1 89 -1
-1 2 43 -1 94 -1
-1 2 43 -1 172 -1
-1 2 43 -1 180 -1
-1 2 43 -1 192 -1
-1 2 43 -1 199 -1
-1 2 44 -1 51 -1
-1 2 44 -1 55 -1
-1 2 44 -1 62 -1
-1 2 44 -1 80 -1
-1 2 44 -1 100 -1
-1 2 44 -1 112 -1
-1 2 44 -1 128 -1
-1 2 44 -1 155 -1
-1 2 44 -1 168 -1
-1 2 44 -1 176 -1
-1 2 45 -1 47 -1
-1 2 45 -1 68 -1
-1 2 45 -1 97 -1
-1 2 45 -1 115 -1
-1 2 45 -1 121 -1
-1 2 45 -1 134 -1
-1 2 45 -1 148 -1
-1 2 45 -1 178 -1
-1 2 45 -1 185 -1
-1 2 45 -1 188 -1
-1 2 46 -1 63 -1
-1 2 46 -1 65 -1
-1 2 46 -1 78 -1
-1 2 46 -1 82 -1
-1 2 46 -1 112 -1
-1 2 46 -1 113 -1
-1 2 46 -1 119 -1
-1 2 46 -1 124 -1
-1 2 46 -1 128 -1
-1 2 46 -1 148 -1
-1 2 46 -1 152 -1
-1 2 46 -1 160 -1
-1 2 46 -1 163 -1
-1 2 46 -1 167 -1
-1 2 46 -1 169 -1
-1 2 46 -1 179 -1
-1 2 46 -1 189 -1
-1 2 47 -1 57 -1
-1 2 47 -1 71 -1
-1 2 47 -1 74 -1
-1 2 47 -1 92 -1
-1 2 47 -1 116 -1
-1 2 47 -1 130 -1
-1 2 47 -1 141 -1
-1 2 47 -1 157 -1
-1 2 47 -1 168 -1
-1 2 47 -1 174 -1
-1 2 48 -1 57 -1
-1 2 48 -1 61 -1
-1 2 48 -1 123 -1
-1 2 48 -1 189 -1
-1 2 49 -1 70 -1
-1 2 49 -1 74 -1
-1 2 49 -1 75 -1
-1 2 49 -1 84 -1
-1 2 49 -1 91 -1
-1 2 49 -1 99 -1
-1 2 49 -1 109 -1
-1 2 49 -1 117 -1
-1 2 49 -1 121 -1
-1 2 49 -1 147 -1
-1 2 49 -1 167 -1
-1 2 49 -1 168 -1
-1 2 49 -1 171 -1
-1 2 49 -1 178 -1
-1 2 49 -1 181 -1
-1 2 49 -1 183 -1
-1 2 49 -1 199 -1
-1 2 50 -1 78 -1
-1 2 50 -1 84 -1
-1 2 50 -1 86 -1
-1 2 50 -1 94 -1
-1 2 50 -1 119 -1
-1 2 50 -1 134 -1
-1 2 50 -1 140 -1
-1 2 50 -1 160 -1
-1 2 50 -1 171 -1
-1 2 50 -1 193 -1
-1 2 51 -1 73 -1
-1 2 51 -1 83 -1
-1 2 51 -1 91 -1
-1 2 51 -1 92 -1
-1 2 51 -1 113 -1
-1 2 51 -1 122 -1
-1 2 51 -1 129 -1
-1 2 51 -1 146 -1
-1 2 51 -1 161 -1
-1 2 51 -1 176 -1
-1 2 51 -1 179 -1
-1 2 51 -1 186 -1
-1 2 51 -1 193 -1
-1 2 52 -1 68 -1
-1 2 52 -1 70 -1
-1 2 52 -1 120 -1
-1 2 52 -1 127 -1
-1 2 52 -1 128 -1
-1 2 52 -1 142 -1
-1 2 52 -1 161 -1
-1 2 52 -1 162 -1
-1 2 53 -1 59 -1
-1 2 53 -1 69 -1
-1 2 53 -1 89 -1
-1 2 53 -1 99 -1
-1 2 53 -1 117 -1
-1 2 53 -1 141 -1
-1 2 53 -1 168 -1
-1 2 53 -1 169 -1
-1 2 53 -1 172 -1
-1 2 54 -1 82 -1
-1 2 54 -1 84 -1
-1 2 54 -1 94 -1
-1 2 54 -1 105 -1
-1 2 54 -1 108 -1
-1 2 54 -1 111 -1
-1 2 54 -1 113 -1
-1 2 54 -1 142 -1
-1 2 54 -1 149 -1
-1 2 54 -1 185 -1
-1 2 54 -1 189 -1
-1 2 55 -1 65 -1
-1 2 55 -1 85 -1
-1 2 55 -1 91 -1
-1 2 55 -1 114 -1
-1 2 55 -1 124 -1
-1 2 55 -1 159 -1
-1 2 55 -1 166 -1
-1 2 55 -1 169 -1
-1 2 55 -1 180 -1
-1 2 56 -1 61 -1
-1 2 56 -1 63 -1
-1 2 56 -1 67 -1
-1 2 56 -1 71 -1
-1 2 56 -1 83 -1
-1 2 56 -1 87 -1
-1 2 56 -1 89 -1
-1 2 56 -1 124 -1
-1 2 56 -1 134 -1
-1 2 56 -1 135 -1
-1 2 56 -1 145 -1
-1 2 56 -1 178 -1
-1 2 56 -1 180 -1
-1 2 56 -1 181 -1
-1 2 56 -1 185 -1
-1 2 56 -1 193 -1
-1 2 57 -1 85 -1
-1 2 57 -1 122 -1
-1 2 57 -1 125 -1
-1 2 57 -1 141 -1
-1 2 57 -1 150 -1
-1 2 57 -1 180 -1
-1 2 57 -1 181 -1
-1 2 57 -1 185 -1
-1 2 57 -1 189 -1
-1 2 58 -1 62 -1
-1 2 58 -1 66 -1
-1 2 58 -1 76 -1
-1 2 58 -1 81 -1
-1 2 58 -1 86 -1
-1 2 58 -1 94 -1
-1 2 58 -1 132 -1
-1 2 58 -1 150 -1
-1 2 58 -1 156 -1
-1 2 58 -1 168 -1
-1 2 58 -1 170 -1
-1 2 58 -1 195 -1
-1 2 59 -1 60 -1
-1 2 59 -1 62 -1
-1 2 59 -1 71 -1
-1 2 59 -1 74 -1
-1 2 59 -1 108 -1
-1 2 59 -1 151 -1
-1 2 59 -1 154 -1
-1 2 59 -1 157 -1
-1 2 59 -1 164 -1
-1 2 59 -1 178 -1
-1 2 59 -1 181 -1
-1 2 60 -1 70 -1
-1 2 60 -1 73 -1
-1 2 60 -1 97 -1
-1 2 60 -1 99 -1
-1 2 60 -1 154 -1
-1 2 60 -1 164 -1
-1 2 60 -1 169 -1
-1 2 60 -1 178 -1
-1 2 60 -1 182 -1
-1 2 61 -1 98 -1
-1 2 61 -1 111 -1
-1 2 61 -1 116 -1
-1 2 61 -1 139 -1
-1 2 61 -1 165 -1
-1 2 61 -1 174 -1
-1 2 62 -1 105 -1
-1 2 62 -1 119 -1
-1 2 62 -1 125 -1
-1 2 62 -1 168 -1
-1 2 62 -1 175 -1
-1 2 62 -1 190 -1
-1 2 62 -1 195 -1
-1 2 63 -1 82 -1
-1 2 63 -1 88 -1
-1 2 63 -1 102 -1
-1 2 63 -1 116 -1
-1 2 63 -1 122 -1
-1 2 63 -1 124 -1
-1 2 63 -1 125 -1
-1 2 63 -1 141 -1
-1 2 63 -1 157 -1
-1 2 63 -1 167 -1
-1 2 63 -1 191 -1
-1 2 63 -1 192 -1
-1 2 64 -1 88 -1
-1 2 64 -1 103 -1
-1 2 64 -1 106 -1
-1 2 64 -1 132 -1
-1 2 64 -1 150 -1
-1 2 64 -1 161 -1
-1 2 64 -1 186 -1
-1 2 64 -1 199 -1
-1 2 65 -1 90 -1
-1 2 65 -1 131 -1
-1 2 65 -1 139 -1
-1 2 65 -1 156 -1
-1 2 65 -1 169 -1
-1 2 65 -1 172 -1
-1 2 66 -1 68 -1
-1 2 66 -1 83 -1
-1 2 66 -1 102 -1
-1 2 66 -1 105 -1
-1 2 66 -1 120 -1
-1 2 66 -1 127 -1
-1 2 66 -1 143 -1
-1 2 66 -1 152 -1
-1 2 66 -1 191 -1
-1 2 67 -1 72 -1
-1 2 67 -1 150 -1
-1 2 67 -1 187 -1
-1 2 68 -1 78 -1
-1 2 68 -1 87 -1
-1 2 68 -1 88 -1
-1 2 68 -1 110 -1
-1 2 68 -1 111 -1
-1 2 68 -1 115 -1
-1 2 68 -1 116 -1
-1 2 68 -1 120 -1
-1 2 68 -1 134 -1
-1 2 68 -1 145 -1
-1 2 68 -1 179 -1
-1 2 68 -1 183 -1
-1 2 68 -1 184 -1
-1 2 68 -1 193 -1
-1 2 69 -1 92 -1
-1 2 69 -1 112 -1
-1 2 69 -1 115 -1
-1 2 69 -1 117 -1
-1 2 69 -1 135 -1
-1 2 69 -1 199 -1
-1 2 70 -1 138 -1
-1 2 70 -1 169 -1
-1 2 70 -1 172 -1
-1 2 70 -1 183 -1
-1 2 71 -1 73 -1
-1 2 71 -1 78 -1
-1 2 71 -1 100 -1
-1 2 71 -1 101 -1
-1 2 71 -1 121 -1
-1 2 71 -1 127 -1
-1 2 71 -1 153 -1
-1 2 71 -1 173 -1
-1 2 71 -1 191 -1
-1 2 72 -1 78 -1
-1 2 72 -1 79 -1
-1 2 72 -1 80 -1
-1 2 72 -1 92 -1
-1 2 72 -1 105 -1
-1 2 72 -1 118 -1
-1 2 72 -1 138 -1
-1 2 72 -1 167 -1
-1 2 72 -1 174 -1
-1 2 72 -1 176 -1
-1 2 72 -1 184 -1
-1 2 73 -1 78 -1
-1 2 73 -1 95 -1
-1 2 73 -1 96 -1
-1 2 73 -1 110 -1
-1 2 73 -1 117 -1
-1 2 73 -1 120 -1
-1 2 73 -1 122 -1
-1 2 73 -1 131 -1
-1 2 73 -1 134 -1
-1 2 73 -1 151 -1
-1 2 73 -1 176 -1
-1 2 73 -1 179 -1
-1 2 73 -1 198 -1
-1 2 74 -1 129 -1
-1 2 74 -1 171 -1
-1 2 74 -1 177 -1
-1 2 74 -1 184 -1
-1 2 75 -1 159 -1
-1 2 75 -1 166 -1
-1 2 75 -1 178 -1
-1 2 76 -1 87 -1
-1 2 76 -1 103 -1
-1 2 76 -1 109 -1
-1 2 76 -1 138 -1
-1 2 76 -1 141 -1
-1 2 76 -1 151 -1
-1 2 76 -1 175 -1
-1 2 76 -1 188 -1
-1 2 77 -1 78 -1
-1 2 77 -1 90 -1
-1 2 77 -1 132 -1
-1 2 77 -1 140 -1
-1 2 77 -1 143 -1
-1 2 77 -1 150 -1
-1 2 77 -1 157 -1
-1 2 77 -1 182 -1
-1 2 77 -1 183 -1
-1 2 77 -1 198 -1
-1 2 78 -1 80 -1
-1 2 78 -1 84 -1
-1 2 78 -1 95 -1
-1 2 78 -1 100 -1
-1 2 78 -1 108 -1
-1 2 78 -1 109 -1
-1 2 78 -1 110 -1
-1 2 78 -1 118 -1
-1 2 78 -1 122 -1
-1 2 78 -1 182 -1
-1 2 78 -1 191 -1
-1 2 79 -1 94 -1
-1 2 79 -1 98 -1
-1 2 79 -1 102 -1
-1 2 79 -1 103 -1
-1 2 79 -1 105 -1
-1 2 79 -1 130 -1
-1 2 79 -1 141 -1
-1 2 79 -1 155 -1
-1 2 79 -1 173 -1
-1 2 79 -1 175 -1
-1 2 79 -1 186 -1
-1 2 79 -1 192 -1
-1 2 79 -1 195 -1
-1 2 79 -1 196 -1
-1 2 80 -1 101 -1
-1 2 80 -1 129 -1
-1 2 80 -1 132 -1
-1 2 80 -1 142 -1
-1 2 80 -1 167 -1
-1 2 80 -1 170 -1
-1 2 80 -1 174 -1
-1 2 80 -1 181 -1
-1 2 81 -1 103 -1
-1 2 81 -1 117 -1
-1 2 81 -1 134 -1
-1 2 81 -1 137 -1
-1 2 81 -1 164 -1
-1 2 81 -1 165 -1
-1 2 81 -1 179 -1
-1 2 81 -1 180 -1
-1 2 81 -1 183 -1
-1 2 82 -1 87 -1
-1 2 82 -1 104 -1
-1 2 82 -1 115 -1
-1 2 82 -1 116 -1
-1 2 82 -1 117 -1
-1 2 82 -1 129 -1
-1 2 82 -1 130 -1
-1 2 82 -1 141 -1
-1 2 82 -1 142 -1
-1 2 82 -1 156 -1
-1 2 82 -1 158 -1
-1 2 82 -1 178 -1
-1 2 82 -1 183 -1
-1 2 82 -1 191 -1
-1 2 83 -1 100 -1
-1 2 83 -1 161 -1
-1 2 83 -1 199 -1
-1 2 84 -1 94 -1
-1 2 84 -1 95 -1
-1 2 84 -1 134 -1
-1 2 84 -1 138 -1
-1 2 84 -1 154 -1
-1 2 84 -1 198 -1
-1 2 85 -1 93 -1
-1 2 85 -1 112 -1
-1 2 85 -1 145 -1
-1 2 85 -1 149 -1
-1 2 85 -1 169 -1
-1 2 85 -1 175 -1
-1 2 85 -1 182 -1
-1 2 86 -1 98 -1
-1 2 86 -1 110 -1
-1 2 86 -1 122 -1
-1 2 86 -1 123 -1
-1 2 86 -1 131 -1
-1 2 86 -1 155 -1
-1 2 86 -1 160 -1
-1 2 87 -1 90 -1
-1 2 87 -1 99 -1
-1 2 87 -1 106 -1
-1 2 87 -1 108 -1
-1 2 87 -1 111 -1
-1 2 87 -1 118 -1
-1 2 87 -1 121 -1
-1 2 87 -1 123 -1
-1 2 87 -1 152 -1
-1 2 87 -1 168 -1
-1 2 87 -1 179 -1
-1 2 87 -1 190 -1
-1 2 88 -1 89 -1
-1 2 88 -1 100 -1
-1 2 88 -1 113 -1
-1 2 88 -1 118 -1
-1 2 88 -1 127 -1
-1 2 88 -1 143 -1
-1 2 88 -1 148 -1
-1 2 88 -1 159 -1
-1 2 88 -1 162 -1
-1 2 88 -1 168 -1
-1 2 88 -1 193 -1
-1 2 89 -1 98 -1
-1 2 89 -1 110 -1
-1 2 89 -1 113 -1
-1 2 89 -1 116 -1
-1 2 89 -1 118 -1
-1 2 89 -1 133 -1
-1 2 89 -1 164 -1
-1 2 90 -1 96 -1
-1 2 90 -1 128 -1
-1 2 90 -1 159 -1
-1 2 90 -1 161 -1
-1 2 91 -1 103 -1
-1 2 91 -1 105 -1
-1 2 91 -1 112 -1
-1 2 91 -1 120 -1
-1 2 91 -1 132 -1
-1 2 91 -1 136 -1
-1 2 91 -1 140 -1
-1 2 91 -1 156 -1
-1 2 92 -1 125 -1
-1 2 92 -1 126 -1
-1 2 92 -1 131 -1
-1 2 92 -1 151 -1
-1 2 92 -1 163 -1
-1 2 92 -1 190 -1
-1 2 92 -1 199 -1
-1 2 93 -1 100 -1
-1 2 93 -1 110 -1
-1 2 93 -1 150 -1
-1 2 93 -1 156 -1
-1 2 93 -1 181 -1
-1 2 93 -1 186 -1
-1 2 93 -1 190 -1
-1 2 94 -1 113 -1
-1 2 94 -1 134 -1
-1 2 94 -1 152 -1
-1 2 94 -1 162 -1
-1 2 95 -1 114 -1
-1 2 95 -1 137 -1
-1 2 95 -1 144 -1
-1 2 95 -1 148 -1
-1 2 95 -1 196 -1
-1 2 95 -1 198 -1
-1 2 96 -1 115 -1
-1 2 96 -1 120 -1
-1 2 96 -1 153 -1
-1 2 96 -1 162 -1
-1 2 97 -1 103 -1
-1 2 97 -1 115 -1
-1 2 97 -1 117 -1
-1 2 97 -1 127 -1
-1 2 97 -1 153 -1
-1 2 97 -1 179 -1
-1 2 98 -1 103 -1
-1 2 98 -1 108 -1
-1 2 98 -1 118 -1
-1 2 98 -1 187 -1
-1 2 98 -1 190 -1
-1 2 98 -1 191 -1
-1 2 98 -1 194 -1
-1 2 99 -1 108 -1
-1 2 99 -1 135 -1
-1 2 99 -1 140 -1
-1 2 99 -1 184 -1
-1 2 100 -1 142 -1
-1 2 100 -1 155 -1
-1 2 100 -1 156 -1
-1 2 100 -1 157 -1
-1 2 100 -1 165 -1
-1 2 100 -1 175 -1
-1 2 100 -1 179 -1
-1 2 100 -1 181 -1
-1 2 101 -1 120 -1
-1 2 101 -1 129 -1
-1 2 101 -1 130 -1
-1 2 101 -1 137 -1
-1 2 101 -1 145 -1
-1 2 101 -1 147 -1
-1 2 101 -1 150 -1
-1 2 101 -1 155 -1
-1 2 101 -1 160 -1
-1 2 101 -1 169 -1
-1 2 101 -1 170 -1
-1 2 101 -1 181 -1
-1 2 101 -1 188 -1
-1 2 101 -1 191 -1
-1 2 101 -1 194 -1
-1 2 101 -1 198 -1
-1 2 102 -1 105 -1
-1 2 102 -1 114 -1
-1 2 102 -1 118 -1
-1 2 102 -1 128 -1
-1 2 102 -1 141 -1
-1 2 102 -1 145 -1
-1 2 102 -1 155 -1
-1 2 102 -1 157 -1
-1 2 102 -1 159 -1
-1 2 102 -1 162 -1
-1 2 102 -1 181 -1
-1 2 102 -1 182 -1
-1 2 102 -1 195 -1
-1 2 103 -1 106 -1
-1 2 103 -1 126 -1
-1 2 103 -1 136 -1
-1 2 103 -1 161 -1
-1 2 103 -1 185 -1
-1 2 104 -1 138 -1
-1 2 104 -1 141 -1
-1 2 104 -1 163 -1
-1 2 104 -1 197 -1
-1 2 105 -1 111 -1
-1 2 105 -1 118 -1
-1 2 105 -1 128 -1
-1 2 105 -1 130 -1
-1 2 105 -1 134 -1
-1 2 105 -1 153 -1
-1 2 105 -1 173 -1
-1 2 105 -1 184 -1
-1 2 106 -1 137 -1
-1 2 106 -1 160 -1
-1 2 106 -1 188 -1
-1 2 107 -1 143 -1
-1 2 107 -1 145 -1
-1 2 107 -1 164 -1
-1 2 107 -1 181 -1
-1 2 107 -1 183 -1
-1 2 107 -1 196 -1
-1 2 108 -1 115 -1
-1 2 108 -1 123 -1
-1 2 108 -1 124 -1
-1 2 108 -1 139 -1
-1 2 108 -1 144 -1
-1 2 108 -1 164 -1
-1 2 108 -1 176 -1
-1 2 109 -1 137 -1
-1 2 109 -1 146 -1
-1 2 109 -1 155 -1
-1 2 109 -1 177 -1
-1 2 110 -1 111 -1
-1 2 110 -1 134 -1
-1 2 110 -1 135 -1
-1 2 110 -1 143 -1
-1 2 110 -1 159 -1
-1 2 110 -1 162 -1
-1 2 110 -1 167 -1
-1 2 110 -1 186 -1
-1 2 111 -1 125 -1
-1 2 111 -1 133 -1
-1 2 111 -1 134 -1
-1 2 111 -1 155 -1
-1 2 111 -1 159 -1
-1 2 111 -1 161 -1
-1 2 111 -1 197 -1
-1 2 112 -1 119 -1
-1 2 112 -1 120 -1
-1 2 112 -1 125 -1
-1 2 112 -1 130 -1
-1 2 112 -1 144 -1
-1 2 112 -1 147 -1
-1 2 112 -1 149 -1
-1 2 112 -1 151 -1
-1 2 112 -1 152 -1
-1 2 112 -1 153 -1
-1 2 113 -1 115 -1
-1 2 113 -1 122 -1
-1 2 113 -1 132 -1
-1 2 113 -1 141 -1
-1 2 113 -1 157 -1
-1 2 113 -1 183 -1
-1 2 114 -1 121 -1
-1 2 114 -1 131 -1
-1 2 114 -1 174 -1
-1 2 115 -1 129 -1
-1 2 115 -1 154 -1
-1 2 115 -1 164 -1
-1 2 115 -1 168 -1
-1 2 115 -1 194 -1
-1 2 116 -1 117 -1
-1 2 116 -1 176 -1
-1 2 116 -1 196 -1
-1 2 116 -1 197 -1
-1 2 117 -1 131 -1
-1 2 117 -1 151 -1
-1 2 117 -1 169 -1
-1 2 117 -1 176 -1
-1 2 117 -1 187 -1
-1 2 117 -1 188 -1
-1 2 117 -1 199 -1
-1 2 118 -1 122 -1
-1 2 118 -1 127 -1
-1 2 118 -1 131 -1
-1 2 118 -1 163 -1
-1 2 118 -1 165 -1
-1 2 118 -1 175 -1
-1 2 118 -1 189 -1
-1 2 119 -1 139 -1
-1 2 119 -1 156 -1
-1 2 119 -1 171 -1
-1 2 119 -1 174 -1
-1 2 119 -1 178 -1
-1 2 119 -1 181 -1
-1 2 120 -1 174 -1
-1 2 120 -1 176 -1
-1 2 120 -1 182 -1
-1 2 120 -1 183 -1
-1 2 121 -1 122 -1
-1 2 121 -1 133 -1
-1 2 121 -1 147 -1
-1 2 121 -1 152 -1
-1 2 121 -1 158 -1
-1 2 121 -1 161 -1
-1 2 122 -1 127 -1
-1 2 122 -1 143 -1
-1 2 122 -1 148 -1
-1 2 122 -1 172 -1
-1 2 122 -1 173 -1
-1 2 122 -1 184 -1
-1 2 122 -1 186 -1
-1 2 123 -1 131 -1
-1 2 123 -1 137 -1
-1 2 123 -1 144 -1
-1 2 123 -1 145 -1
-1 2 123 -1 190 -1
-1 2 123 -1 197 -1
-1 2 124 -1 147 -1
-1 2 124 -1 157 -1
-1 2 125 -1 190 -1
-1 2 126 -1 127 -1
-1 2 126 -1 129 -1
-1 2 126 -1 163 -1
-1 2 126 -1 189 -1
-1 2 126 -1 191 -1
-1 2 126 -1 194 -1
-1 2 126 -1 197 -1
-1 2 127 -1 133 -1
-1 2 127 -1 136 -1
-1 2 127 -1 167 -1
-1 2 127 -1 186 -1
-1 2 129 -1 140 -1
-1 2 129 -1 177 -1
-1 2 129 -1 184 -1
-1 2 130 -1 155 -1
-1 2 130 -1 192 -1
-1 2 130 -1 197 -1
-1 2 131 -1 149 -1
-1 2 131 -1 154 -1
-1 2 131 -1 175 -1
-1 2 131 -1 183 -1
-1 2 132 -1 142 -1
-1 2 132 -1 149 -1
-1 2 133 -1 134 -1
-1 2 133 -1 139 -1
-1 2 133 -1 154 -1
-1 2 133 -1 177 -1
-1 2 133 -1 181 -1
-1 2 133 -1 185 -1
-1 2 133 -1 186 -1
-1 2 133 -1 187 -1
-1 2 134 -1 155 -1
-1 2 134 -1 164 -1
-1 2 134 -1 166 -1
-1 2 134 -1 185 -1
-1 2 134 -1 193 -1
-1 2 135 -1 137 -1
-1 2 135 -1 159 -1
-1 2 135 -1 166 -1
-1 2 135 -1 188 -1
-1 2 135 -1 195 -1
-1 2 136 -1 137 -1
-1 2 136 -1 156 -1
-1 2 136 -1 172 -1
-1 2 136 -1 182 -1
-1 2 136 -1 195 -1
-1 2 137 -1 158 -1
-1 2 137 -1 184 -1
-1 2 138 -1 175 -1
-1 2 138 -1 177 -1
-1 2 138 -1 190 -1
-1 2 138 -1 193 -1
-1 2 139 -1 148 -1
-1 2 139 -1 156 -1
-1 2 139 -1 177 -1
-1 2 140 -1 149 -1
-1 2 140 -1 160 -1
-1 2 140 -1 181 -1
-1 2 140 -1 182 -1
-1 2 141 -1 175 -1
-1 2 141 -1 178 -1
-1 2 142 -1 146 -1
-1 2 142 -1 168 -1
-1 2 142 -1 187 -1
-1 2 142 -1 189 -1
-1 2 142 -1 193 -1
-1 2 142 -1 194 -1
-1 2 143 -1 147 -1
-1 2 143 -1 166 -1
-1 2 143 -1 184 -1
-1 2 143 -1 197 -1
-1 2 144 -1 175 -1
-1 2 144 -1 190 -1
-1 2 144 -1 196 -1
-1 2 144 -1 199 -1
-1 2 145 -1 154 -1
-1 2 145 -1 168 -1
-1 2 145 -1 179 -1
-1 2 145 -1 197 -1
-1 2 146 -1 153 -1
-1 2 146 -1 155 -1
-1 2 146 -1 162 -1
-1 2 146 -1 177 -1
-1 2 146 -1 185 -1
-1 2 146 -1 195 -1
-1 2 147 -1 151 -1
-1 2 147 -1 155 -1
-1 2 147 -1 161 -1
-1 2 147 -1 180 -1
-1 2 147 -1 193 -1
-1 2 147 -1 194 -1
-1 2 148 -1 154 -1
-1 2 148 -1 160 -1
-1 2 148 -1 164 -1
-1 2 148 -1 189 -1
-1 2 148 -1 191 -1
-1 2 149 -1 186 -1
-1 2 149 -1 187 -1
-1 2 151 -1 158 -1
-1 2 151 -1 165 -1
-1 2 151 -1 170 -1
-1 2 151 -1 181 -1
-1 2 152 -1 157 -1
-1 2 152 -1 160 -1
-1 2 152 -1 164 -1
-1 2 152 -1 192 -1
-1 2 152 -1 194 -1
-1 2 152 -1 196 -1
-1 2 153 -1 170 -1
-1 2 153 -1 171 -1
-1 2 153 -1 173 -1
-1 2 153 -1 180 -1
-1 2 154 -1 171 -1
-1 2 155 -1 158 -1
-1 2 155 -1 167 -1
-1 2 156 -1 173 -1
-1 2 157 -1 165 -1
-1 2 157 -1 168 -1
-1 2 157 -1 172 -1
-1 2 157 -1 188 -1
-1 2 157 -1 199 -1
-1 2 158 -1 168 -1
-1 2 158 -1 198 -1
-1 2 159 -1 180 -1
-1 2 160 -1 168 -1
-1 2 160 -1 197 -1
-1 2 160 -1 198 -1
-1 2 162 -1 173 -1
-1 2 163 -1 182 -1
-1 2 164 -1 171 -1
-1 2 164 -1 183 -1
-1 2 165 -1 171 -1
-1 2 165 -1 195 -1
-1 2 165 -1 198 -1
-1 2 166 -1 190 -1
-1 2 166 -1 193 -1
-1 2 167 -1 193 -1
-1 2 169 -1 190 -1
-1 2 170 -1 180 -1
-1 2 170 -1 185 -1
-1 2 170 -1 188 -1
-1 2 170 -1 197 -1
-1 2 171 -1 176 -1
-1 2 171 -1 180 -1
-1 2 171 -1 190 -1
-1 2 171 -1 196 -1
-1 2 171 -1 199 -1
-1 2 172 -1 179 -1
-1 2 172 -1 182 -1
-1 2 173 -1 178 -1
-1 2 174 -1 176 -1
-1 2 175 -1 176 -1
-1 2 175 -1 187 -1
-1 2 176 -1 186 -1
-1 2 176 -1 191 -1
-1 2 177 -1 185 -1
-1 2 178 -1 195 -1
-1 2 179 -1 182 -1
-1 2 179 -1 188 -1
-1 2 179 -1 191 -1
-1 2 179 -1 192 -1
-1 2 181 -1 193 -1
-1 2 181 -1 199 -1
-1 2 182 -1 190 -1
-1 2 182 -1 195 -1
-1 2 183 -1 184 -1
-1 2 184 -1 198 -1
-1 2 185 -1 195 -1
-1 2 186 -1 197 -1
-1 2 189 -1 192 -1
-1 2 189 -1 198 -1
-1 2 192 -1 195 -1
-1 2 198 -1 199 -1
incumbent 1
1 0 0 0 0 1 0 1 0 0 0 0 0 0 1 0 0 0 1 0 1 0 0 0 0 0 0 0 0 0 1 1 0 1 1 0 0 0 1 0 0 0 0 1 1 0 1 0 0 0 0 0 0 0 0 0 0 0 0 0 0 0 0 0 0 0 0 1 1 0 1 0 0 0 0 0 0 0 0 0 0 0 0 1 0 1 1 0 0 0 1 0 0 0 0 0 0 0 0 0 0 0 0 0 1 0 1 0 0 1 0 0 0 0 1 0 0 0 1 0 0 0 0 0 0 1 0 0 0 0 1 0 0 0 0 1 0 0 0 1 1 0 1 0 1 0 0 1 0 0 0 0 0 1 1 0 0 1 0 0 0 0 1 0 1 0 0 0 0 0 0 0 0 0 0 0 0 0 1 0 0 0 0 0 0 1 1 0 0 0 0 0 0 0 0 0 0 0 1 0
