180 56
17 22 15 12 17 25 11 24 25 11 16 24 18 7 10 29 5 17 19 29 17 2 30 11 10 10 4 11 18 4 7 14 13 1 17 16 28 23 5 8 16 4 27 30 2 8 7 18 7 29 18 5 10 27 4 21 11 22 1 20 2 23 9 8 9 5 18 10 27 26 21 1 22 6 10 22 11 19 6 8 26 14 18 22 21 14 5 19 1 3 5 14 23 21 5 21 28 11 22 30 27 14 24 20 18 5 1 5 20 24 17 26 21 26 9 26 11 8 23 3 29 13 6 29 18 18 14 15 13 16 25 11 8 1 18 19 17 25 6 9 21 24 8 7 14 7 17 20 23 16 28 10 10 6 17 16 2 4 29 21 27 9 11 15 19 21 27 28 17 20 20 25 29 13 20 11 22 24 19 1
3 43 5 1 8 1 9 1 13 1 15 1 21 1 23 1 26 1 29 1 45 1 50 1 53 1 55 1 56 1 57 1 63 1 69 1 73 1 74 1 75 1 76 1 86 1 88 1 92 1 93 1 96 1 103 1 106 1 109 1 116 1 124 1 126 1 130 1 140 1 142 1 152 1 153 1 156 1 161 1 163 1 166 1 167 1 169 1
3 45 6 1 7 1 10 1 11 1 13 1 15 1 19 1 20 1 21 1 23 1 33 1 43 1 50 1 60 1 61 1 66 1 70 1 75 1 81 1 82 1 86 1 89 1 95 1 103 1 105 1 107 1 108 1 112 1 115 1 119 1 121 1 127 1 128 1 136 1 144 1 145 1 148 1 151 1 153 1 155 1 157 1 158 1 162 1 176 1 179 1
3 45 2 1 4 1 5 1 11 1 12 1 13 1 18 1 22 1 25 1 27 1 30 1 32 1 41 1 43 1 44 1 57 1 64 1 68 1 87 1 88 1 92 1 93 1 101 1 112 1 114 1 116 1 118 1 119 1 130 1 131 1 133 1 134 1 137 1 138 1 141 1 142 1 146 1 149 1 155 1 161 1 164 1 168 1 169 1 173 1 178 1
3 46 1 1 3 1 8 1 16 1 18 1 21 1 26 1 29 1 37 1 39 1 40 1 43 1 44 1 46 1 50 1 52 1 54 1 76 1 87 1 96 1 98 1 100 1 104 1 105 1 106 1 107 1 109 1 111 1 112 1 114 1 118 1 125 1 127 1 131 1 132 1 134 1 137 1 138 1 151 1 154 1 155 1 158 1 161 1 163 1 165 1 172 1
3 50 0 1 3 1 4 1 5 1 6 1 12 1 14 1 19 1 20 1 22 1 24 1 27 1 28 1 31 1 41 1 46 1 54 1 55 1 61 1 63 1 66 1 75 1 78 1 84 1 95 1 96 1 97 1 101 1 104 1 106 1 107 1 114 1 118 1 121 1 125 1 127 1 131 1 133 1 137 1 142 1 144 1 148 1 149 1 154 1 161 1 162 1 166 1 168 1 172 1 175 1
3 49 0 1 4 1 17 1 18 1 21 1 26 1 28 1 35 1 36 1 39 1 44 1 50 1 53 1 59 1 60 1 66 1 71 1 72 1 81 1 83 1 89 1 93 1 96 1 102 1 103 1 104 1 106 1 107 1 109 1 111 1 112 1 114 1 115 1 117 1 120 1 122 1 123 1 126 1 127 1 133 1 134 1 136 1 137 1 140 1 142 1 155 1 157 1 164 1 165 1
3 47 1 1 2 1 3 1 4 1 7 1 8 1 12 1 14 1 16 1 26 1 28 1 29 1 34 1 41 1 43 1 62 1 69 1 75 1 77 1 78 1 86 1 87 1 90 1 109 1 115 1 116 1 126 1 127 1 131 1 132 1 133 1 136 1 137 1 139 1 141 1 143 1 145 1 149 1 157 1 158 1 159 1 167 1 168 1 170 1 175 1 176 1 178 1
3 46 5 1 10 1 12 1 13 1 15 1 16 1 19 1 23 1 27 1 41 1 47 1 51 1 52 1 56 1 58 1 61 1 64 1 65 1 69 1 70 1 72 1 80 1 88 1 89 1 93 1 95 1 98 1 99 1 104 1 105 1 110 1 112 1 119 1 134 1 138 1 145 1 147 1 148 1 153 1 162 1 164 1 167 1 168 1 171 1 173 1 175 1
3 54 0 1 3 1 5 1 7 1 9 1 15 1 17 1 20 1 21 1 23 1 26 1 29 1 37 1 39 1 42 1 45 1 54 1 63 1 68 1 70 1 79 1 82 1 83 1 85 1 86 1 91 1 96 1 101 1 104 1 106 1 115 1 116 1 121 1 122 1 123 1 124 1 127 1 129 1 136 1 137 1 140 1 142 1 143 1 144 1 150 1 153 1 155 1 156 1 159 1 163 1 166 1 171 1 173 1 179 1
3 40 0 1 3 1 7 1 11 1 13 1 14 1 17 1 18 1 27 1 42 1 50 1 52 1 56 1 58 1 61 1 64 1 69 1 70 1 78 1 79 1 80 1 85 1 97 1 104 1 105 1 117 1 133 1 136 1 137 1 145 1 151 1 156 1 157 1 159 1 163 1 166 1 172 1 174 1 175 1 179 1
3 47 4 1 11 1 18 1 19 1 20 1 22 1 24 1 25 1 27 1 34 1 35 1 43 1 47 1 51 1 55 1 62 1 67 1 68 1 70 1 73 1 75 1 85 1 86 1 87 1 92 1 94 1 96 1 107 1 108 1 109 1 117 1 125 1 128 1 130 1 135 1 136 1 138 1 139 1 140 1 141 1 153 1 166 1 168 1 169 1 171 1 177 1 179 1
3 48 0 1 15 1 17 1 23 1 26 1 31 1 32 1 40 1 41 1 46 1 49 1 50 1 53 1 58 1 62 1 63 1 67 1 69 1 75 1 76 1 79 1 82 1 83 1 88 1 94 1 95 1 104 1 106 1 113 1 116 1 122 1 125 1 129 1 132 1 133 1 134 1 135 1 141 1 148 1 152 1 156 1 159 1 160 1 163 1 166 1 173 1 176 1 177 1
3 40 1 1 9 1 10 1 15 1 17 1 19 1 20 1 25 1 27 1 28 1 29 1 36 1 40 1 53 1 59 1 62 1 87 1 92 1 93 1 95 1 98 1 99 1 103 1 105 1 111 1 114 1 125 1 128 1 131 1 144 1 148 1 149 1 152 1 154 1 157 1 160 1 170 1 173 1 174 1 179 1
3 40 1 1 5 1 18 1 20 1 21 1 29 1 33 1 37 1 39 1 42 1 44 1 46 1 50 1 53 1 54 1 56 1 58 1 63 1 68 1 69 1 82 1 83 1 85 1 92 1 94 1 97 1 100 1 105 1 117 1 124 1 134 1 136 1 144 1 146 1 151 1 162 1 165 1 167 1 168 1 170 1
3 43 0 1 10 1 14 1 17 1 21 1 28 1 34 1 37 1 38 1 42 1 45 1 48 1 57 1 59 1 63 1 64 1 70 1 75 1 77 1 78 1 79 1 87 1 96 1 102 1 103 1 104 1 106 1 110 1 111 1 118 1 120 1 123 1 124 1 126 1 135 1 137 1 138 1 140 1 145 1 151 1 164 1 165 1 175 1
3 58 4 1 6 1 10 1 12 1 15 1 24 1 26 1 28 1 31 1 33 1 37 1 38 1 42 1 47 1 48 1 49 1 51 1 57 1 61 1 63 1 66 1 67 1 71 1 75 1 76 1 77 1 79 1 91 1 93 1 94 1 101 1 105 1 106 1 109 1 112 1 113 1 115 1 116 1 117 1 121 1 123 1 126 1 131 1 134 1 140 1 141 1 142 1 145 1 148 1 150 1 152 1 154 1 156 1 160 1 163 1 165 1 169 1 173 1
3 41 3 1 6 1 7 1 8 1 9 1 12 1 19 1 30 1 37 1 44 1 45 1 51 1 53 1 55 1 57 1 58 1 61 1 71 1 77 1 79 1 80 1 90 1 91 1 95 1 97 1 100 1 101 1 126 1 131 1 134 1 137 1 140 1 144 1 152 1 154 1 157 1 163 1 164 1 168 1 174 1 176 1
3 49 8 1 11 1 12 1 15 1 16 1 20 1 24 1 28 1 32 1 40 1 43 1 44 1 47 1 48 1 49 1 53 1 58 1 60 1 68 1 71 1 72 1 73 1 75 1 83 1 85 1 96 1 98 1 100 1 110 1 112 1 113 1 117 1 123 1 127 1 130 1 132 1 137 1 139 1 150 1 151 1 152 1 156 1 159 1 163 1 165 1 168 1 177 1 178 1 179 1
3 48 0 1 9 1 14 1 15 1 16 1 17 1 18 1 26 1 32 1 45 1 46 1 53 1 54 1 56 1 65 1 67 1 68 1 71 1 72 1 82 1 85 1 88 1 91 1 97 1 99 1 104 1 105 1 108 1 112 1 117 1 120 1 123 1 126 1 127 1 129 1 136 1 137 1 139 1 147 1 148 1 150 1 155 1 158 1 163 1 164 1 166 1 170 1 171 1
3 57 0 1 2 1 3 1 7 1 11 1 13 1 16 1 19 1 23 1 24 1 33 1 37 1 40 1 42 1 47 1 52 1 53 1 59 1 63 1 68 1 69 1 70 1 76 1 81 1 83 1 88 1 92 1 94 1 95 1 98 1 103 1 105 1 110 1 111 1 113 1 116 1 121 1 124 1 127 1 132 1 134 1 135 1 137 1 138 1 142 1 146 1 151 1 153 1 155 1 157 1 158 1 161 1 162 1 165 1 167 1 170 1 178 1
3 45 0 1 1 1 11 1 12 1 22 1 23 1 28 1 31 1 35 1 36 1 37 1 41 1 51 1 52 1 55 1 58 1 64 1 71 1 77 1 86 1 91 1 92 1 94 1 95 1 96 1 100 1 101 1 102 1 110 1 112 1 120 1 123 1 125 1 129 1 131 1 134 1 138 1 140 1 147 1 149 1 157 1 160 1 164 1 173 1 179 1
3 51 1 1 3 1 6 1 8 1 10 1 11 1 13 1 17 1 20 1 25 1 30 1 31 1 32 1 34 1 35 1 36 1 40 1 45 1 48 1 50 1 55 1 56 1 57 1 58 1 62 1 65 1 66 1 67 1 89 1 92 1 101 1 105 1 107 1 116 1 117 1 118 1 122 1 125 1 129 1 130 1 134 1 136 1 138 1 150 1 151 1 159 1 164 1 165 1 167 1 168 1 174 1
3 61 0 1 1 1 2 1 4 1 6 1 7 1 11 1 13 1 14 1 15 1 17 1 21 1 29 1 34 1 39 1 41 1 43 1 44 1 47 1 48 1 49 1 51 1 53 1 56 1 59 1 61 1 66 1 77 1 78 1 82 1 83 1 88 1 90 1 96 1 99 1 100 1 108 1 114 1 116 1 117 1 118 1 120 1 125 1 127 1 138 1 140 1 145 1 148 1 152 1 153 1 154 1 155 1 156 1 157 1 158 1 160 1 161 1 163 1 168 1 171 1 175 1
3 41 0 1 1 1 2 1 16 1 17 1 23 1 25 1 31 1 35 1 40 1 43 1 46 1 48 1 53 1 66 1 72 1 74 1 78 1 79 1 82 1 92 1 93 1 99 1 100 1 101 1 102 1 106 1 107 1 108 1 136 1 140 1 145 1 147 1 153 1 156 1 157 1 162 1 167 1 171 1 174 1 179 1
3 43 0 1 2 1 6 1 9 1 10 1 13 1 19 1 20 1 23 1 27 1 29 1 46 1 47 1 48 1 55 1 56 1 57 1 58 1 61 1 62 1 67 1 78 1 79 1 80 1 86 1 95 1 98 1 104 1 106 1 107 1 111 1 116 1 117 1 132 1 140 1 142 1 144 1 146 1 147 1 149 1 154 1 159 1 163 1
3 49 0 1 3 1 7 1 8 1 11 1 19 1 21 1 30 1 31 1 33 1 39 1 40 1 47 1 49 1 51 1 58 1 59 1 66 1 77 1 84 1 91 1 97 1 98 1 99 1 102 1 111 1 112 1 113 1 114 1 116 1 117 1 119 1 127 1 128 1 130 1 132 1 136 1 143 1 150 1 151 1 152 1 156 1 157 1 162 1 165 1 171 1 173 1 177 1 179 1
3 39 10 1 13 1 14 1 23 1 25 1 28 1 29 1 30 1 34 1 35 1 38 1 47 1 50 1 51 1 53 1 56 1 59 1 61 1 64 1 71 1 75 1 77 1 94 1 95 1 102 1 104 1 106 1 112 1 117 1 123 1 130 1 131 1 137 1 140 1 163 1 166 1 167 1 178 1 179 1
3 43 3 1 6 1 14 1 15 1 19 1 25 1 27 1 29 1 39 1 40 1 45 1 48 1 60 1 62 1 65 1 66 1 68 1 72 1 75 1 78 1 82 1 87 1 88 1 90 1 91 1 97 1 100 1 103 1 107 1 114 1 115 1 120 1 123 1 130 1 131 1 133 1 134 1 138 1 146 1 155 1 160 1 174 1 176 1
3 43 5 1 11 1 13 1 16 1 20 1 22 1 23 1 25 1 36 1 37 1 39 1 41 1 42 1 52 1 53 1 56 1 58 1 63 1 66 1 78 1 83 1 89 1 97 1 98 1 103 1 109 1 113 1 116 1 119 1 120 1 123 1 134 1 138 1 145 1 146 1 154 1 155 1 162 1 164 1 165 1 167 1 170 1 175 1
3 45 2 1 4 1 12 1 17 1 19 1 20 1 21 1 23 1 26 1 27 1 28 1 36 1 37 1 40 1 44 1 46 1 49 1 56 1 57 1 60 1 71 1 81 1 87 1 88 1 92 1 101 1 109 1 113 1 124 1 126 1 129 1 130 1 134 1 139 1 140 1 141 1 142 1 143 1 145 1 149 1 154 1 157 1 158 1 163 1 166 1
3 52 0 1 5 1 8 1 9 1 13 1 14 1 15 1 16 1 21 1 28 1 39 1 43 1 47 1 48 1 56 1 57 1 58 1 62 1 85 1 86 1 87 1 88 1 91 1 94 1 101 1 102 1 104 1 105 1 106 1 114 1 117 1 118 1 120 1 121 1 123 1 124 1 129 1 134 1 138 1 140 1 143 1 146 1 151 1 156 1 158 1 160 1 162 1 166 1 172 1 176 1 177 1 179 1
3 55 1 1 2 1 4 1 10 1 13 1 14 1 18 1 20 1 22 1 25 1 32 1 44 1 45 1 46 1 50 1 55 1 58 1 63 1 64 1 68 1 70 1 71 1 75 1 77 1 80 1 81 1 84 1 86 1 90 1 91 1 94 1 97 1 104 1 107 1 108 1 112 1 114 1 117 1 122 1 123 1 126 1 129 1 130 1 131 1 132 1 136 1 138 1 145 1 153 1 155 1 158 1 160 1 165 1 171 1 172 1
3 49 7 1 8 1 12 1 18 1 26 1 28 1 29 1 30 1 33 1 34 1 36 1 37 1 38 1 39 1 45 1 46 1 47 1 48 1 50 1 52 1 53 1 55 1 56 1 59 1 65 1 68 1 72 1 74 1 75 1 77 1 89 1 92 1 95 1 97 1 103 1 106 1 107 1 115 1 119 1 124 1 131 1 137 1 139 1 143 1 156 1 158 1 159 1 175 1 177 1
3 51 3 1 21 1 23 1 25 1 26 1 29 1 33 1 39 1 41 1 43 1 45 1 46 1 52 1 53 1 54 1 55 1 56 1 60 1 61 1 64 1 67 1 73 1 76 1 79 1 82 1 91 1 97 1 101 1 103 1 105 1 106 1 109 1 113 1 114 1 115 1 117 1 118 1 119 1 127 1 137 1 140 1 146 1 151 1 152 1 158 1 161 1 165 1 170 1 171 1 172 1 177 1
3 53 1 1 2 1 4 1 9 1 11 1 14 1 15 1 17 1 25 1 28 1 29 1 33 1 35 1 37 1 51 1 53 1 54 1 60 1 61 1 64 1 66 1 69 1 71 1 73 1 74 1 78 1 80 1 85 1 86 1 89 1 93 1 98 1 100 1 101 1 102 1 108 1 112 1 116 1 118 1 122 1 132 1 135 1 142 1 144 1 147 1 152 1 153 1 154 1 157 1 158 1 159 1 160 1 172 1
3 53 7 1 13 1 18 1 23 1 29 1 30 1 31 1 32 1 36 1 39 1 44 1 47 1 48 1 51 1 53 1 55 1 64 1 66 1 68 1 69 1 70 1 77 1 83 1 90 1 91 1 94 1 104 1 105 1 112 1 116 1 118 1 121 1 123 1 125 1 128 1 133 1 137 1 141 1 148 1 149 1 151 1 152 1 158 1 163 1 164 1 165 1 166 1 168 1 169 1 170 1 171 1 175 1 179 1
3 50 0 1 2 1 8 1 9 1 10 1 16 1 18 1 19 1 22 1 27 1 29 1 30 1 32 1 33 1 39 1 41 1 42 1 44 1 47 1 48 1 51 1 67 1 70 1 79 1 85 1 92 1 93 1 103 1 104 1 105 1 107 1 108 1 110 1 113 1 118 1 123 1 124 1 131 1 135 1 136 1 153 1 155 1 158 1 162 1 163 1 168 1 169 1 170 1 171 1 176 1
3 46 2 1 6 1 8 1 17 1 18 1 23 1 27 1 28 1 29 1 30 1 33 1 35 1 38 1 40 1 41 1 42 1 43 1 51 1 59 1 61 1 68 1 71 1 74 1 75 1 76 1 78 1 83 1 92 1 94 1 102 1 107 1 109 1 116 1 118 1 124 1 129 1 134 1 155 1 156 1 158 1 163 1 167 1 171 1 173 1 174 1 176 1
3 49 1 1 2 1 3 1 5 1 6 1 8 1 11 1 13 1 14 1 18 1 21 1 23 1 24 1 34 1 36 1 37 1 40 1 44 1 47 1 50 1 54 1 55 1 73 1 78 1 80 1 81 1 82 1 85 1 86 1 94 1 95 1 109 1 112 1 114 1 115 1 121 1 122 1 133 1 141 1 153 1 161 1 162 1 165 1 167 1 171 1 173 1 175 1 176 1 179 1
3 56 7 1 11 1 13 1 17 1 18 1 19 1 20 1 21 1 25 1 29 1 35 1 39 1 42 1 45 1 46 1 49 1 50 1 52 1 62 1 63 1 69 1 70 1 73 1 76 1 80 1 84 1 91 1 94 1 95 1 97 1 99 1 101 1 103 1 112 1 114 1 116 1 117 1 120 1 121 1 124 1 126 1 128 1 129 1 132 1 135 1 136 1 138 1 139 1 145 1 150 1 152 1 157 1 169 1 171 1 174 1 175 1
3 55 2 1 3 1 4 1 6 1 7 1 9 1 10 1 12 1 14 1 24 1 26 1 28 1 44 1 45 1 47 1 49 1 53 1 59 1 61 1 67 1 71 1 73 1 74 1 78 1 80 1 81 1 82 1 94 1 101 1 102 1 103 1 106 1 107 1 110 1 115 1 116 1 117 1 120 1 128 1 132 1 136 1 137 1 144 1 145 1 147 1 148 1 149 1 153 1 160 1 161 1 163 1 166 1 170 1 171 1 179 1
3 52 0 1 2 1 3 1 5 1 8 1 9 1 16 1 19 1 20 1 21 1 24 1 33 1 39 1 43 1 46 1 49 1 50 1 53 1 56 1 65 1 67 1 72 1 82 1 83 1 86 1 87 1 89 1 92 1 96 1 97 1 100 1 111 1 120 1 121 1 125 1 128 1 129 1 137 1 138 1 148 1 149 1 152 1 155 1 158 1 161 1 163 1 164 1 165 1 166 1 173 1 175 1 177 1
3 44 4 1 5 1 14 1 21 1 22 1 28 1 29 1 35 1 37 1 40 1 52 1 56 1 60 1 65 1 66 1 67 1 70 1 71 1 72 1 74 1 76 1 77 1 85 1 87 1 101 1 106 1 123 1 124 1 126 1 129 1 133 1 137 1 139 1 148 1 150 1 151 1 158 1 160 1 161 1 162 1 163 1 175 1 176 1 179 1
3 49 8 1 16 1 21 1 22 1 23 1 33 1 36 1 38 1 40 1 47 1 48 1 57 1 58 1 60 1 63 1 69 1 76 1 81 1 83 1 84 1 86 1 87 1 96 1 98 1 102 1 103 1 104 1 105 1 106 1 107 1 108 1 113 1 114 1 115 1 125 1 137 1 138 1 142 1 147 1 152 1 153 1 157 1 158 1 163 1 165 1 166 1 171 1 172 1 177 1
3 47 1 1 2 1 9 1 11 1 13 1 21 1 32 1 34 1 35 1 42 1 44 1 47 1 49 1 51 1 60 1 61 1 62 1 65 1 66 1 71 1 78 1 81 1 84 1 90 1 93 1 103 1 114 1 116 1 118 1 119 1 122 1 125 1 126 1 127 1 129 1 136 1 139 1 143 1 146 1 147 1 149 1 150 1 155 1 156 1 164 1 173 1 177 1
3 56 2 1 5 1 6 1 8 1 9 1 12 1 14 1 15 1 17 1 25 1 28 1 29 1 34 1 40 1 41 1 43 1 44 1 48 1 49 1 56 1 64 1 67 1 74 1 78 1 79 1 81 1 90 1 92 1 96 1 97 1 98 1 101 1 104 1 105 1 107 1 111 1 112 1 115 1 117 1 125 1 126 1 129 1 136 1 137 1 142 1 147 1 151 1 156 1 160 1 161 1 163 1 165 1 166 1 167 1 174 1 175 1
3 46 10 1 13 1 14 1 23 1 24 1 26 1 30 1 37 1 38 1 48 1 51 1 52 1 55 1 57 1 58 1 61 1 63 1 68 1 70 1 80 1 83 1 89 1 91 1 96 1 97 1 99 1 100 1 101 1 106 1 120 1 121 1 123 1 126 1 128 1 130 1 132 1 133 1 138 1 143 1 144 1 151 1 159 1 162 1 167 1 168 1 177 1
3 53 7 1 9 1 11 1 17 1 20 1 29 1 30 1 31 1 38 1 39 1 40 1 44 1 47 1 48 1 49 1 52 1 54 1 55 1 56 1 60 1 63 1 65 1 68 1 70 1 72 1 74 1 77 1 79 1 80 1 81 1 92 1 98 1 101 1 102 1 106 1 107 1 111 1 116 1 119 1 123 1 124 1 126 1 130 1 136 1 138 1 143 1 148 1 151 1 152 1 163 1 170 1 172 1 176 1
3 40 2 1 3 1 9 1 11 1 17 1 25 1 33 1 37 1 41 1 51 1 54 1 56 1 58 1 66 1 67 1 73 1 78 1 81 1 94 1 97 1 106 1 108 1 115 1 116 1 122 1 123 1 130 1 132 1 133 1 136 1 140 1 145 1 147 1 158 1 161 1 168 1 170 1 171 1 177 1 178 1
3 53 5 1 6 1 9 1 16 1 18 1 21 1 23 1 25 1 32 1 34 1 35 1 36 1 37 1 38 1 39 1 45 1 48 1 50 1 54 1 57 1 60 1 64 1 69 1 71 1 78 1 79 1 81 1 86 1 93 1 98 1 100 1 101 1 108 1 110 1 116 1 122 1 123 1 128 1 134 1 142 1 149 1 152 1 155 1 157 1 159 1 161 1 162 1 163 1 165 1 173 1 174 1 176 1 179 1
3 52 0 1 7 1 13 1 20 1 25 1 26 1 31 1 34 1 36 1 38 1 46 1 48 1 49 1 51 1 52 1 54 1 55 1 57 1 59 1 67 1 69 1 70 1 72 1 80 1 82 1 83 1 86 1 104 1 106 1 115 1 117 1 120 1 123 1 125 1 140 1 143 1 146 1 148 1 150 1 151 1 153 1 155 1 156 1 160 1 161 1 163 1 165 1 168 1 170 1 171 1 172 1 175 1
3 46 2 1 5 1 8 1 9 1 12 1 20 1 21 1 23 1 29 1 31 1 43 1 58 1 67 1 68 1 70 1 72 1 73 1 74 1 83 1 90 1 91 1 97 1 99 1 108 1 109 1 110 1 113 1 114 1 116 1 117 1 118 1 123 1 125 1 134 1 137 1 141 1 146 1 148 1 149 1 150 1 158 1 163 1 167 1 172 1 173 1 179 1
3 57 0 1 2 1 8 1 12 1 13 1 16 1 20 1 23 1 29 1 30 1 32 1 35 1 36 1 38 1 41 1 44 1 47 1 48 1 49 1 57 1 58 1 60 1 66 1 68 1 73 1 82 1 83 1 85 1 90 1 93 1 94 1 95 1 97 1 98 1 111 1 115 1 117 1 120 1 122 1 123 1 124 1 125 1 126 1 127 1 128 1 132 1 133 1 136 1 139 1 140 1 141 1 145 1 153 1 158 1 165 1 172 1 177 1
3 48 0 1 1 1 2 1 3 1 7 1 9 1 15 1 16 1 17 1 18 1 19 1 24 1 25 1 30 1 32 1 35 1 37 1 57 1 58 1 61 1 66 1 69 1 75 1 78 1 79 1 83 1 84 1 88 1 90 1 94 1 97 1 98 1 99 1 104 1 107 1 114 1 118 1 119 1 120 1 137 1 150 1 153 1 154 1 165 1 166 1 171 1 172 1 175 1
3 50 0 1 5 1 7 1 14 1 16 1 22 1 24 1 28 1 32 1 33 1 37 1 43 1 46 1 51 1 55 1 64 1 67 1 69 1 71 1 73 1 74 1 79 1 82 1 85 1 86 1 87 1 89 1 90 1 95 1 97 1 98 1 110 1 111 1 113 1 121 1 123 1 139 1 140 1 141 1 143 1 144 1 145 1 153 1 160 1 161 1 164 1 165 1 169 1 171 1 179 1
3 50 0 1 5 1 8 1 13 1 15 1 19 1 20 1 21 1 28 1 35 1 37 1 38 1 40 1 41 1 44 1 45 1 50 1 59 1 64 1 68 1 70 1 75 1 78 1 79 1 83 1 84 1 86 1 96 1 101 1 105 1 107 1 111 1 113 1 115 1 117 1 119 1 122 1 123 1 126 1 137 1 138 1 142 1 149 1 153 1 157 1 172 1 173 1 175 1 177 1 179 1
incumbent 1
0 0 0 0 0 0 0 0 0 0 0 0 0 0 0 0 1 0 0 0 0 1 0 0 0 0 1 0 0 1 0 0 0 0 0 0 0 0 0 0 0 0 0 0 0 0 0 0 0 0 0 0 0 0 0 0 0 0 1 0 0 0 0 0 0 0 0 0 0 0 0 1 0 0 0 0 0 0 0 0 0 0 0 0 0 0 0 0 1 0 0 0 0 0 0 0 0 0 0 0 0 0 0 0 0 0 1 1 0 0 0 0 0 0 0 0 0 0 0 0 0 0 0 0 0 0 0 0 0 0 0 0 0 1 0 0 0 0 1 0 0 0 0 0 0 0 0 0 0 0 0 0 0 0 0 0 1 1 0 0 0 0 0 0 0 0 0 0 0 0 0 0 0 0 0 0 0 0 0 1
