280 117
39 42 48 57 28 21 4 5 5 59 63 14 49 35 44 13 49 68 5 24 32 8 24 70 69 49 70 26 30 52 69 70 6 11 40 23 34 68 29 31 41 51 7 9 24 50 19 34 46 34 12 3 21 42 18 53 41 68 39 25 40 5 63 57 14 46 41 38 14 21 57 33 6 21 11 54 16 35 31 19 27 27 57 8 39 1 26 60 38 34 68 2 67 56 23 43 69 60 49 3 36 34 14 19 46 41 69 6 38 5 2 59 27 24 55 55 4 39 46 42 44 41 30 22 24 35 19 39 23 58 33 18 45 29 43 42 25 69 13 11 17 23 25 9 29 70 43 8 67 8 27 39 67 21 15 31 4 62 28 69 15 32 67 3 9 65 64 9 14 46 13 28 60 57 56 63 56 18 59 42 53 4 35 35 63 34 8 30 12 36 18 6 36 43 1 42 31 25 11 70 5 46 61 63 63 4 26 61 52 37 27 58 2 55 46 36 16 37 37 16 45 68 14 28 17 4 65 49 48 24 52 3 5 1 54 4 22 26 28 1 63 67 44 65 25 41 11 41 46 11 13 29 31 33 28 55 49 25 66 1 59 61 63 53 45 48 2 15 44 13 5 62 22 22 24 3 14 38 15 14
1 5 0 1 1 1 2 1 3 1 4 1
-1 5 0 -1 1 -1 2 -1 3 -1 4 -1
1 5 5 1 6 1 7 1 8 1 9 1
-1 5 5 -1 6 -1 7 -1 8 -1 9 -1
1 5 10 1 11 1 12 1 13 1 14 1
-1 5 10 -1 11 -1 12 -1 13 -1 14 -1
1 5 15 1 16 1 17 1 18 1 19 1
-1 5 15 -1 16 -1 17 -1 18 -1 19 -1
1 5 20 1 21 1 22 1 23 1 24 1
-1 5 20 -1 21 -1 22 -1 23 -1 24 -1
1 5 25 1 26 1 27 1 28 1 29 1
-1 5 25 -1 26 -1 27 -1 28 -1 29 -1
1 5 30 1 31 1 32 1 33 1 34 1
-1 5 30 -1 31 -1 32 -1 33 -1 34 -1
1 5 35 1 36 1 37 1 38 1 39 1
-1 5 35 -1 36 -1 37 -1 38 -1 39 -1
1 5 40 1 41 1 42 1 43 1 44 1
-1 5 40 -1 41 -1 42 -1 43 -1 44 -1
1 5 45 1 46 1 47 1 48 1 49 1
-1 5 45 -1 46 -1 47 -1 48 -1 49 -1
1 5 50 1 51 1 52 1 53 1 54 1
-1 5 50 -1 51 -1 52 -1 53 -1 54 -1
1 5 55 1 56 1 57 1 58 1 59 1
-1 5 55 -1 56 -1 57 -1 58 -1 59 -1
1 5 60 1 61 1 62 1 63 1 64 1
-1 5 60 -1 61 -1 62 -1 63 -1 64 -1
1 5 65 1 66 1 67 1 68 1 69 1
-1 5 65 -1 66 -1 67 -1 68 -1 69 -1
1 5 70 1 71 1 72 1 73 1 74 1
-1 5 70 -1 71 -1 72 -1 73 -1 74 -1
1 5 75 1 76 1 77 1 78 1 79 1
-1 5 75 -1 76 -1 77 -1 78 -1 79 -1
1 5 80 1 81 1 82 1 83 1 84 1
-1 5 80 -1 81 -1 82 -1 83 -1 84 -1
1 5 85 1 86 1 87 1 88 1 89 1
-1 5 85 -1 86 -1 87 -1 88 -1 89 -1
1 5 90 1 91 1 92 1 93 1 94 1
-1 5 90 -1 91 -1 92 -1 93 -1 94 -1
1 5 95 1 96 1 97 1 98 1 99 1
-1 5 95 -1 96 -1 97 -1 98 -1 99 -1
1 5 100 1 101 1 102 1 103 1 104 1
-1 5 100 -1 101 -1 102 -1 103 -1 104 -1
1 5 105 1 106 1 107 1 108 1 109 1
-1 5 105 -1 106 -1 107 -1 108 -1 109 -1
1 5 110 1 111 1 112 1 113 1 114 1
-1 5 110 -1 111 -1 112 -1 113 -1 114 -1
1 5 115 1 116 1 117 1 118 1 119 1
-1 5 115 -1 116 -1 117 -1 118 -1 119 -1
1 5 120 1 121 1 122 1 123 1 124 1
-1 5 120 -1 121 -1 122 -1 123 -1 124 -1
1 5 125 1 126 1 127 1 128 1 129 1
-1 5 125 -1 126 -1 127 -1 128 -1 129 -1
1 5 130 1 131 1 132 1 133 1 134 1
-1 5 130 -1 131 -1 132 -1 133 -1 134 -1
1 5 135 1 136 1 137 1 138 1 139 1
-1 5 135 -1 136 -1 137 -1 138 -1 139 -1
1 5 140 1 141 1 142 1 143 1 144 1
-1 5 140 -1 141 -1 142 -1 143 -1 144 -1
1 5 145 1 146 1 147 1 148 1 149 1
-1 5 145 -1 146 -1 147 -1 148 -1 149 -1
1 5 150 1 151 1 152 1 153 1 154 1
-1 5 150 -1 151 -1 152 -1 153 -1 154 -1
1 5 155 1 156 1 157 1 158 1 159 1
-1 5 155 -1 156 -1 157 -1 158 -1 159 -1
1 5 160 1 161 1 162 1 163 1 164 1
-1 5 160 -1 161 -1 162 -1 163 -1 164 -1
1 5 165 1 166 1 167 1 168 1 169 1
-1 5 165 -1 166 -1 167 -1 168 -1 169 -1
1 5 170 1 171 1 172 1 173 1 174 1
-1 5 170 -1 171 -1 172 -1 173 -1 174 -1
1 5 175 1 176 1 177 1 178 1 179 1
-1 5 175 -1 176 -1 177 -1 178 -1 179 -1
1 5 180 1 181 1 182 1 183 1 184 1
-1 5 180 -1 181 -1 182 -1 183 -1 184 -1
1 5 185 1 186 1 187 1 188 1 189 1
-1 5 185 -1 186 -1 187 -1 188 -1 189 -1
1 5 190 1 191 1 192 1 193 1 194 1
-1 5 190 -1 191 -1 192 -1 193 -1 194 -1
1 5 195 1 196 1 197 1 198 1 199 1
-1 5 195 -1 196 -1 197 -1 198 -1 199 -1
1 5 200 1 201 1 202 1 203 1 204 1
-1 5 200 -1 201 -1 202 -1 203 -1 204 -1
1 5 205 1 206 1 207 1 208 1 209 1
-1 5 205 -1 206 -1 207 -1 208 -1 209 -1
1 5 210 1 211 1 212 1 213 1 214 1
-1 5 210 -1 211 -1 212 -1 213 -1 214 -1
1 5 215 1 216 1 217 1 218 1 219 1
-1 5 215 -1 216 -1 217 -1 218 -1 219 -1
1 5 220 1 221 1 222 1 223 1 224 1
-1 5 220 -1 221 -1 222 -1 223 -1 224 -1
1 5 225 1 226 1 227 1 228 1 229 1
-1 5 225 -1 226 -1 227 -1 228 -1 229 -1
1 5 230 1 231 1 232 1 233 1 234 1
-1 5 230 -1 231 -1 232 -1 233 -1 234 -1
1 5 235 1 236 1 237 1 238 1 239 1
-1 5 235 -1 236 -1 237 -1 238 -1 239 -1
1 5 240 1 241 1 242 1 243 1 244 1
-1 5 240 -1 241 -1 242 -1 243 -1 244 -1
1 5 245 1 246 1 247 1 248 1 249 1
-1 5 245 -1 246 -1 247 -1 248 -1 249 -1
1 5 250 1 251 1 252 1 253 1 254 1
-1 5 250 -1 251 -1 252 -1 253 -1 254 -1
1 5 255 1 256 1 257 1 258 1 259 1
-1 5 255 -1 256 -1 257 -1 258 -1 259 -1
1 5 260 1 261 1 262 1 263 1 264 1
-1 5 260 -1 261 -1 262 -1 263 -1 264 -1
1 5 265 1 266 1 267 1 268 1 269 1
-1 5 265 -1 266 -1 267 -1 268 -1 269 -1
1 5 270 1 271 1 272 1 273 1 274 1
-1 5 270 -1 271 -1 272 -1 273 -1 274 -1
1 5 275 1 276 1 277 1 278 1 279 1
-1 5 275 -1 276 -1 277 -1 278 -1 279 -1
-62 56 0 -7 5 -8 10 -3 15 -4 20 -9 25 -8 30 -1 35 -9 40 -8 45 -9 50 -6 55 -1 60 -8 65 -6 70 -8 75 -8 80 -7 85 -3 90 -7 95 -7 100 -1 105 -1 110 -7 115 -1 120 -1 125 -7 130 -6 135 -3 140 -5 145 -10 150 -5 155 -1 160 -4 165 -7 170 -5 175 -1 180 -3 185 -2 190 -9 195 -6 200 -6 205 -2 210 -7 215 -5 220 -1 225 -2 230 -4 235 -2 240 -7 245 -9 250 -6 255 -8 260 -9 265 -3 270 -7 275 -2
-80 56 1 -4 6 -6 11 -8 16 -7 21 -1 26 -10 31 -9 36 -1 41 -4 46 -3 51 -7 56 -9 61 -1 66 -10 71 -1 76 -8 81 -1 86 -8 91 -9 96 -8 101 -7 106 -8 111 -3 116 -9 121 -8 126 -6 131 -8 136 -5 141 -5 146 -5 151 -3 156 -7 161 -8 166 -9 171 -9 176 -6 181 -10 186 -1 191 -4 196 -6 201 -7 206 -2 211 -5 216 -5 221 -4 226 -1 231 -8 236 -1 241 -2 246 -1 251 -7 256 -10 261 -8 266 -5 271 -5 276 -3
-49 56 2 -8 7 -6 12 -4 17 -8 22 -9 27 -10 32 -8 37 -8 42 -4 47 -1 52 -4 57 -5 62 -4 67 -2 72 -4 77 -5 82 -9 87 -3 92 -6 97 -9 102 -6 107 -5 112 -5 117 -3 122 -7 127 -9 132 -10 137 -10 142 -7 147 -1 152 -9 157 -10 162 -6 167 -3 172 -3 177 -1 182 -7 187 -8 192 -10 197 -5 202 -2 207 -3 212 -2 217 -5 222 -7 227 -5 232 -1 237 -6 242 -6 247 -2 252 -5 257 -8 262 -2 267 -2 272 -2 277 -5
-56 56 3 -6 8 -10 13 -9 18 -5 23 -1 28 -8 33 -7 38 -5 43 -5 48 -5 53 -4 58 -5 63 -6 68 -1 73 -5 78 -1 83 -1 88 -8 93 -7 98 -1 103 -4 108 -9 113 -7 118 -2 123 -6 128 -5 133 -4 138 -4 143 -8 148 -9 153 -9 158 -5 163 -4 168 -10 173 -8 178 -6 183 -7 188 -10 193 -9 198 -9 203 -5 208 -1 213 -6 218 -1 223 -2 228 -5 233 -4 238 -7 243 -2 248 -2 253 -1 258 -4 263 -2 268 -4 273 -5 278 -4
-58 56 4 -8 9 -8 14 -6 19 -2 24 -4 29 -4 34 -5 39 -3 44 -10 49 -4 54 -5 59 -10 64 -9 69 -8 74 -6 79 -7 84 -8 89 -7 94 -2 99 -2 104 -8 109 -1 114 -7 119 -4 124 -8 129 -3 134 -10 139 -2 144 -5 149 -3 154 -3 159 -1 164 -2 169 -8 174 -10 179 -1 184 -2 189 -2 194 -3 199 -2 204 -4 209 -2 214 -6 219 -3 224 -2 229 -9 234 -8 239 -9 244 -10 249 -4 254 -2 259 -5 264 -8 269 -4 274 -2 279 -1
incumbent 1
0 0 0 1 0 0 0 1 0 0 0 0 1 0 0 0 0 0 0 1 0 1 0 0 0 1 0 0 0 0 0 0 1 0 0 1 0 0 0 0 0 0 0 1 0 0 0 0 0 1 1 0 0 0 0 0 1 0 0 0 0 1 0 0 0 0 0 0 1 0 0 0 0 0 1 0 0 0 1 0 0 0 0 1 0 1 0 0 0 0 0 0 0 0 1 0 0 0 0 1 0 0 1 0 0 0 0 0 0 1 1 0 0 0 0 0 1 0 0 0 0 0 0 1 0 0 1 0 0 0 0 1 0 0 0 0 0 0 0 1 0 0 0 1 0 0 0 1 0 0 0 0 0 1 0 0 1 0 0 0 0 0 0 0 1 0 0 1 0 0 1 0 0 0 0 0 0 1 0 0 0 1 0 0 0 0 1 0 0 0 0 0 0 0 1 0 0 1 0 0 1 0 0 0 0 1 0 0 0 0 0 0 1 0 0 0 1 0 0 0 0 0 1 0 0 1 0 0 0 0 0 0 0 1 0 0 0 0 0 1 0 0 0 0 1 0 1 0 0 0 1 0 0 0 0 0 0 0 0 1 0 0 0 0 1 0 1 0 0 0 1 0 0 0 0 0 1 0 0 0
