200 100
-45 -38 -47 -13 -28 -26 -50 -36 -31 -22 -30 -9 -20 -41 -13 -50 -7 -10 -7 -30 -14 -23 -38 -36 -46 -44 -39 -30 -49 -32 -28 -42 -22 -10 -33 -39 -13 -38 -26 -19 -6 -22 -22 -48 -41 -27 -16 -32 -28 -30 -42 -35 -44 -28 -22 -28 -25 -35 -28 -42 -38 -42 -38 -45 -24 -7 -33 -14 -17 -48 -22 -42 -10 -25 -44 -39 -16 -20 -16 -41 -28 -17 -23 -21 -11 -40 -26 -47 -42 -13 -13 -49 -31 -25 -41 -31 -9 -37 -24 -24 -47 -25 -23 -14 -27 -5 -15 -50 -46 -49 -41 -35 -34 -35 -37 -33 -7 -26 -14 -16 -42 -37 -36 -28 -37 -47 -27 -36 -38 -32 -22 -49 -10 -25 -38 -45 -27 -8 -6 -29 -15 -6 -42 -8 -20 -39 -31 -21 -15 -11 -24 -30 -50 -47 -29 -37 -17 -48 -10 -31 -12 -22 -41 -42 -20 -8 -29 -16 -39 -43 -27 -12 -22 -47 -29 -39 -46 -16 -34 -13 -15 -16 -47 -31 -6 -31 -41 -42 -47 -50 -46 -8 -10 -50 -20 -26 -50 -19 -44 -42
-1 4 27 -1 142 -1 162 -1 182 -1
-1 4 9 -1 34 -1 84 -1 132 -1
-1 4 30 -1 36 -1 39 -1 189 -1
-1 5 24 -1 52 -1 60 -1 113 -1 160 -1
-1 5 26 -1 62 -1 90 -1 135 -1 192 -1
-1 2 68 -1 119 -1
-1 4 4 -1 84 -1 110 -1 172 -1
-1 4 38 -1 79 -1 119 -1 151 -1
-1 5 3 -1 68 -1 143 -1 175 -1 177 -1
-1 1 134 -1
-1 7 40 -1 61 -1 74 -1 149 -1 168 -1 195 -1 198 -1
-1 4 59 -1 89 -1 140 -1 141 -1
-1 5 50 -1 51 -1 77 -1 136 -1 147 -1
-1 4 58 -1 61 -1 114 -1 121 -1
-1 7 23 -1 37 -1 45 -1 60 -1 71 -1 107 -1 184 -1
-1 8 2 -1 40 -1 43 -1 96 -1 105 -1 122 -1 169 -1 195 -1
-1 1 185 -1
-1 10 22 -1 31 -1 77 -1 92 -1 102 -1 121 -1 126 -1 129 -1 153 -1 186 -1
-1 3 86 -1 113 -1 171 -1
-1 5 38 -1 53 -1 90 -1 94 -1 189 -1
-1 5 13 -1 53 -1 82 -1 83 -1 168 -1
-1 9 3 -1 66 -1 73 -1 105 -1 117 -1 130 -1 134 -1 188 -1 193 -1
-1 7 29 -1 36 -1 49 -1 59 -1 85 -1 96 -1 113 -1
-1 6 71 -1 78 -1 93 -1 101 -1 150 -1 181 -1
-1 4 6 -1 8 -1 47 -1 131 -1
-1 4 51 -1 149 -1 166 -1 170 -1
-1 1 21 -1
-1 7 47 -1 114 -1 151 -1 159 -1 160 -1 176 -1 180 -1
-1 5 28 -1 63 -1 100 -1 113 -1 186 -1
-1 6 111 -1 126 -1 138 -1 144 -1 184 -1 188 -1
-1 2 39 -1 173 -1
-1 5 10 -1 38 -1 106 -1 130 -1 193 -1
-1 1 43 -1
-1 6 0 -1 62 -1 78 -1 101 -1 116 -1 153 -1
-1 4 17 -1 45 -1 105 -1 137 -1
-1 5 47 -1 64 -1 70 -1 108 -1 153 -1
-1 0
-1 3 41 -1 72 -1 126 -1
-1 4 17 -1 144 -1 156 -1 197 -1
-1 7 22 -1 23 -1 39 -1 80 -1 119 -1 178 -1 181 -1
-1 7 16 -1 54 -1 103 -1 108 -1 117 -1 184 -1 191 -1
-1 7 33 -1 87 -1 158 -1 162 -1 188 -1 189 -1 194 -1
-1 5 69 -1 99 -1 118 -1 124 -1 190 -1
-1 5 29 -1 30 -1 86 -1 92 -1 123 -1
-1 8 11 -1 69 -1 82 -1 86 -1 100 -1 106 -1 168 -1 170 -1
-1 2 39 -1 188 -1
-1 5 7 -1 26 -1 65 -1 159 -1 174 -1
-1 2 42 -1 72 -1
-1 8 2 -1 52 -1 61 -1 71 -1 144 -1 159 -1 184 -1 194 -1
-1 9 29 -1 38 -1 69 -1 75 -1 127 -1 129 -1 150 -1 167 -1 180 -1
-1 5 13 -1 109 -1 129 -1 133 -1 195 -1
-1 7 61 -1 66 -1 67 -1 109 -1 146 -1 147 -1 173 -1
-1 5 2 -1 27 -1 58 -1 168 -1 170 -1
-1 4 12 -1 16 -1 95 -1 190 -1
-1 4 7 -1 23 -1 27 -1 139 -1
-1 2 68 -1 69 -1
-1 10 9 -1 14 -1 22 -1 34 -1 43 -1 70 -1 89 -1 114 -1 147 -1 158 -1
-1 5 63 -1 81 -1 89 -1 172 -1 191 -1
-1 3 30 -1 111 -1 117 -1
-1 7 6 -1 8 -1 11 -1 22 -1 44 -1 57 -1 198 -1
-1 6 48 -1 82 -1 112 -1 157 -1 159 -1 176 -1
-1 4 15 -1 90 -1 120 -1 130 -1
-1 5 42 -1 56 -1 82 -1 104 -1 125 -1
-1 4 41 -1 55 -1 124 -1 199 -1
-1 4 19 -1 152 -1 156 -1 157 -1
-1 6 1 -1 91 -1 143 -1 150 -1 173 -1 174 -1
-1 6 52 -1 83 -1 97 -1 140 -1 155 -1 183 -1
-1 1 199 -1
-1 2 56 -1 146 -1
-1 6 6 -1 37 -1 77 -1 84 -1 147 -1 163 -1
-1 6 35 -1 53 -1 79 -1 92 -1 122 -1 128 -1
-1 3 34 -1 41 -1 53 -1
-1 5 9 -1 30 -1 37 -1 119 -1 140 -1
-1 4 1 -1 77 -1 107 -1 149 -1
-1 3 163 -1 166 -1 194 -1
-1 1 26 -1
-1 4 31 -1 78 -1 98 -1 103 -1
-1 6 25 -1 136 -1 165 -1 166 -1 187 -1 194 -1
-1 5 4 -1 17 -1 130 -1 141 -1 154 -1
-1 5 96 -1 116 -1 142 -1 157 -1 166 -1
-1 11 13 -1 45 -1 60 -1 62 -1 112 -1 123 -1 141 -1 145 -1 154 -1 176 -1 179 -1
-1 3 49 -1 83 -1 103 -1
-1 3 57 -1 84 -1 128 -1
-1 2 6 -1 175 -1
-1 3 50 -1 85 -1 146 -1
-1 6 56 -1 76 -1 112 -1 128 -1 156 -1 169 -1
-1 5 17 -1 42 -1 66 -1 145 -1 189 -1
-1 4 37 -1 40 -1 110 -1 196 -1
-1 3 40 -1 88 -1 153 -1
-1 4 43 -1 145 -1 182 -1 190 -1
-1 5 18 -1 62 -1 71 -1 142 -1 175 -1
-1 8 20 -1 32 -1 46 -1 89 -1 110 -1 127 -1 186 -1 193 -1
-1 5 45 -1 110 -1 120 -1 148 -1 167 -1
-1 3 74 -1 86 -1 149 -1
-1 6 115 -1 134 -1 143 -1 167 -1 173 -1 199 -1
-1 8 1 -1 2 -1 14 -1 26 -1 36 -1 56 -1 93 -1 129 -1
-1 8 0 -1 5 -1 58 -1 85 -1 90 -1 120 -1 161 -1 170 -1
-1 2 0 -1 94 -1
-1 5 13 -1 47 -1 123 -1 133 -1 190 -1
-1 12 51 -1 76 -1 83 -1 101 -1 122 -1 124 -1 136 -1 164 -1 171 -1 191 -1 193 -1 196 -1
incumbent 1
0 0 0 0 0 1 0 0 0 0 1 0 0 0 0 1 0 0 1 0 0 1 0 0 1 1 0 0 1 0 0 0 1 0 1 1 0 0 0 0 0 0 0 0 1 0 0 0 1 0 1 0 0 0 1 1 0 0 0 1 0 0 0 0 1 1 0 0 0 0 0 0 1 1 1 1 0 0 0 0 0 1 0 0 0 0 0 1 1 0 0 1 0 1 1 1 0 1 1 1 0 0 1 0 0 0 0 1 0 1 0 1 0 0 0 1 1 0 0 0 0 0 0 0 0 1 0 0 0 0 0 1 0 0 0 1 0 1 0 1 0 0 0 0 0 0 0 0 1 0 0 1 1 0 1 0 0 0 0 0 0 0 0 1 0 0 0 0 0 1 0 0 0 0 0 0 0 1 1 0 0 0 1 0 0 1 0 0 0 0 0 0 0 0 0 0 1 1 0 0
