180 56
7 3 19 25 16 28 23 14 21 1 17 4 22 26 3 25 8 1 4 2 22 22 26 19 12 27 30 3 20 27 7 8 28 13 16 25 23 20 11 15 15 19 13 21 16 9 19 2 4 17 14 28 3 5 15 13 7 28 17 29 6 20 4 14 21 1 29 30 13 2 28 29 11 10 18 23 8 15 8 26 4 27 4 18 24 8 9 10 7 6 26 17 4 24 2 11 10 23 8 25 3 18 26 19 11 13 16 7 11 13 20 29 19 7 16 21 9 21 14 3 15 26 22 29 3 19 8 4 7 11 13 22 19 26 16 30 8 5 16 8 20 14 11 7 24 24 27 25 19 6 19 21 6 8 10 17 6 13 3 5 7 1 9 9 29 14 21 19 30 26 26 26 13 1 14 7 17 25 6 30
3 62 2 1 3 1 6 1 8 1 10 1 11 1 12 1 14 1 15 1 16 1 17 1 19 1 23 1 26 1 30 1 36 1 38 1 40 1 43 1 44 1 45 1 48 1 50 1 51 1 53 1 58 1 60 1 61 1 62 1 65 1 67 1 71 1 75 1 82 1 83 1 89 1 90 1 91 1 93 1 95 1 100 1 101 1 102 1 105 1 106 1 110 1 117 1 120 1 133 1 136 1 137 1 138 1 142 1 145 1 148 1 153 1 155 1 163 1 169 1 171 1 175 1 177 1
3 39 4 1 10 1 11 1 18 1 19 1 32 1 40 1 41 1 43 1 46 1 50 1 52 1 57 1 71 1 79 1 80 1 85 1 95 1 100 1 102 1 106 1 113 1 115 1 118 1 119 1 123 1 125 1 127 1 130 1 135 1 138 1 140 1 148 1 157 1 163 1 166 1 167 1 171 1 173 1
3 45 3 1 14 1 17 1 19 1 24 1 25 1 26 1 33 1 35 1 38 1 39 1 40 1 41 1 43 1 45 1 49 1 54 1 55 1 56 1 57 1 58 1 70 1 72 1 73 1 78 1 80 1 86 1 99 1 102 1 110 1 111 1 128 1 130 1 131 1 133 1 134 1 135 1 138 1 157 1 160 1 162 1 165 1 175 1 178 1 179 1
3 49 6 1 12 1 13 1 14 1 16 1 19 1 20 1 23 1 28 1 38 1 43 1 49 1 51 1 52 1 54 1 55 1 61 1 62 1 67 1 78 1 82 1 84 1 85 1 89 1 92 1 96 1 102 1 105 1 109 1 112 1 117 1 122 1 129 1 130 1 135 1 140 1 141 1 143 1 148 1 149 1 156 1 160 1 161 1 164 1 166 1 167 1 174 1 175 1 179 1
3 44 6 1 11 1 14 1 15 1 16 1 20 1 23 1 27 1 32 1 34 1 40 1 41 1 44 1 53 1 57 1 63 1 64 1 74 1 78 1 82 1 86 1 88 1 93 1 94 1 97 1 100 1 117 1 120 1 125 1 126 1 131 1 135 1 136 1 146 1 151 1 152 1 153 1 154 1 165 1 169 1 171 1 174 1 175 1 177 1
3 55 0 1 1 1 3 1 6 1 7 1 10 1 15 1 19 1 22 1 29 1 32 1 35 1 39 1 43 1 47 1 48 1 52 1 55 1 56 1 59 1 63 1 66 1 71 1 77 1 81 1 82 1 84 1 85 1 94 1 95 1 98 1 107 1 114 1 122 1 123 1 125 1 127 1 128 1 129 1 130 1 139 1 142 1 143 1 151 1 154 1 157 1 158 1 163 1 169 1 170 1 171 1 173 1 175 1 176 1 177 1
3 54 1 1 5 1 6 1 8 1 10 1 16 1 18 1 22 1 26 1 32 1 34 1 36 1 38 1 40 1 49 1 51 1 52 1 54 1 58 1 63 1 64 1 66 1 69 1 71 1 75 1 78 1 84 1 89 1 91 1 95 1 96 1 100 1 101 1 102 1 108 1 112 1 115 1 116 1 117 1 119 1 122 1 130 1 137 1 138 1 148 1 158 1 159 1 163 1 164 1 166 1 170 1 171 1 173 1 174 1
3 59 1 1 2 1 5 1 10 1 15 1 16 1 17 1 20 1 22 1 24 1 31 1 39 1 43 1 48 1 50 1 54 1 55 1 57 1 59 1 62 1 66 1 67 1 68 1 71 1 76 1 77 1 80 1 82 1 90 1 91 1 92 1 95 1 97 1 98 1 113 1 116 1 118 1 121 1 126 1 127 1 128 1 130 1 133 1 135 1 137 1 138 1 139 1 147 1 157 1 158 1 161 1 163 1 167 1 169 1 172 1 173 1 176 1 177 1 178 1
3 45 4 1 10 1 11 1 12 1 13 1 15 1 18 1 19 1 23 1 28 1 29 1 36 1 37 1 43 1 45 1 49 1 51 1 52 1 68 1 77 1 78 1 81 1 82 1 86 1 87 1 90 1 93 1 105 1 106 1 107 1 114 1 127 1 136 1 139 1 142 1 143 1 151 1 154 1 157 1 159 1 160 1 168 1 174 1 175 1 179 1
3 51 1 1 5 1 6 1 10 1 16 1 21 1 22 1 25 1 27 1 31 1 35 1 36 1 37 1 41 1 45 1 47 1 48 1 50 1 55 1 56 1 60 1 62 1 65 1 66 1 71 1 73 1 79 1 80 1 83 1 84 1 87 1 93 1 94 1 97 1 102 1 105 1 110 1 112 1 115 1 119 1 126 1 129 1 130 1 137 1 143 1 147 1 152 1 157 1 162 1 164 1 166 1
3 36 4 1 6 1 8 1 12 1 13 1 29 1 30 1 36 1 37 1 45 1 46 1 47 1 51 1 55 1 63 1 68 1 69 1 71 1 77 1 78 1 88 1 104 1 113 1 127 1 128 1 135 1 137 1 144 1 147 1 151 1 153 1 155 1 159 1 164 1 171 1 176 1
3 51 2 1 12 1 13 1 14 1 16 1 18 1 19 1 24 1 25 1 26 1 27 1 32 1 35 1 38 1 39 1 41 1 46 1 54 1 55 1 56 1 57 1 60 1 63 1 66 1 77 1 79 1 82 1 87 1 89 1 93 1 103 1 105 1 107 1 110 1 113 1 114 1 115 1 125 1 126 1 133 1 136 1 141 1 144 1 146 1 149 1 151 1 153 1 164 1 165 1 175 1 176 1
3 50 0 1 10 1 12 1 13 1 15 1 17 1 18 1 21 1 22 1 25 1 29 1 30 1 40 1 45 1 47 1 48 1 49 1 56 1 58 1 69 1 72 1 74 1 75 1 77 1 88 1 90 1 91 1 94 1 97 1 101 1 109 1 118 1 119 1 121 1 125 1 134 1 137 1 138 1 140 1 146 1 150 1 156 1 160 1 166 1 167 1 168 1 170 1 172 1 176 1 178 1
3 51 0 1 5 1 9 1 10 1 16 1 17 1 25 1 26 1 27 1 30 1 33 1 36 1 37 1 42 1 45 1 48 1 53 1 55 1 59 1 60 1 61 1 65 1 70 1 72 1 76 1 83 1 88 1 89 1 91 1 100 1 101 1 103 1 106 1 108 1 111 1 119 1 121 1 122 1 124 1 128 1 129 1 138 1 150 1 151 1 155 1 160 1 165 1 168 1 169 1 174 1 175 1
3 49 1 1 5 1 7 1 12 1 14 1 15 1 19 1 23 1 29 1 34 1 37 1 44 1 48 1 49 1 53 1 55 1 56 1 57 1 58 1 59 1 60 1 77 1 82 1 85 1 86 1 88 1 94 1 95 1 106 1 116 1 118 1 124 1 125 1 126 1 132 1 137 1 138 1 141 1 143 1 144 1 146 1 147 1 148 1 150 1 155 1 157 1 168 1 173 1 176 1
3 51 5 1 9 1 12 1 15 1 16 1 17 1 19 1 20 1 21 1 25 1 27 1 32 1 35 1 45 1 50 1 53 1 58 1 61 1 68 1 72 1 79 1 81 1 84 1 87 1 88 1 95 1 98 1 106 1 110 1 111 1 117 1 122 1 129 1 130 1 132 1 135 1 137 1 140 1 143 1 144 1 145 1 146 1 150 1 155 1 159 1 168 1 173 1 174 1 175 1 177 1 179 1
3 42 0 1 4 1 5 1 7 1 18 1 20 1 28 1 31 1 41 1 44 1 45 1 51 1 53 1 61 1 62 1 63 1 68 1 69 1 71 1 73 1 82 1 83 1 91 1 94 1 97 1 101 1 104 1 106 1 113 1 117 1 123 1 124 1 129 1 131 1 137 1 143 1 149 1 150 1 166 1 170 1 172 1 176 1
3 53 0 1 1 1 2 1 4 1 6 1 9 1 23 1 35 1 42 1 44 1 46 1 47 1 50 1 52 1 54 1 56 1 59 1 60 1 61 1 64 1 67 1 68 1 70 1 72 1 73 1 82 1 88 1 94 1 111 1 114 1 115 1 117 1 118 1 125 1 129 1 131 1 132 1 137 1 138 1 141 1 142 1 145 1 149 1 151 1 153 1 160 1 163 1 167 1 169 1 170 1 174 1 177 1 179 1
3 48 0 1 6 1 13 1 15 1 18 1 19 1 22 1 23 1 27 1 28 1 32 1 33 1 43 1 47 1 52 1 54 1 60 1 63 1 65 1 67 1 80 1 86 1 89 1 90 1 95 1 105 1 116 1 117 1 119 1 120 1 122 1 128 1 131 1 132 1 134 1 140 1 141 1 150 1 154 1 158 1 159 1 163 1 165 1 166 1 169 1 172 1 174 1 177 1
3 54 4 1 9 1 12 1 13 1 23 1 28 1 30 1 31 1 33 1 49 1 51 1 54 1 55 1 57 1 58 1 61 1 66 1 67 1 74 1 82 1 83 1 84 1 87 1 88 1 91 1 93 1 94 1 96 1 98 1 102 1 104 1 106 1 108 1 113 1 115 1 118 1 121 1 124 1 125 1 127 1 132 1 137 1 142 1 143 1 145 1 148 1 152 1 153 1 156 1 158 1 170 1 171 1 174 1 176 1
3 52 0 1 6 1 21 1 22 1 23 1 28 1 29 1 33 1 35 1 36 1 39 1 40 1 42 1 45 1 46 1 54 1 61 1 62 1 63 1 68 1 69 1 76 1 81 1 83 1 85 1 86 1 90 1 92 1 97 1 106 1 108 1 118 1 119 1 125 1 127 1 132 1 133 1 134 1 136 1 137 1 143 1 144 1 147 1 152 1 155 1 160 1 163 1 166 1 168 1 171 1 178 1 179 1
3 50 0 1 5 1 6 1 14 1 15 1 16 1 28 1 31 1 34 1 35 1 39 1 43 1 50 1 53 1 55 1 56 1 68 1 74 1 76 1 80 1 81 1 94 1 96 1 99 1 105 1 106 1 108 1 115 1 117 1 121 1 122 1 124 1 125 1 126 1 127 1 129 1 132 1 135 1 136 1 139 1 144 1 149 1 150 1 151 1 156 1 164 1 166 1 168 1 170 1 173 1
3 39 6 1 9 1 15 1 30 1 32 1 33 1 34 1 35 1 36 1 44 1 45 1 48 1 49 1 70 1 72 1 78 1 90 1 94 1 95 1 102 1 106 1 108 1 111 1 115 1 124 1 125 1 128 1 134 1 135 1 146 1 150 1 154 1 156 1 160 1 161 1 168 1 171 1 175 1 178 1
3 34 10 1 12 1 16 1 21 1 29 1 40 1 42 1 43 1 44 1 45 1 47 1 55 1 58 1 59 1 60 1 62 1 81 1 85 1 86 1 88 1 97 1 104 1 112 1 118 1 119 1 125 1 128 1 132 1 135 1 136 1 148 1 155 1 171 1 177 1
3 56 0 1 7 1 10 1 13 1 15 1 20 1 25 1 26 1 28 1 30 1 31 1 33 1 38 1 41 1 43 1 44 1 46 1 51 1 56 1 59 1 65 1 67 1 74 1 76 1 78 1 82 1 83 1 85 1 87 1 92 1 94 1 95 1 99 1 103 1 111 1 115 1 117 1 118 1 124 1 130 1 131 1 133 1 137 1 141 1 143 1 144 1 153 1 157 1 159 1 161 1 165 1 168 1 170 1 177 1 178 1 179 1
3 51 1 1 3 1 9 1 11 1 13 1 14 1 15 1 18 1 21 1 22 1 29 1 34 1 41 1 42 1 52 1 54 1 58 1 64 1 67 1 74 1 76 1 78 1 79 1 82 1 83 1 84 1 85 1 87 1 92 1 93 1 95 1 102 1 105 1 108 1 111 1 114 1 116 1 119 1 126 1 135 1 136 1 140 1 141 1 154 1 156 1 158 1 163 1 167 1 170 1 174 1 176 1
3 46 0 1 1 1 2 1 6 1 11 1 14 1 18 1 19 1 31 1 37 1 45 1 50 1 52 1 55 1 61 1 63 1 69 1 70 1 71 1 72 1 74 1 76 1 86 1 97 1 99 1 101 1 102 1 106 1 115 1 116 1 118 1 121 1 125 1 128 1 129 1 132 1 137 1 140 1 160 1 162 1 163 1 165 1 168 1 173 1 177 1 178 1
3 46 2 1 6 1 12 1 16 1 17 1 20 1 23 1 27 1 29 1 31 1 33 1 36 1 40 1 41 1 49 1 51 1 64 1 65 1 66 1 68 1 72 1 73 1 75 1 79 1 87 1 91 1 93 1 99 1 100 1 110 1 111 1 116 1 124 1 126 1 134 1 135 1 142 1 150 1 152 1 154 1 155 1 160 1 163 1 167 1 170 1 179 1
3 57 4 1 5 1 6 1 8 1 9 1 11 1 14 1 16 1 18 1 20 1 26 1 29 1 31 1 32 1 36 1 43 1 44 1 45 1 46 1 47 1 51 1 54 1 59 1 60 1 63 1 67 1 68 1 69 1 73 1 74 1 77 1 94 1 96 1 98 1 103 1 106 1 111 1 113 1 141 1 143 1 145 1 146 1 149 1 151 1 152 1 155 1 157 1 158 1 159 1 161 1 165 1 167 1 168 1 171 1 172 1 175 1 177 1
3 55 5 1 7 1 9 1 15 1 16 1 20 1 22 1 23 1 30 1 32 1 36 1 42 1 43 1 48 1 51 1 52 1 57 1 59 1 68 1 69 1 71 1 72 1 73 1 78 1 79 1 81 1 83 1 86 1 92 1 93 1 103 1 106 1 112 1 113 1 116 1 117 1 121 1 122 1 123 1 127 1 129 1 131 1 132 1 133 1 134 1 136 1 139 1 142 1 144 1 155 1 159 1 160 1 162 1 163 1 170 1
3 49 1 1 2 1 6 1 11 1 23 1 24 1 36 1 43 1 45 1 47 1 51 1 53 1 55 1 57 1 58 1 61 1 65 1 66 1 67 1 70 1 76 1 77 1 79 1 82 1 83 1 85 1 87 1 88 1 91 1 101 1 109 1 113 1 114 1 116 1 119 1 120 1 122 1 123 1 129 1 133 1 135 1 142 1 143 1 144 1 147 1 153 1 158 1 159 1 177 1
3 44 3 1 4 1 8 1 12 1 16 1 19 1 23 1 26 1 27 1 30 1 36 1 39 1 41 1 42 1 46 1 47 1 53 1 54 1 62 1 65 1 67 1 71 1 80 1 81 1 85 1 89 1 92 1 94 1 101 1 124 1 127 1 128 1 129 1 137 1 147 1 150 1 151 1 152 1 156 1 161 1 168 1 169 1 174 1 175 1
3 32 0 1 1 1 3 1 4 1 8 1 10 1 14 1 28 1 31 1 37 1 38 1 52 1 56 1 58 1 62 1 87 1 95 1 96 1 101 1 105 1 108 1 111 1 142 1 144 1 145 1 155 1 156 1 159 1 163 1 164 1 168 1 169 1
3 46 0 1 1 1 4 1 6 1 8 1 10 1 11 1 12 1 13 1 25 1 30 1 37 1 38 1 40 1 43 1 53 1 60 1 68 1 71 1 76 1 79 1 83 1 88 1 93 1 97 1 98 1 102 1 103 1 106 1 112 1 116 1 117 1 118 1 120 1 121 1 126 1 133 1 135 1 142 1 153 1 154 1 156 1 159 1 165 1 167 1 172 1
3 52 0 1 4 1 5 1 6 1 7 1 11 1 15 1 26 1 28 1 33 1 37 1 48 1 49 1 51 1 52 1 57 1 59 1 65 1 67 1 68 1 71 1 74 1 81 1 82 1 84 1 89 1 91 1 94 1 96 1 97 1 102 1 104 1 108 1 109 1 110 1 115 1 120 1 126 1 132 1 136 1 137 1 139 1 142 1 143 1 144 1 150 1 156 1 159 1 162 1 163 1 164 1 170 1
3 41 10 1 16 1 17 1 19 1 21 1 26 1 30 1 31 1 41 1 47 1 53 1 60 1 62 1 70 1 80 1 81 1 83 1 85 1 92 1 96 1 103 1 105 1 106 1 108 1 110 1 111 1 116 1 122 1 129 1 134 1 135 1 144 1 150 1 154 1 160 1 161 1 162 1 169 1 170 1 174 1 175 1
3 52 4 1 6 1 7 1 11 1 12 1 14 1 18 1 20 1 24 1 25 1 26 1 29 1 34 1 39 1 40 1 41 1 46 1 48 1 56 1 62 1 64 1 68 1 73 1 74 1 75 1 81 1 84 1 85 1 88 1 96 1 100 1 105 1 106 1 112 1 119 1 122 1 127 1 128 1 131 1 133 1 136 1 142 1 147 1 155 1 159 1 162 1 164 1 167 1 170 1 172 1 176 1 179 1
3 41 2 1 5 1 7 1 12 1 15 1 19 1 22 1 27 1 29 1 34 1 37 1 42 1 43 1 47 1 50 1 54 1 60 1 62 1 64 1 70 1 74 1 75 1 78 1 80 1 82 1 89 1 98 1 100 1 108 1 109 1 110 1 114 1 117 1 131 1 134 1 145 1 153 1 162 1 170 1 173 1 175 1
3 45 0 1 6 1 17 1 21 1 22 1 26 1 31 1 40 1 42 1 45 1 46 1 49 1 51 1 52 1 59 1 61 1 65 1 67 1 84 1 86 1 90 1 92 1 98 1 106 1 117 1 122 1 124 1 125 1 127 1 130 1 134 1 136 1 139 1 140 1 142 1 150 1 158 1 159 1 161 1 162 1 163 1 164 1 165 1 167 1 170 1
3 57 7 1 9 1 10 1 11 1 13 1 14 1 17 1 25 1 28 1 32 1 33 1 34 1 36 1 37 1 39 1 40 1 42 1 44 1 47 1 52 1 54 1 66 1 67 1 68 1 72 1 75 1 77 1 79 1 80 1 83 1 86 1 98 1 101 1 109 1 110 1 111 1 115 1 120 1 121 1 123 1 133 1 137 1 139 1 144 1 145 1 146 1 147 1 149 1 150 1 158 1 162 1 165 1 170 1 171 1 175 1 176 1 177 1
3 43 2 1 3 1 5 1 6 1 9 1 10 1 18 1 27 1 41 1 43 1 48 1 49 1 58 1 59 1 65 1 67 1 70 1 74 1 78 1 84 1 86 1 87 1 88 1 95 1 98 1 103 1 110 1 123 1 125 1 131 1 132 1 135 1 138 1 139 1 144 1 147 1 162 1 163 1 169 1 171 1 173 1 175 1 177 1
3 41 2 1 5 1 10 1 11 1 19 1 32 1 35 1 37 1 38 1 45 1 59 1 64 1 66 1 70 1 71 1 75 1 76 1 78 1 81 1 98 1 102 1 103 1 106 1 112 1 114 1 119 1 120 1 121 1 124 1 125 1 126 1 127 1 137 1 146 1 156 1 157 1 159 1 170 1 171 1 172 1 173 1
3 53 1 1 6 1 13 1 14 1 18 1 25 1 26 1 31 1 32 1 36 1 43 1 44 1 45 1 48 1 62 1 65 1 67 1 69 1 71 1 74 1 75 1 82 1 83 1 84 1 87 1 88 1 89 1 91 1 93 1 95 1 97 1 99 1 102 1 105 1 110 1 113 1 116 1 118 1 132 1 135 1 137 1 140 1 141 1 145 1 148 1 149 1 150 1 153 1 156 1 162 1 164 1 173 1 177 1
3 58 0 1 4 1 9 1 16 1 19 1 20 1 23 1 26 1 29 1 30 1 36 1 38 1 40 1 42 1 43 1 44 1 45 1 47 1 49 1 53 1 62 1 63 1 66 1 71 1 77 1 78 1 83 1 88 1 98 1 101 1 106 1 110 1 112 1 113 1 118 1 119 1 124 1 130 1 132 1 135 1 136 1 137 1 139 1 141 1 142 1 144 1 145 1 149 1 150 1 151 1 154 1 160 1 164 1 165 1 166 1 173 1 175 1 178 1
3 45 5 1 7 1 12 1 14 1 18 1 19 1 20 1 21 1 27 1 32 1 47 1 52 1 56 1 57 1 58 1 66 1 71 1 72 1 78 1 82 1 86 1 88 1 93 1 95 1 96 1 97 1 98 1 99 1 123 1 129 1 131 1 132 1 136 1 143 1 144 1 145 1 148 1 155 1 157 1 158 1 159 1 165 1 169 1 173 1 175 1
3 42 14 1 18 1 25 1 30 1 34 1 40 1 43 1 46 1 49 1 52 1 56 1 57 1 69 1 73 1 77 1 78 1 87 1 88 1 89 1 90 1 94 1 99 1 100 1 103 1 104 1 109 1 110 1 114 1 123 1 124 1 132 1 136 1 145 1 147 1 148 1 152 1 156 1 158 1 171 1 175 1 177 1 179 1
3 45 3 1 5 1 17 1 19 1 25 1 33 1 37 1 38 1 39 1 48 1 55 1 60 1 63 1 72 1 75 1 76 1 77 1 83 1 84 1 91 1 103 1 105 1 107 1 114 1 116 1 118 1 121 1 123 1 129 1 131 1 132 1 134 1 140 1 144 1 148 1 153 1 154 1 159 1 165 1 171 1 172 1 173 1 176 1 177 1 179 1
3 36 1 1 6 1 8 1 17 1 19 1 32 1 35 1 39 1 55 1 57 1 68 1 72 1 81 1 88 1 89 1 99 1 102 1 104 1 109 1 111 1 113 1 126 1 131 1 132 1 138 1 139 1 152 1 153 1 156 1 158 1 163 1 167 1 168 1 170 1 177 1 179 1
3 53 0 1 6 1 10 1 11 1 13 1 14 1 15 1 23 1 29 1 30 1 36 1 42 1 43 1 53 1 66 1 68 1 70 1 73 1 76 1 77 1 78 1 79 1 80 1 82 1 83 1 88 1 89 1 93 1 98 1 105 1 106 1 110 1 111 1 120 1 122 1 130 1 134 1 136 1 138 1 139 1 140 1 141 1 143 1 147 1 148 1 156 1 157 1 165 1 167 1 171 1 174 1 176 1 177 1
3 44 1 1 4 1 7 1 8 1 9 1 10 1 12 1 13 1 20 1 25 1 27 1 31 1 39 1 42 1 43 1 44 1 45 1 52 1 56 1 69 1 72 1 77 1 85 1 93 1 95 1 98 1 101 1 102 1 110 1 113 1 129 1 131 1 132 1 134 1 135 1 138 1 139 1 145 1 146 1 150 1 151 1 154 1 169 1 170 1
3 52 7 1 9 1 11 1 12 1 13 1 22 1 28 1 29 1 30 1 36 1 41 1 43 1 44 1 47 1 50 1 59 1 60 1 61 1 62 1 65 1 66 1 68 1 71 1 74 1 75 1 76 1 78 1 79 1 81 1 83 1 92 1 103 1 104 1 110 1 111 1 117 1 124 1 128 1 129 1 132 1 133 1 135 1 145 1 146 1 153 1 155 1 159 1 165 1 167 1 168 1 169 1 172 1
3 57 4 1 12 1 15 1 16 1 20 1 21 1 22 1 30 1 39 1 40 1 44 1 45 1 51 1 56 1 59 1 63 1 66 1 67 1 71 1 85 1 86 1 87 1 91 1 94 1 95 1 104 1 106 1 107 1 108 1 109 1 112 1 113 1 114 1 116 1 117 1 119 1 125 1 126 1 127 1 133 1 134 1 136 1 138 1 139 1 141 1 142 1 151 1 153 1 159 1 160 1 161 1 163 1 165 1 167 1 168 1 169 1 170 1
3 55 1 1 6 1 8 1 9 1 14 1 17 1 24 1 28 1 37 1 38 1 39 1 43 1 44 1 45 1 47 1 50 1 53 1 56 1 58 1 65 1 66 1 72 1 74 1 76 1 77 1 78 1 80 1 82 1 85 1 89 1 90 1 93 1 94 1 97 1 100 1 101 1 102 1 103 1 106 1 108 1 113 1 114 1 121 1 124 1 125 1 128 1 132 1 137 1 139 1 143 1 144 1 146 1 151 1 163 1 173 1
3 30 1 1 20 1 24 1 41 1 53 1 57 1 62 1 68 1 80 1 81 1 87 1 88 1 89 1 93 1 96 1 99 1 105 1 117 1 122 1 128 1 129 1 132 1 135 1 150 1 151 1 152 1 153 1 166 1 171 1 179 1
3 44 4 1 12 1 13 1 16 1 17 1 18 1 28 1 30 1 32 1 33 1 34 1 39 1 40 1 44 1 49 1 50 1 64 1 65 1 66 1 68 1 77 1 80 1 90 1 98 1 99 1 103 1 104 1 119 1 121 1 125 1 127 1 130 1 132 1 135 1 145 1 146 1 149 1 150 1 162 1 166 1 173 1 175 1 176 1 178 1
3 43 1 1 7 1 8 1 10 1 11 1 18 1 20 1 24 1 26 1 31 1 37 1 39 1 45 1 47 1 51 1 52 1 58 1 59 1 66 1 84 1 96 1 102 1 103 1 114 1 117 1 120 1 124 1 125 1 126 1 127 1 133 1 136 1 138 1 150 1 154 1 158 1 160 1 162 1 164 1 167 1 169 1 174 1 176 1
incumbent 1
0 1 0 0 0 0 0 0 0 1 0 1 0 0 1 0 0 1 0 1 0 0 0 0 0 0 0 1 0 0 0 0 0 0 0 0 0 0 0 0 0 0 0 0 0 0 0 1 0 0 0 0 0 1 0 0 0 0 0 0 0 0 1 0 0 1 0 0 0 1 0 0 0 0 0 0 0 0 0 0 0 0 0 0 0 0 0 0 0 0 0 0 0 0 1 0 0 0 0 0 0 0 0 0 0 0 0 0 0 0 0 0 0 0 0 0 0 0 0 1 0 0 0 0 0 0 0 1 0 0 0 0 0 0 0 0 0 0 0 0 0 0 0 0 0 0 0 0 0 0 0 0 0 0 0 0 0 0 0 0 0 1 0 0 0 0 0 0 0 0 0 0 0 1 0 0 0 0 0 0
