240 70
-44 -51 -41 -45 -54 -32 -45 -19 -41 -8 -48 -26 -14 -42 -14 -51 -18 -24 -27 -17 -32 -18 -16 -22 -55 -56 -24 -8 -21 -12 -52 -29 -12 -40 -36 -54 -24 -25 -25 -38 -54 -14 -24 -6 -33 -22 -33 -24 -17 -58 -29 -4 -24 -32 -24 -31 -18 -32 -26 -39 -37 -20 -23 -22 -45 -30 -12 -19 -33 -19 -36 -4 -11 -44 -29 -33 -32 -37 -41 -20 -24 -13 -50 -44 -18 -29 -41 -35 -24 -31 -27 -39 -28 -36 -28 -20 -40 -52 -54 -32 -37 -17 -29 -76 -34 -23 -49 -26 -28 -53 -28 -38 -58 -63 -23 -58 -56 -43 -42 -27 -43 -17 -61 -30 -10 -20 -44 -19 -14 -44 -42 -23 -22 -45 -17 -64 -41 -29 -31 -39 -58 -60 -28 -17 -64 -39 -16 -37 -48 -18 -45 -46 -17 -22 -50 -22 -47 -23 -16 -25 -57 -66 -35 -42 -22 -34 -39 -20 -17 -42 -43 -19 -32 -25 -32 -66 -27 -61 -59 -72 -36 -49 -46 -50 -13 -19 -35 -17 -45 -39 -22 -54 -8 -12 -8 -33 -43 -55 -33 -51 -19 -14 -49 -32 -51 -37 -15 -16 -13 -31 -15 -40 -26 -26 -48 -8 -34 -33 -57 -26 -35 -41 -46 -36 -30 -41 -49 -29 -32 -50 -22 -19 -8 -35 -35 -27 -34 -48 -35 -52
-1 15 8 -1 33 -1 45 -1 48 -1 56 -1 78 -1 79 -1 118 -1 132 -1 159 -1 162 -1 175 -1 194 -1 205 -1 236 -1
-1 5 96 -1 156 -1 180 -1 185 -1 203 -1
-1 4 31 -1 34 -1 49 -1 141 -1
-1 9 4 -1 25 -1 33 -1 74 -1 76 -1 93 -1 109 -1 126 -1 239 -1
-1 9 48 -1 68 -1 72 -1 111 -1 149 -1 160 -1 197 -1 206 -1 237 -1
-1 5 68 -1 162 -1 195 -1 216 -1 223 -1
-1 12 3 -1 10 -1 39 -1 40 -1 61 -1 64 -1 88 -1 91 -1 117 -1 156 -1 211 -1 226 -1
-1 7 47 -1 64 -1 75 -1 130 -1 165 -1 170 -1 179 -1
-1 12 46 -1 64 -1 79 -1 81 -1 117 -1 150 -1 154 -1 174 -1 179 -1 188 -1 195 -1 226 -1
-1 19 10 -1 15 -1 20 -1 25 -1 35 -1 83 -1 106 -1 123 -1 131 -1 135 -1 148 -1 161 -1 169 -1 178 -1 180 -1 188 -1 191 -1 197 -1 198 -1
-1 4 52 -1 76 -1 106 -1 117 -1
-1 5 7 -1 32 -1 65 -1 93 -1 213 -1
-1 6 26 -1 97 -1 116 -1 136 -1 183 -1 236 -1
-1 7 9 -1 12 -1 17 -1 50 -1 147 -1 176 -1 235 -1
-1 16 16 -1 17 -1 48 -1 60 -1 66 -1 73 -1 98 -1 109 -1 121 -1 124 -1 148 -1 151 -1 159 -1 182 -1 223 -1 236 -1
-1 5 36 -1 155 -1 166 -1 184 -1 204 -1
-1 13 8 -1 35 -1 57 -1 83 -1 104 -1 111 -1 130 -1 146 -1 160 -1 175 -1 193 -1 201 -1 214 -1
-1 14 24 -1 65 -1 86 -1 115 -1 119 -1 136 -1 166 -1 172 -1 175 -1 177 -1 182 -1 191 -1 225 -1 239 -1
-1 19 2 -1 43 -1 60 -1 71 -1 72 -1 85 -1 100 -1 105 -1 132 -1 141 -1 143 -1 147 -1 188 -1 198 -1 209 -1 212 -1 222 -1 226 -1 233 -1
-1 8 8 -1 38 -1 116 -1 137 -1 144 -1 156 -1 221 -1 237 -1
-1 9 4 -1 89 -1 106 -1 109 -1 115 -1 133 -1 161 -1 178 -1 229 -1
-1 5 30 -1 102 -1 136 -1 140 -1 227 -1
-1 6 45 -1 54 -1 88 -1 156 -1 217 -1 238 -1
-1 6 70 -1 92 -1 160 -1 214 -1 221 -1 226 -1
-1 14 6 -1 25 -1 39 -1 78 -1 114 -1 122 -1 126 -1 158 -1 177 -1 217 -1 218 -1 226 -1 229 -1 230 -1
-1 10 34 -1 80 -1 84 -1 90 -1 120 -1 147 -1 197 -1 199 -1 203 -1 204 -1
-1 11 20 -1 58 -1 59 -1 77 -1 135 -1 183 -1 187 -1 190 -1 199 -1 208 -1 212 -1
-1 6 22 -1 94 -1 115 -1 177 -1 217 -1 225 -1
-1 8 1 -1 40 -1 42 -1 59 -1 113 -1 169 -1 219 -1 223 -1
-1 6 40 -1 77 -1 103 -1 112 -1 154 -1 209 -1
-1 6 8 -1 78 -1 205 -1 221 -1 224 -1 232 -1
-1 5 18 -1 129 -1 183 -1 186 -1 196 -1
-1 16 2 -1 5 -1 23 -1 37 -1 82 -1 86 -1 95 -1 98 -1 99 -1 116 -1 120 -1 151 -1 175 -1 189 -1 233 -1 238 -1
-1 9 3 -1 13 -1 26 -1 69 -1 86 -1 98 -1 122 -1 138 -1 224 -1
-1 8 15 -1 16 -1 98 -1 116 -1 144 -1 145 -1 195 -1 229 -1
-1 10 24 -1 30 -1 44 -1 97 -1 133 -1 141 -1 144 -1 150 -1 204 -1 229 -1
-1 14 31 -1 37 -1 52 -1 70 -1 86 -1 97 -1 99 -1 110 -1 189 -1 205 -1 215 -1 216 -1 222 -1 231 -1
-1 7 85 -1 111 -1 144 -1 183 -1 186 -1 220 -1 223 -1
-1 7 14 -1 64 -1 87 -1 150 -1 156 -1 170 -1 178 -1
-1 6 93 -1 94 -1 100 -1 145 -1 204 -1 230 -1
-1 13 11 -1 29 -1 41 -1 52 -1 74 -1 87 -1 112 -1 126 -1 154 -1 169 -1 181 -1 182 -1 211 -1
-1 5 53 -1 59 -1 83 -1 140 -1 199 -1
-1 13 0 -1 15 -1 62 -1 103 -1 106 -1 110 -1 112 -1 122 -1 163 -1 181 -1 213 -1 220 -1 234 -1
-1 16 97 -1 103 -1 108 -1 113 -1 122 -1 135 -1 139 -1 151 -1 160 -1 178 -1 212 -1 214 -1 221 -1 222 -1 224 -1 228 -1
-1 10 47 -1 49 -1 58 -1 89 -1 114 -1 129 -1 157 -1 166 -1 173 -1 223 -1
-1 14 3 -1 25 -1 50 -1 53 -1 56 -1 60 -1 103 -1 104 -1 109 -1 127 -1 133 -1 142 -1 161 -1 179 -1
-1 6 39 -1 47 -1 90 -1 106 -1 120 -1 225 -1
-1 5 36 -1 46 -1 77 -1 144 -1 170 -1
-1 14 0 -1 31 -1 35 -1 39 -1 68 -1 93 -1 96 -1 111 -1 123 -1 137 -1 149 -1 196 -1 228 -1 231 -1
-1 16 10 -1 11 -1 48 -1 109 -1 130 -1 138 -1 139 -1 147 -1 153 -1 159 -1 167 -1 186 -1 196 -1 220 -1 233 -1 238 -1
-1 10 1 -1 4 -1 5 -1 50 -1 67 -1 73 -1 118 -1 121 -1 182 -1 207 -1
-1 16 19 -1 21 -1 23 -1 37 -1 51 -1 86 -1 114 -1 125 -1 143 -1 158 -1 166 -1 172 -1 188 -1 209 -1 216 -1 238 -1
-1 10 6 -1 74 -1 85 -1 99 -1 118 -1 145 -1 149 -1 188 -1 205 -1 211 -1
-1 16 3 -1 40 -1 57 -1 61 -1 63 -1 64 -1 72 -1 95 -1 105 -1 117 -1 140 -1 145 -1 150 -1 157 -1 168 -1 206 -1
-1 10 33 -1 73 -1 91 -1 135 -1 140 -1 163 -1 191 -1 202 -1 211 -1 237 -1
-1 14 2 -1 8 -1 10 -1 34 -1 62 -1 73 -1 93 -1 118 -1 125 -1 174 -1 179 -1 216 -1 218 -1 235 -1
-1 14 3 -1 49 -1 75 -1 94 -1 103 -1 132 -1 150 -1 167 -1 176 -1 189 -1 192 -1 209 -1 222 -1 228 -1
-1 3 175 -1 181 -1 202 -1
-1 11 10 -1 30 -1 55 -1 110 -1 122 -1 138 -1 148 -1 213 -1 216 -1 227 -1 237 -1
-1 8 13 -1 70 -1 113 -1 137 -1 139 -1 141 -1 154 -1 236 -1
-1 14 4 -1 13 -1 38 -1 65 -1 69 -1 78 -1 96 -1 98 -1 120 -1 140 -1 145 -1 165 -1 185 -1 210 -1
-1 11 6 -1 76 -1 96 -1 115 -1 116 -1 148 -1 160 -1 177 -1 189 -1 197 -1 222 -1
-1 5 1 -1 24 -1 107 -1 141 -1 157 -1
-1 8 22 -1 60 -1 63 -1 112 -1 113 -1 186 -1 191 -1 231 -1
-1 13 6 -1 12 -1 17 -1 27 -1 30 -1 42 -1 117 -1 135 -1 181 -1 183 -1 196 -1 205 -1 239 -1
-1 5 96 -1 105 -1 149 -1 155 -1 171 -1
-1 10 0 -1 44 -1 82 -1 87 -1 100 -1 101 -1 202 -1 204 -1 234 -1 239 -1
-1 10 2 -1 13 -1 35 -1 57 -1 68 -1 82 -1 129 -1 162 -1 172 -1 179 -1
-1 14 40 -1 49 -1 55 -1 83 -1 91 -1 113 -1 128 -1 142 -1 151 -1 164 -1 173 -1 197 -1 218 -1 219 -1
-1 10 7 -1 28 -1 49 -1 134 -1 152 -1 161 -1 199 -1 200 -1 218 -1 237 -1
incumbent 1
0 0 0 0 0 0 0 0 0 0 0 0 0 0 1 0 0 0 1 0 0 1 1 0 0 0 1 0 1 0 0 0 1 0 0 0 0 0 0 0 0 0 1 1 0 0 1 0 0 0 0 0 0 0 1 0 0 0 0 0 0 0 0 0 0 0 1 1 0 0 0 0 0 0 0 0 0 0 0 0 1 0 0 0 0 0 0 0 0 1 0 0 1 0 0 0 0 0 0 1 0 1 1 0 0 0 0 1 1 0 0 0 0 0 0 0 0 0 0 1 0 0 0 0 0 0 1 1 0 0 0 1 0 0 0 0 0 1 0 0 0 0 0 0 0 0 1 0 0 0 0 0 0 1 0 0 0 0 0 0 0 0 1 1 1 1 0 0 1 0 0 1 0 0 0 0 1 0 0 0 0 0 0 0 1 0 0 0 0 0 1 0 0 0 0 0 0 0 0 0 0 0 0 0 0 0 0 0 0 0 0 0 0 0 0 0 0 0 0 0 0 0 0 0 0 0 0 0 0 0 0 0 1 0 0 0 0 0 0 0
