246 331
0 0 0 0 0 0 0 0 0 0 0 0 0 0 0 0 0 0 0 0 0 0 0 0 0 0 0 0 0 0 0 0 0 0 0 0 0 0 0 0 0 0 0 0 0 0 0 0 0 0 0 0 0 0 0 0 0 0 0 0 0 0 0 0 0 0 0 0 0 0 0 0 0 0 0 0 0 0 0 0 0 0 0 0 0 0 0 0 0 0 0 0 0 0 0 0 0 0 0 0 0 0 0 0 0 0 0 0 0 0 0 0 0 0 0 0 0 0 0 0 0 0 0 0 0 0 0 0 0 0 0 0 0 0 0 0 0 0 0 0 0 0 0 0 0 0 0 0 0 0 0 0 0 0 0 0 0 0 0 0 0 0 0 0 0 0 0 0 0 0 0 0 0 0 0 0 0 0 0 0 0 0 0 0 0 0 0 0 0 0 0 0 0 0 0 0 0 0 0 0 0 0 0 0 0 0 0 0 0 0 0 0 0 0 0 0 0 0 0 0 0 0 0 0 0 0 0 0 0 0 0 0 0 0 0 0 0 0 0 0 1 1 1 1 1 1
1 6 0 1 1 1 2 1 3 1 4 1 5 1
-1 6 0 -1 1 -1 2 -1 3 -1 4 -1 5 -1
0 2 0 -1 240 1
0 2 1 -1 241 1
0 2 2 -1 242 1
0 2 3 -1 243 1
0 2 4 -1 244 1
0 2 5 -1 245 1
1 6 6 1 7 1 8 1 9 1 10 1 11 1
-1 6 6 -1 7 -1 8 -1 9 -1 10 -1 11 -1
0 2 6 -1 240 1
0 2 7 -1 241 1
0 2 8 -1 242 1
0 2 9 -1 243 1
0 2 10 -1 244 1
0 2 11 -1 245 1
1 6 12 1 13 1 14 1 15 1 16 1 17 1
-1 6 12 -1 13 -1 14 -1 15 -1 16 -1 17 -1
0 2 12 -1 240 1
0 2 13 -1 241 1
0 2 14 -1 242 1
0 2 15 -1 243 1
0 2 16 -1 244 1
0 2 17 -1 245 1
1 6 18 1 19 1 20 1 21 1 22 1 23 1
-1 6 18 -1 19 -1 20 -1 21 -1 22 -1 23 -1
0 2 18 -1 240 1
0 2 19 -1 241 1
0 2 20 -1 242 1
0 2 21 -1 243 1
0 2 22 -1 244 1
0 2 23 -1 245 1
1 6 24 1 25 1 26 1 27 1 28 1 29 1
-1 6 24 -1 25 -1 26 -1 27 -1 28 -1 29 -1
0 2 24 -1 240 1
0 2 25 -1 241 1
0 2 26 -1 242 1
0 2 27 -1 243 1
0 2 28 -1 244 1
0 2 29 -1 245 1
1 6 30 1 31 1 32 1 33 1 34 1 35 1
-1 6 30 -1 31 -1 32 -1 33 -1 34 -1 35 -1
0 2 30 -1 240 1
0 2 31 -1 241 1
0 2 32 -1 242 1
0 2 33 -1 243 1
0 2 34 -1 244 1
0 2 35 -1 245 1
1 6 36 1 37 1 38 1 39 1 40 1 41 1
-1 6 36 -1 37 -1 38 -1 39 -1 40 -1 41 -1
0 2 36 -1 240 1
0 2 37 -1 241 1
0 2 38 -1 242 1
0 2 39 -1 243 1
0 2 40 -1 244 1
0 2 41 -1 245 1
1 6 42 1 43 1 44 1 45 1 46 1 47 1
-1 6 42 -1 43 -1 44 -1 45 -1 46 -1 47 -1
0 2 42 -1 240 1
0 2 43 -1 241 1
0 2 44 -1 242 1
0 2 45 -1 243 1
0 2 46 -1 244 1
0 2 47 -1 245 1
1 6 48 1 49 1 50 1 51 1 52 1 53 1
-1 6 48 -1 49 -1 50 -1 51 -1 52 -1 53 -1
0 2 48 -1 240 1
0 2 49 -1 241 1
0 2 50 -1 242 1
0 2 51 -1 243 1
0 2 52 -1 244 1
0 2 53 -1 245 1
1 6 54 1 55 1 56 1 57 1 58 1 59 1
-1 6 54 -1 55 -1 56 -1 57 -1 58 -1 59 -1
0 2 54 -1 240 1
0 2 55 -1 241 1
0 2 56 -1 242 1
0 2 57 -1 243 1
0 2 58 -1 244 1
0 2 59 -1 245 1
1 6 60 1 61 1 62 1 63 1 64 1 65 1
-1 6 60 -1 61 -1 62 -1 63 -1 64 -1 65 -1
0 2 60 -1 240 1
0 2 61 -1 241 1
0 2 62 -1 242 1
0 2 63 -1 243 1
0 2 64 -1 244 1
0 2 65 -1 245 1
1 6 66 1 67 1 68 1 69 1 70 1 71 1
-1 6 66 -1 67 -1 68 -1 69 -1 70 -1 71 -1
0 2 66 -1 240 1
0 2 67 -1 241 1
0 2 68 -1 242 1
0 2 69 -1 243 1
0 2 70 -1 244 1
0 2 71 -1 245 1
1 6 72 1 73 1 74 1 75 1 76 1 77 1
-1 6 72 -1 73 -1 74 -1 75 -1 76 -1 77 -1
0 2 72 -1 240 1
0 2 73 -1 241 1
0 2 74 -1 242 1
0 2 75 -1 243 1
0 2 76 -1 244 1
0 2 77 -1 245 1
1 6 78 1 79 1 80 1 81 1 82 1 83 1
-1 6 78 -1 79 -1 80 -1 81 -1 82 -1 83 -1
0 2 78 -1 240 1
0 2 79 -1 241 1
0 2 80 -1 242 1
0 2 81 -1 243 1
0 2 82 -1 244 1
0 2 83 -1 245 1
1 6 84 1 85 1 86 1 87 1 88 1 89 1
-1 6 84 -1 85 -1 86 -1 87 -1 88 -1 89 -1
0 2 84 -1 240 1
0 2 85 -1 241 1
0 2 86 -1 242 1
0 2 87 -1 243 1
0 2 88 -1 244 1
0 2 89 -1 245 1
1 6 90 1 91 1 92 1 93 1 94 1 95 1
-1 6 90 -1 91 -1 92 -1 93 -1 94 -1 95 -1
0 2 90 -1 240 1
0 2 91 -1 241 1
0 2 92 -1 242 1
0 2 93 -1 243 1
0 2 94 -1 244 1
0 2 95 -1 245 1
1 6 96 1 97 1 98 1 99 1 100 1 101 1
-1 6 96 -1 97 -1 98 -1 99 -1 100 -1 101 -1
0 2 96 -1 240 1
0 2 97 -1 241 1
0 2 98 -1 242 1
0 2 99 -1 243 1
0 2 100 -1 244 1
0 2 101 -1 245 1
1 6 102 1 103 1 104 1 105 1 106 1 107 1
-1 6 102 -1 103 -1 104 -1 105 -1 106 -1 107 -1
0 2 102 -1 240 1
0 2 103 -1 241 1
0 2 104 -1 242 1
0 2 105 -1 243 1
0 2 106 -1 244 1
0 2 107 -1 245 1
1 6 108 1 109 1 110 1 111 1 112 1 113 1
-1 6 108 -1 109 -1 110 -1 111 -1 112 -1 113 -1
0 2 108 -1 240 1
0 2 109 -1 241 1
0 2 110 -1 242 1
0 2 111 -1 243 1
0 2 112 -1 244 1
0 2 113 -1 245 1
1 6 114 1 115 1 116 1 117 1 118 1 119 1
-1 6 114 -1 115 -1 116 -1 117 -1 118 -1 119 -1
0 2 114 -1 240 1
0 2 115 -1 241 1
0 2 116 -1 242 1
0 2 117 -1 243 1
0 2 118 -1 244 1
0 2 119 -1 245 1
1 6 120 1 121 1 122 1 123 1 124 1 125 1
-1 6 120 -1 121 -1 122 -1 123 -1 124 -1 125 -1
0 2 120 -1 240 1
0 2 121 -1 241 1
0 2 122 -1 242 1
0 2 123 -1 243 1
0 2 124 -1 244 1
0 2 125 -1 245 1
1 6 126 1 127 1 128 1 129 1 130 1 131 1
-1 6 126 -1 127 -1 128 -1 129 -1 130 -1 131 -1
0 2 126 -1 240 1
0 2 127 -1 241 1
0 2 128 -1 242 1
0 2 129 -1 243 1
0 2 130 -1 244 1
0 2 131 -1 245 1
1 6 132 1 133 1 134 1 135 1 136 1 137 1
-1 6 132 -1 133 -1 134 -1 135 -1 136 -1 137 -1
0 2 132 -1 240 1
0 2 133 -1 241 1
0 2 134 -1 242 1
0 2 135 -1 243 1
0 2 136 -1 244 1
0 2 137 -1 245 1
1 6 138 1 139 1 140 1 141 1 142 1 143 1
-1 6 138 -1 139 -1 140 -1 141 -1 142 -1 143 -1
0 2 138 -1 240 1
0 2 139 -1 241 1
0 2 140 -1 242 1
0 2 141 -1 243 1
0 2 142 -1 244 1
0 2 143 -1 245 1
1 6 144 1 145 1 146 1 147 1 148 1 149 1
-1 6 144 -1 145 -1 146 -1 147 -1 148 -1 149 -1
0 2 144 -1 240 1
0 2 145 -1 241 1
0 2 146 -1 242 1
0 2 147 -1 243 1
0 2 148 -1 244 1
0 2 149 -1 245 1
1 6 150 1 151 1 152 1 153 1 154 1 155 1
-1 6 150 -1 151 -1 152 -1 153 -1 154 -1 155 -1
0 2 150 -1 240 1
0 2 151 -1 241 1
0 2 152 -1 242 1
0 2 153 -1 243 1
0 2 154 -1 244 1
0 2 155 -1 245 1
1 6 156 1 157 1 158 1 159 1 160 1 161 1
-1 6 156 -1 157 -1 158 -1 159 -1 160 -1 161 -1
0 2 156 -1 240 1
0 2 157 -1 241 1
0 2 158 -1 242 1
0 2 159 -1 243 1
0 2 160 -1 244 1
0 2 161 -1 245 1
1 6 162 1 163 1 164 1 165 1 166 1 167 1
-1 6 162 -1 163 -1 164 -1 165 -1 166 -1 167 -1
0 2 162 -1 240 1
0 2 163 -1 241 1
0 2 164 -1 242 1
0 2 165 -1 243 1
0 2 166 -1 244 1
0 2 167 -1 245 1
1 6 168 1 169 1 170 1 171 1 172 1 173 1
-1 6 168 -1 169 -1 170 -1 171 -1 172 -1 173 -1
0 2 168 -1 240 1
0 2 169 -1 241 1
0 2 170 -1 242 1
0 2 171 -1 243 1
0 2 172 -1 244 1
0 2 173 -1 245 1
1 6 174 1 175 1 176 1 177 1 178 1 179 1
-1 6 174 -1 175 -1 176 -1 177 -1 178 -1 179 -1
0 2 174 -1 240 1
0 2 175 -1 241 1
0 2 176 -1 242 1
0 2 177 -1 243 1
0 2 178 -1 244 1
0 2 179 -1 245 1
1 6 180 1 181 1 182 1 183 1 184 1 185 1
-1 6 180 -1 181 -1 182 -1 183 -1 184 -1 185 -1
0 2 180 -1 240 1
0 2 181 -1 241 1
0 2 182 -1 242 1
0 2 183 -1 243 1
0 2 184 -1 244 1
0 2 185 -1 245 1
1 6 186 1 187 1 188 1 189 1 190 1 191 1
-1 6 186 -1 187 -1 188 -1 189 -1 190 -1 191 -1
0 2 186 -1 240 1
0 2 187 -1 241 1
0 2 188 -1 242 1
0 2 189 -1 243 1
0 2 190 -1 244 1
0 2 191 -1 245 1
1 6 192 1 193 1 194 1 195 1 196 1 197 1
-1 6 192 -1 193 -1 194 -1 195 -1 196 -1 197 -1
0 2 192 -1 240 1
0 2 193 -1 241 1
0 2 194 -1 242 1
0 2 195 -1 243 1
0 2 196 -1 244 1
0 2 197 -1 245 1
1 6 198 1 199 1 200 1 201 1 202 1 203 1
-1 6 198 -1 199 -1 200 -1 201 -1 202 -1 203 -1
0 2 198 -1 240 1
0 2 199 -1 241 1
0 2 200 -1 242 1
0 2 201 -1 243 1
0 2 202 -1 244 1
0 2 203 -1 245 1
1 6 204 1 205 1 206 1 207 1 208 1 209 1
-1 6 204 -1 205 -1 206 -1 207 -1 208 -1 209 -1
0 2 204 -1 240 1
0 2 205 -1 241 1
0 2 206 -1 242 1
0 2 207 -1 243 1
0 2 208 -1 244 1
0 2 209 -1 245 1
1 6 210 1 211 1 212 1 213 1 214 1 215 1
-1 6 210 -1 211 -1 212 -1 213 -1 214 -1 215 -1
0 2 210 -1 240 1
0 2 211 -1 241 1
0 2 212 -1 242 1
0 2 213 -1 243 1
0 2 214 -1 244 1
0 2 215 -1 245 1
1 6 216 1 217 1 218 1 219 1 220 1 221 1
-1 6 216 -1 217 -1 218 -1 219 -1 220 -1 221 -1
0 2 216 -1 240 1
0 2 217 -1 241 1
0 2 218 -1 242 1
0 2 219 -1 243 1
0 2 220 -1 244 1
0 2 221 -1 245 1
1 6 222 1 223 1 224 1 225 1 226 1 227 1
-1 6 222 -1 223 -1 224 -1 225 -1 226 -1 227 -1
0 2 222 -1 240 1
0 2 223 -1 241 1
0 2 224 -1 242 1
0 2 225 -1 243 1
0 2 226 -1 244 1
0 2 227 -1 245 1
1 6 228 1 229 1 230 1 231 1 232 1 233 1
-1 6 228 -1 229 -1 230 -1 231 -1 232 -1 233 -1
0 2 228 -1 240 1
0 2 229 -1 241 1
0 2 230 -1 242 1
0 2 231 -1 243 1
0 2 232 -1 244 1
0 2 233 -1 245 1
1 6 234 1 235 1 236 1 237 1 238 1 239 1
-1 6 234 -1 235 -1 236 -1 237 -1 238 -1 239 -1
0 2 234 -1 240 1
0 2 235 -1 241 1
0 2 236 -1 242 1
0 2 237 -1 243 1
0 2 238 -1 244 1
0 2 239 -1 245 1
0 41 0 -4 6 -4 12 -2 18 -4 24 -9 30 -8 36 -5 42 -9 48 -7 54 -4 60 -3 66 -2 72 -10 78 -8 84 -3 90 -9 96 -3 102 -3 108 -6 114 -9 120 -9 126 -4 132 -10 138 -6 144 -6 150 -4 156 -5 162 -6 168 -4 174 -4 180 -8 186 -4 192 -4 198 -8 204 -7 210 -7 216 -3 222 -8 228 -9 234 -5 240 47
0 41 1 -4 7 -4 13 -2 19 -4 25 -9 31 -8 37 -5 43 -9 49 -7 55 -4 61 -3 67 -2 73 -10 79 -8 85 -3 91 -9 97 -3 103 -3 109 -6 115 -9 121 -9 127 -4 133 -10 139 -6 145 -6 151 -4 157 -5 163 -6 169 -4 175 -4 181 -8 187 -4 193 -4 199 -8 205 -7 211 -7 217 -3 223 -8 229 -9 235 -5 241 47
0 41 2 -4 8 -4 14 -2 20 -4 26 -9 32 -8 38 -5 44 -9 50 -7 56 -4 62 -3 68 -2 74 -10 80 -8 86 -3 92 -9 98 -3 104 -3 110 -6 116 -9 122 -9 128 -4 134 -10 140 -6 146 -6 152 -4 158 -5 164 -6 170 -4 176 -4 182 -8 188 -4 194 -4 200 -8 206 -7 212 -7 218 -3 224 -8 230 -9 236 -5 242 47
0 41 3 -4 9 -4 15 -2 21 -4 27 -9 33 -8 39 -5 45 -9 51 -7 57 -4 63 -3 69 -2 75 -10 81 -8 87 -3 93 -9 99 -3 105 -3 111 -6 117 -9 123 -9 129 -4 135 -10 141 -6 147 -6 153 -4 159 -5 165 -6 171 -4 177 -4 183 -8 189 -4 195 -4 201 -8 207 -7 213 -7 219 -3 225 -8 231 -9 237 -5 243 47
0 41 4 -4 10 -4 16 -2 22 -4 28 -9 34 -8 40 -5 46 -9 52 -7 58 -4 64 -3 70 -2 76 -10 82 -8 88 -3 94 -9 100 -3 106 -3 112 -6 118 -9 124 -9 130 -4 136 -10 142 -6 148 -6 154 -4 160 -5 166 -6 172 -4 178 -4 184 -8 190 -4 196 -4 202 -8 208 -7 214 -7 220 -3 226 -8 232 -9 238 -5 244 47
0 41 5 -4 11 -4 17 -2 23 -4 29 -9 35 -8 41 -5 47 -9 53 -7 59 -4 65 -3 71 -2 77 -10 83 -8 89 -3 95 -9 101 -3 107 -3 113 -6 119 -9 125 -9 131 -4 137 -10 143 -6 149 -6 155 -4 161 -5 167 -6 173 -4 179 -4 185 -8 191 -4 197 -4 203 -8 209 -7 215 -7 221 -3 227 -8 233 -9 239 -5 245 47
0 2 240 1 241 -1
0 2 241 1 242 -1
0 2 242 1 243 -1
0 2 243 1 244 -1
0 2 244 1 245 -1
incumbent 1
0 1 0 0 0 0 0 0 0 1 0 0 0 0 1 0 0 0 0 0 0 1 0 0 1 0 0 0 0 0 0 1 0 0 0 0 0 0 0 1 0 0 1 0 0 0 0 0 0 0 1 0 0 0 0 0 0 0 1 0 0 0 0 0 1 0 0 0 0 0 1 0 1 0 0 0 0 0 0 1 0 0 0 0 0 0 0 0 1 0 1 0 0 0 0 0 0 0 0 0 1 0 0 0 0 0 1 0 0 0 0 1 0 0 0 1 0 0 0 0 0 1 0 0 0 0 0 0 0 0 1 0 1 0 0 0 0 0 0 0 0 1 0 0 0 0 0 1 0 0 0 0 0 0 1 0 0 0 0 1 0 0 0 0 0 1 0 0 0 0 0 0 1 0 0 0 0 0 1 0 0 0 1 0 0 0 0 0 0 0 1 0 0 0 0 0 1 0 0 0 1 0 0 0 0 0 1 0 0 0 0 0 1 0 0 0 0 0 0 0 1 0 0 0 1 0 0 0 0 1 0 0 0 0 0 0 0 1 0 0 1 1 1 1 1 0
