240 70
-43 -23 -34 -38 -15 -47 -28 -36 -51 -9 -39 -48 -19 -12 -15 -22 -41 -7 -40 -50 -46 -26 -30 -10 -31 -28 -26 -28 -34 -37 -33 -43 -49 -52 -36 -29 -54 -40 -40 -31 -24 -45 -12 -11 -16 -33 -21 -53 -44 -15 -36 -44 -21 -49 -32 -22 -54 -34 -32 -30 -58 -39 -33 -35 -31 -21 -20 -30 -23 -76 -48 -25 -48 -44 -35 -27 -22 -42 -15 -20 -49 -40 -21 -58 -19 -44 -49 -33 -12 -38 -47 -45 -39 -24 -32 -37 -38 -24 -68 -41 -23 -20 -25 -38 -19 -60 -40 -48 -40 -41 -30 -36 -58 -40 -51 -23 -59 -45 -43 -35 -25 -29 -36 -55 -21 -48 -32 -42 -16 -26 -12 -55 -36 -44 -50 -27 -16 -14 -43 -60 -13 -8 -63 -42 -45 -9 -63 -45 -52 -49 -43 -60 -34 -42 -34 -42 -39 -45 -34 -31 -25 -15 -12 -20 -41 -14 -46 -18 -51 -21 -45 -18 -25 -14 -60 -20 -30 -27 -43 -29 -28 -47 -49 -51 -38 -21 -59 -20 -44 -62 -25 -20 -59 -37 -38 -47 -29 -8 -71 -18 -51 -14 -31 -47 -52 -61 -40 -20 -41 -58 -27 -22 -51 -28 -18 -31 -42 -36 -46 -53 -27 -33 -37 -24 -22 -12 -28 -24 -41 -21 -51 -58 -27 -18 -44 -50 -45 -51 -54 -46
-1 7 2 -1 76 -1 85 -1 139 -1 149 -1 151 -1 157 -1
-1 6 61 -1 95 -1 108 -1 131 -1 157 -1 206 -1
-1 10 8 -1 33 -1 37 -1 38 -1 90 -1 121 -1 126 -1 131 -1 170 -1 206 -1
-1 13 20 -1 34 -1 48 -1 69 -1 85 -1 99 -1 105 -1 128 -1 130 -1 168 -1 219 -1 224 -1 237 -1
-1 17 7 -1 8 -1 16 -1 24 -1 48 -1 70 -1 89 -1 104 -1 117 -1 118 -1 129 -1 149 -1 153 -1 168 -1 177 -1 214 -1 238 -1
-1 9 33 -1 92 -1 98 -1 112 -1 113 -1 142 -1 203 -1 216 -1 223 -1
-1 12 6 -1 21 -1 39 -1 66 -1 67 -1 86 -1 98 -1 116 -1 125 -1 163 -1 205 -1 237 -1
-1 11 6 -1 34 -1 51 -1 61 -1 79 -1 138 -1 141 -1 143 -1 168 -1 202 -1 235 -1
-1 8 7 -1 49 -1 60 -1 74 -1 90 -1 112 -1 153 -1 232 -1
-1 11 30 -1 47 -1 48 -1 89 -1 95 -1 123 -1 134 -1 140 -1 200 -1 208 -1 236 -1
-1 11 26 -1 29 -1 48 -1 58 -1 81 -1 133 -1 148 -1 155 -1 157 -1 189 -1 195 -1
-1 8 68 -1 72 -1 110 -1 113 -1 118 -1 194 -1 207 -1 215 -1
-1 6 2 -1 28 -1 39 -1 99 -1 100 -1 143 -1
-1 7 24 -1 35 -1 47 -1 105 -1 131 -1 149 -1 160 -1
-1 17 0 -1 3 -1 16 -1 42 -1 46 -1 75 -1 92 -1 109 -1 123 -1 136 -1 144 -1 171 -1 173 -1 180 -1 181 -1 235 -1 237 -1
-1 13 58 -1 105 -1 119 -1 126 -1 139 -1 143 -1 153 -1 154 -1 196 -1 202 -1 209 -1 212 -1 226 -1
-1 10 10 -1 16 -1 41 -1 58 -1 192 -1 209 -1 212 -1 214 -1 219 -1 234 -1
-1 11 11 -1 36 -1 133 -1 148 -1 164 -1 166 -1 174 -1 177 -1 186 -1 212 -1 235 -1
-1 6 33 -1 70 -1 111 -1 120 -1 172 -1 238 -1
-1 13 5 -1 16 -1 25 -1 83 -1 117 -1 123 -1 135 -1 144 -1 151 -1 194 -1 198 -1 218 -1 221 -1
-1 12 1 -1 38 -1 44 -1 60 -1 65 -1 125 -1 137 -1 177 -1 197 -1 203 -1 205 -1 236 -1
-1 11 0 -1 33 -1 37 -1 57 -1 97 -1 147 -1 150 -1 201 -1 204 -1 215 -1 227 -1
-1 10 43 -1 57 -1 64 -1 106 -1 123 -1 154 -1 170 -1 190 -1 191 -1 194 -1
-1 13 19 -1 27 -1 37 -1 72 -1 82 -1 104 -1 111 -1 134 -1 205 -1 209 -1 216 -1 218 -1 219 -1
-1 6 106 -1 115 -1 154 -1 166 -1 180 -1 218 -1
-1 12 21 -1 27 -1 29 -1 68 -1 69 -1 91 -1 106 -1 134 -1 142 -1 150 -1 183 -1 216 -1
-1 14 41 -1 51 -1 56 -1 60 -1 62 -1 83 -1 94 -1 103 -1 114 -1 115 -1 146 -1 167 -1 174 -1 192 -1
-1 18 31 -1 38 -1 74 -1 81 -1 98 -1 114 -1 117 -1 118 -1 147 -1 151 -1 152 -1 180 -1 203 -1 211 -1 213 -1 216 -1 220 -1 222 -1
-1 17 5 -1 10 -1 12 -1 15 -1 22 -1 63 -1 71 -1 96 -1 100 -1 111 -1 123 -1 142 -1 189 -1 192 -1 193 -1 195 -1 229 -1
-1 7 52 -1 78 -1 113 -1 127 -1 158 -1 232 -1 235 -1
-1 9 32 -1 45 -1 70 -1 81 -1 86 -1 87 -1 114 -1 138 -1 170 -1
-1 10 41 -1 107 -1 118 -1 132 -1 161 -1 168 -1 186 -1 192 -1 230 -1 234 -1
-1 10 26 -1 31 -1 41 -1 74 -1 80 -1 92 -1 103 -1 131 -1 163 -1 189 -1
-1 6 92 -1 98 -1 117 -1 153 -1 159 -1 195 -1
-1 8 5 -1 47 -1 53 -1 133 -1 147 -1 182 -1 198 -1 235 -1
-1 13 69 -1 90 -1 102 -1 116 -1 120 -1 122 -1 143 -1 164 -1 182 -1 204 -1 212 -1 222 -1 230 -1
-1 10 5 -1 47 -1 106 -1 112 -1 138 -1 144 -1 180 -1 185 -1 190 -1 202 -1
-1 8 13 -1 15 -1 20 -1 41 -1 73 -1 87 -1 200 -1 218 -1
-1 8 19 -1 28 -1 107 -1 155 -1 183 -1 188 -1 215 -1 218 -1
-1 10 17 -1 28 -1 58 -1 129 -1 170 -1 181 -1 182 -1 193 -1 202 -1 219 -1
-1 15 11 -1 20 -1 52 -1 89 -1 99 -1 110 -1 145 -1 155 -1 175 -1 182 -1 184 -1 187 -1 195 -1 225 -1 231 -1
-1 15 1 -1 8 -1 10 -1 31 -1 50 -1 69 -1 72 -1 98 -1 112 -1 139 -1 146 -1 159 -1 196 -1 217 -1 231 -1
-1 10 45 -1 56 -1 83 -1 108 -1 126 -1 156 -1 183 -1 189 -1 198 -1 209 -1
-1 10 19 -1 36 -1 40 -1 56 -1 72 -1 87 -1 121 -1 172 -1 221 -1 231 -1
-1 12 0 -1 2 -1 25 -1 39 -1 60 -1 89 -1 96 -1 109 -1 124 -1 134 -1 176 -1 188 -1
-1 12 11 -1 32 -1 46 -1 79 -1 80 -1 97 -1 111 -1 117 -1 134 -1 143 -1 193 -1 200 -1
-1 10 7 -1 19 -1 46 -1 62 -1 67 -1 90 -1 103 -1 133 -1 156 -1 176 -1
-1 13 3 -1 31 -1 36 -1 40 -1 63 -1 83 -1 85 -1 102 -1 116 -1 184 -1 204 -1 228 -1 238 -1
-1 10 6 -1 32 -1 74 -1 81 -1 99 -1 129 -1 166 -1 183 -1 194 -1 200 -1
-1 9 18 -1 35 -1 39 -1 63 -1 124 -1 139 -1 184 -1 217 -1 233 -1
-1 9 23 -1 26 -1 105 -1 107 -1 112 -1 152 -1 185 -1 206 -1 226 -1
-1 5 75 -1 158 -1 178 -1 188 -1 228 -1
-1 16 25 -1 29 -1 80 -1 99 -1 101 -1 107 -1 116 -1 169 -1 174 -1 175 -1 189 -1 199 -1 203 -1 228 -1 231 -1 239 -1
-1 19 0 -1 4 -1 16 -1 34 -1 58 -1 61 -1 73 -1 80 -1 91 -1 119 -1 124 -1 144 -1 146 -1 158 -1 165 -1 179 -1 210 -1 219 -1 238 -1
-1 13 36 -1 39 -1 86 -1 109 -1 114 -1 127 -1 135 -1 138 -1 152 -1 171 -1 178 -1 184 -1 222 -1
-1 15 56 -1 71 -1 73 -1 84 -1 106 -1 109 -1 110 -1 113 -1 144 -1 154 -1 166 -1 174 -1 208 -1 223 -1 227 -1
-1 8 3 -1 91 -1 139 -1 146 -1 188 -1 205 -1 208 -1 238 -1
-1 11 11 -1 32 -1 38 -1 70 -1 93 -1 96 -1 178 -1 186 -1 209 -1 210 -1 237 -1
-1 8 8 -1 70 -1 77 -1 122 -1 127 -1 184 -1 198 -1 236 -1
-1 9 22 -1 32 -1 50 -1 96 -1 181 -1 186 -1 194 -1 204 -1 234 -1
-1 5 14 -1 20 -1 125 -1 148 -1 153 -1
-1 10 18 -1 20 -1 73 -1 86 -1 155 -1 186 -1 191 -1 192 -1 193 -1 229 -1
-1 13 19 -1 27 -1 54 -1 75 -1 76 -1 83 -1 88 -1 105 -1 110 -1 162 -1 195 -1 200 -1 239 -1
-1 11 36 -1 54 -1 63 -1 69 -1 77 -1 109 -1 132 -1 142 -1 205 -1 217 -1 239 -1
-1 13 7 -1 9 -1 21 -1 33 -1 52 -1 85 -1 104 -1 149 -1 154 -1 155 -1 164 -1 214 -1 228 -1
-1 8 48 -1 51 -1 55 -1 90 -1 176 -1 178 -1 179 -1 206 -1
-1 4 5 -1 91 -1 148 -1 198 -1
-1 5 3 -1 8 -1 160 -1 230 -1 234 -1
-1 7 18 -1 30 -1 53 -1 64 -1 77 -1 82 -1 86 -1
-1 15 18 -1 53 -1 59 -1 60 -1 73 -1 80 -1 94 -1 119 -1 125 -1 142 -1 150 -1 151 -1 156 -1 181 -1 213 -1
incumbent 1
0 0 1 0 1 0 0 0 0 1 0 0 1 1 1 0 0 1 0 0 0 0 0 0 1 0 0 0 0 0 1 0 0 0 0 0 0 0 0 0 0 0 0 0 0 0 0 0 0 1 1 0 0 0 0 1 0 1 0 1 0 0 0 0 0 1 1 0 0 0 0 0 0 0 0 0 0 0 1 0 0 0 0 0 1 0 0 0 1 0 0 0 0 1 0 0 0 0 0 0 0 0 0 0 0 0 0 0 1 0 0 0 0 0 0 0 0 0 0 0 0 0 1 0 0 0 0 0 0 0 0 0 1 1 0 0 1 0 1 0 0 0 0 0 0 0 0 0 0 0 0 0 0 0 0 0 0 0 0 0 0 0 0 0 0 0 0 1 0 1 0 0 0 0 0 0 0 0 0 0 0 0 0 0 0 0 0 1 0 0 0 0 0 0 0 0 0 0 0 0 0 0 0 0 0 0 0 1 0 0 0 0 0 0 0 0 0 0 0 0 1 1 0 0 1 0 1 0 0 0 0 0 0 1 0 0 0 0 0 0
