200 1323
6 14 7 24 10 21 1 7 30 22 29 3 4 19 10 6 28 29 23 14 8 29 19 10 30 27 19 5 3 18 4 29 8 22 12 10 13 28 2 22 4 12 13 8 15 9 22 23 23 2 29 16 14 5 25 21 26 5 24 8 13 3 7 1 4 14 1 9 14 6 18 14 11 21 1 2 2 17 19 3 28 15 19 24 10 19 22 30 7 1 3 18 12 23 26 12 8 28 20 6 26 17 27 12 30 20 15 21 10 29 29 2 11 11 21 28 26 4 8 2 29 7 24 3 16 17 1 22 3 28 22 23 7 14 14 27 27 21 28 15 5 2 1 14 24 2 28 30 22 30 14 2 5 13 12 16 10 14 1 29 3 6 21 4 2 8 19 9 24 19 15 1 22 28 5 22 25 15 3 27 14 27 19 17 30 21 8 18 10 26 24 15 1 26 15 19 27 28 14 20
1 2 0 1 5 1
1 2 0 1 23 1
1 2 0 1 40 1
1 2 0 1 47 1
1 2 0 1 84 1
1 2 0 1 86 1
1 2 0 1 108 1
1 2 0 1 132 1
1 2 0 1 135 1
1 2 0 1 144 1
1 2 0 1 167 1
1 2 0 1 186 1
1 2 0 1 192 1
1 2 1 1 12 1
1 2 1 1 53 1
1 2 1 1 55 1
1 2 1 1 74 1
1 2 1 1 98 1
1 2 1 1 103 1
1 2 1 1 104 1
1 2 1 1 122 1
1 2 1 1 129 1
1 2 1 1 139 1
1 2 1 1 188 1
1 2 1 1 194 1
1 2 1 1 199 1
1 2 2 1 12 1
1 2 2 1 55 1
1 2 2 1 61 1
1 2 2 1 64 1
1 2 2 1 72 1
1 2 2 1 85 1
1 2 2 1 99 1
1 2 2 1 128 1
1 2 2 1 193 1
1 2 3 1 4 1
1 2 3 1 14 1
1 2 3 1 16 1
1 2 3 1 29 1
1 2 3 1 36 1
1 2 3 1 38 1
1 2 3 1 40 1
1 2 3 1 43 1
1 2 3 1 48 1
1 2 3 1 85 1
1 2 3 1 123 1
1 2 3 1 127 1
1 2 3 1 150 1
1 2 3 1 164 1
1 2 3 1 165 1
1 2 3 1 169 1
1 2 3 1 195 1
1 2 3 1 197 1
1 2 3 1 199 1
1 2 4 1 14 1
1 2 4 1 21 1
1 2 4 1 43 1
1 2 4 1 56 1
1 2 4 1 93 1
1 2 4 1 95 1
1 2 4 1 131 1
1 2 4 1 154 1
1 2 4 1 170 1
1 2 4 1 184 1
1 2 4 1 192 1
1 2 5 1 13 1
1 2 5 1 49 1
1 2 5 1 52 1
1 2 5 1 53 1
1 2 5 1 57 1
1 2 5 1 79 1
1 2 5 1 84 1
1 2 5 1 85 1
1 2 5 1 104 1
1 2 5 1 169 1
1 2 6 1 18 1
1 2 6 1 43 1
1 2 6 1 45 1
1 2 6 1 83 1
1 2 6 1 105 1
1 2 6 1 119 1
1 2 6 1 127 1
1 2 6 1 154 1
1 2 6 1 183 1
1 2 7 1 13 1
1 2 7 1 28 1
1 2 7 1 45 1
1 2 7 1 51 1
1 2 7 1 65 1
1 2 7 1 72 1
1 2 7 1 93 1
1 2 7 1 102 1
1 2 7 1 105 1
1 2 7 1 114 1
1 2 7 1 117 1
1 2 7 1 144 1
1 2 7 1 148 1
1 2 7 1 149 1
1 2 7 1 157 1
1 2 7 1 195 1
1 2 8 1 10 1
1 2 8 1 16 1
1 2 8 1 17 1
1 2 8 1 30 1
1 2 8 1 43 1
1 2 8 1 51 1
1 2 8 1 101 1
1 2 8 1 182 1
1 2 9 1 10 1
1 2 9 1 33 1
1 2 9 1 59 1
1 2 9 1 97 1
1 2 9 1 132 1
1 2 9 1 194 1
1 2 9 1 195 1
1 2 10 1 23 1
1 2 10 1 28 1
1 2 10 1 51 1
1 2 10 1 82 1
1 2 10 1 86 1
1 2 10 1 138 1
1 2 10 1 150 1
1 2 10 1 167 1
1 2 10 1 171 1
1 2 10 1 198 1
1 2 11 1 20 1
1 2 11 1 22 1
1 2 11 1 30 1
1 2 11 1 44 1
1 2 11 1 55 1
1 2 11 1 74 1
1 2 11 1 86 1
1 2 11 1 91 1
1 2 11 1 138 1
1 2 11 1 147 1
1 2 11 1 150 1
1 2 11 1 171 1
1 2 11 1 181 1
1 2 11 1 183 1
1 2 11 1 187 1
1 2 12 1 20 1
1 2 12 1 37 1
1 2 12 1 54 1
1 2 12 1 76 1
1 2 12 1 90 1
1 2 12 1 104 1
1 2 12 1 112 1
1 2 12 1 126 1
1 2 12 1 136 1
1 2 12 1 151 1
1 2 12 1 160 1
1 2 12 1 161 1
1 2 12 1 177 1
1 2 12 1 182 1
1 2 12 1 190 1
1 2 12 1 199 1
1 2 13 1 20 1
1 2 13 1 40 1
1 2 13 1 54 1
1 2 13 1 58 1
1 2 13 1 83 1
1 2 13 1 113 1
1 2 13 1 122 1
1 2 13 1 134 1
1 2 13 1 152 1
1 2 13 1 159 1
1 2 13 1 175 1
1 2 13 1 184 1
1 2 14 1 28 1
1 2 14 1 34 1
1 2 14 1 74 1
1 2 14 1 77 1
1 2 14 1 103 1
1 2 14 1 115 1
1 2 14 1 117 1
1 2 14 1 153 1
1 2 14 1 169 1
1 2 14 1 184 1
1 2 14 1 190 1
1 2 15 1 40 1
1 2 15 1 41 1
1 2 15 1 65 1
1 2 15 1 74 1
1 2 15 1 85 1
1 2 15 1 97 1
1 2 15 1 117 1
1 2 15 1 126 1
1 2 15 1 147 1
1 2 15 1 185 1
1 2 15 1 196 1
1 2 16 1 23 1
1 2 16 1 24 1
1 2 16 1 31 1
1 2 16 1 32 1
1 2 16 1 61 1
1 2 16 1 70 1
1 2 16 1 92 1
1 2 16 1 101 1
1 2 16 1 104 1
1 2 16 1 122 1
1 2 16 1 128 1
1 2 16 1 130 1
1 2 16 1 134 1
1 2 16 1 144 1
1 2 16 1 151 1
1 2 16 1 172 1
1 2 16 1 179 1
1 2 17 1 41 1
1 2 17 1 76 1
1 2 17 1 82 1
1 2 17 1 92 1
1 2 17 1 116 1
1 2 17 1 143 1
1 2 17 1 168 1
1 2 17 1 190 1
1 2 17 1 196 1
1 2 18 1 20 1
1 2 18 1 64 1
1 2 18 1 71 1
1 2 18 1 74 1
1 2 18 1 141 1
1 2 18 1 150 1
1 2 18 1 157 1
1 2 18 1 167 1
1 2 18 1 172 1
1 2 18 1 182 1
1 2 18 1 192 1
1 2 19 1 29 1
1 2 19 1 50 1
1 2 19 1 88 1
1 2 19 1 106 1
1 2 19 1 108 1
1 2 19 1 116 1
1 2 19 1 127 1
1 2 19 1 135 1
1 2 19 1 145 1
1 2 19 1 163 1
1 2 19 1 182 1
1 2 19 1 191 1
1 2 20 1 41 1
1 2 20 1 50 1
1 2 20 1 62 1
1 2 20 1 122 1
1 2 20 1 144 1
1 2 20 1 184 1
1 2 20 1 185 1
1 2 21 1 22 1
1 2 21 1 56 1
1 2 21 1 61 1
1 2 21 1 84 1
1 2 21 1 102 1
1 2 21 1 113 1
1 2 21 1 123 1
1 2 21 1 125 1
1 2 21 1 145 1
1 2 21 1 151 1
1 2 21 1 154 1
1 2 21 1 155 1
1 2 21 1 167 1
1 2 21 1 169 1
1 2 21 1 174 1
1 2 21 1 183 1
1 2 21 1 188 1
1 2 22 1 53 1
1 2 22 1 72 1
1 2 22 1 133 1
1 2 22 1 144 1
1 2 22 1 153 1
1 2 22 1 193 1
1 2 23 1 29 1
1 2 23 1 56 1
1 2 23 1 87 1
1 2 23 1 91 1
1 2 23 1 123 1
1 2 23 1 145 1
1 2 23 1 153 1
1 2 23 1 166 1
1 2 24 1 35 1
1 2 24 1 65 1
1 2 24 1 69 1
1 2 24 1 74 1
1 2 24 1 100 1
1 2 24 1 106 1
1 2 24 1 138 1
1 2 24 1 143 1
1 2 24 1 148 1
1 2 24 1 154 1
1 2 24 1 156 1
1 2 24 1 173 1
1 2 24 1 197 1
1 2 25 1 26 1
1 2 25 1 33 1
1 2 25 1 58 1
1 2 25 1 96 1
1 2 25 1 108 1
1 2 25 1 115 1
1 2 25 1 116 1
1 2 25 1 124 1
1 2 25 1 129 1
1 2 25 1 152 1
1 2 25 1 191 1
1 2 26 1 40 1
1 2 26 1 93 1
1 2 26 1 96 1
1 2 26 1 103 1
1 2 26 1 117 1
1 2 26 1 145 1
1 2 26 1 158 1
1 2 26 1 169 1
1 2 26 1 181 1
1 2 26 1 195 1
1 2 26 1 196 1
1 2 26 1 197 1
1 2 27 1 41 1
1 2 27 1 55 1
1 2 27 1 57 1
1 2 27 1 101 1
1 2 27 1 104 1
1 2 27 1 151 1
1 2 27 1 160 1
1 2 27 1 191 1
1 2 27 1 193 1
1 2 28 1 49 1
1 2 28 1 61 1
1 2 28 1 92 1
1 2 28 1 97 1
1 2 28 1 99 1
1 2 28 1 107 1
1 2 28 1 129 1
1 2 28 1 156 1
1 2 28 1 179 1
1 2 28 1 184 1
1 2 28 1 190 1
1 2 29 1 39 1
1 2 29 1 52 1
1 2 29 1 104 1
1 2 29 1 134 1
1 2 29 1 140 1
1 2 29 1 156 1
1 2 29 1 177 1
1 2 29 1 189 1
1 2 29 1 192 1
1 2 29 1 194 1
1 2 29 1 197 1
1 2 30 1 41 1
1 2 30 1 47 1
1 2 30 1 59 1
1 2 30 1 66 1
1 2 30 1 75 1
1 2 30 1 86 1
1 2 30 1 102 1
1 2 30 1 113 1
1 2 30 1 132 1
1 2 30 1 134 1
1 2 30 1 141 1
1 2 30 1 145 1
1 2 30 1 162 1
1 2 30 1 171 1
1 2 31 1 32 1
1 2 31 1 35 1
1 2 31 1 51 1
1 2 31 1 59 1
1 2 31 1 67 1
1 2 31 1 71 1
1 2 31 1 79 1
1 2 31 1 82 1
1 2 31 1 93 1
1 2 31 1 116 1
1 2 31 1 132 1
1 2 31 1 134 1
1 2 31 1 156 1
1 2 31 1 175 1
1 2 31 1 189 1
1 2 32 1 44 1
1 2 32 1 48 1
1 2 32 1 55 1
1 2 32 1 66 1
1 2 32 1 73 1
1 2 32 1 123 1
1 2 32 1 158 1
1 2 32 1 182 1
1 2 32 1 190 1
1 2 33 1 60 1
1 2 33 1 75 1
1 2 33 1 90 1
1 2 33 1 91 1
1 2 33 1 96 1
1 2 33 1 123 1
1 2 33 1 142 1
1 2 33 1 145 1
1 2 33 1 159 1
1 2 33 1 169 1
1 2 33 1 184 1
1 2 34 1 43 1
1 2 34 1 49 1
1 2 34 1 58 1
1 2 34 1 77 1
1 2 34 1 80 1
1 2 34 1 105 1
1 2 34 1 107 1
1 2 34 1 109 1
1 2 34 1 122 1
1 2 34 1 124 1
1 2 34 1 156 1
1 2 34 1 164 1
1 2 34 1 183 1
1 2 35 1 53 1
1 2 35 1 61 1
1 2 35 1 65 1
1 2 35 1 79 1
1 2 35 1 81 1
1 2 35 1 116 1
1 2 35 1 117 1
1 2 35 1 122 1
1 2 35 1 140 1
1 2 35 1 144 1
1 2 35 1 151 1
1 2 35 1 155 1
1 2 35 1 167 1
1 2 35 1 171 1
1 2 35 1 187 1
1 2 35 1 191 1
1 2 35 1 193 1
1 2 36 1 46 1
1 2 36 1 53 1
1 2 36 1 55 1
1 2 36 1 72 1
1 2 36 1 88 1
1 2 36 1 90 1
1 2 36 1 114 1
1 2 36 1 117 1
1 2 36 1 121 1
1 2 36 1 151 1
1 2 36 1 167 1
1 2 36 1 180 1
1 2 36 1 190 1
1 2 37 1 54 1
1 2 37 1 105 1
1 2 37 1 107 1
1 2 37 1 118 1
1 2 37 1 121 1
1 2 37 1 126 1
1 2 37 1 152 1
1 2 37 1 161 1
1 2 37 1 163 1
1 2 37 1 176 1
1 2 37 1 180 1
1 2 37 1 187 1
1 2 37 1 192 1
1 2 38 1 64 1
1 2 38 1 70 1
1 2 38 1 83 1
1 2 38 1 112 1
1 2 38 1 119 1
1 2 38 1 143 1
1 2 38 1 174 1
1 2 38 1 176 1
1 2 38 1 189 1
1 2 39 1 55 1
1 2 39 1 65 1
1 2 39 1 73 1
1 2 39 1 86 1
1 2 39 1 87 1
1 2 39 1 108 1
1 2 39 1 128 1
1 2 39 1 133 1
1 2 39 1 142 1
1 2 39 1 145 1
1 2 39 1 146 1
1 2 39 1 157 1
1 2 39 1 170 1
1 2 40 1 97 1
1 2 40 1 108 1
1 2 40 1 115 1
1 2 40 1 127 1
1 2 40 1 129 1
1 2 40 1 132 1
1 2 40 1 159 1
1 2 40 1 181 1
1 2 40 1 182 1
1 2 41 1 73 1
1 2 41 1 74 1
1 2 41 1 79 1
1 2 41 1 97 1
1 2 41 1 107 1
1 2 41 1 110 1
1 2 41 1 133 1
1 2 41 1 141 1
1 2 41 1 149 1
1 2 41 1 199 1
1 2 42 1 58 1
1 2 42 1 74 1
1 2 42 1 88 1
1 2 42 1 92 1
1 2 42 1 141 1
1 2 42 1 146 1
1 2 42 1 147 1
1 2 42 1 153 1
1 2 42 1 156 1
1 2 43 1 50 1
1 2 43 1 60 1
1 2 43 1 92 1
1 2 43 1 121 1
1 2 43 1 123 1
1 2 43 1 136 1
1 2 43 1 179 1
1 2 43 1 190 1
1 2 43 1 196 1
1 2 44 1 53 1
1 2 44 1 54 1
1 2 44 1 72 1
1 2 44 1 93 1
1 2 44 1 100 1
1 2 44 1 102 1
1 2 44 1 105 1
1 2 44 1 115 1
1 2 44 1 131 1
1 2 44 1 158 1
1 2 44 1 181 1
1 2 44 1 187 1
1 2 45 1 61 1
1 2 45 1 68 1
1 2 45 1 80 1
1 2 45 1 157 1
1 2 45 1 160 1
1 2 45 1 165 1
1 2 45 1 179 1
1 2 45 1 180 1
1 2 46 1 52 1
1 2 46 1 64 1
1 2 46 1 65 1
1 2 46 1 73 1
1 2 46 1 74 1
1 2 46 1 77 1
1 2 46 1 79 1
1 2 46 1 80 1
1 2 46 1 81 1
1 2 46 1 95 1
1 2 46 1 111 1
1 2 46 1 121 1
1 2 46 1 128 1
1 2 46 1 154 1
1 2 46 1 195 1
1 2 47 1 63 1
1 2 47 1 65 1
1 2 47 1 90 1
1 2 47 1 92 1
1 2 47 1 103 1
1 2 47 1 104 1
1 2 47 1 115 1
1 2 47 1 121 1
1 2 47 1 140 1
1 2 47 1 168 1
1 2 48 1 53 1
1 2 48 1 58 1
1 2 48 1 63 1
1 2 48 1 75 1
1 2 48 1 109 1
1 2 48 1 110 1
1 2 48 1 126 1
1 2 48 1 150 1
1 2 48 1 168 1
1 2 48 1 191 1
1 2 48 1 194 1
1 2 48 1 195 1
1 2 49 1 50 1
1 2 49 1 63 1
1 2 49 1 101 1
1 2 49 1 103 1
1 2 49 1 105 1
1 2 49 1 111 1
1 2 49 1 131 1
1 2 49 1 140 1
1 2 49 1 146 1
1 2 49 1 182 1
1 2 50 1 53 1
1 2 50 1 81 1
1 2 50 1 85 1
1 2 50 1 87 1
1 2 50 1 88 1
1 2 50 1 114 1
1 2 50 1 128 1
1 2 50 1 146 1
1 2 50 1 161 1
1 2 50 1 180 1
1 2 50 1 188 1
1 2 51 1 54 1
1 2 51 1 66 1
1 2 51 1 72 1
1 2 51 1 75 1
1 2 51 1 97 1
1 2 51 1 101 1
1 2 51 1 124 1
1 2 51 1 152 1
1 2 51 1 158 1
1 2 52 1 59 1
1 2 52 1 74 1
1 2 52 1 89 1
1 2 52 1 109 1
1 2 52 1 140 1
1 2 52 1 179 1
1 2 52 1 181 1
1 2 52 1 182 1
1 2 52 1 188 1
1 2 53 1 60 1
1 2 53 1 62 1
1 2 53 1 65 1
1 2 53 1 93 1
1 2 53 1 112 1
1 2 53 1 149 1
1 2 53 1 153 1
1 2 53 1 156 1
1 2 53 1 161 1
1 2 53 1 184 1
1 2 53 1 191 1
1 2 54 1 59 1
1 2 54 1 68 1
1 2 54 1 70 1
1 2 54 1 96 1
1 2 54 1 104 1
1 2 54 1 105 1
1 2 54 1 117 1
1 2 54 1 153 1
1 2 55 1 95 1
1 2 55 1 107 1
1 2 55 1 116 1
1 2 55 1 165 1
1 2 55 1 194 1
1 2 56 1 75 1
1 2 56 1 81 1
1 2 56 1 110 1
1 2 56 1 113 1
1 2 56 1 127 1
1 2 56 1 129 1
1 2 56 1 134 1
1 2 56 1 138 1
1 2 56 1 151 1
1 2 56 1 180 1
1 2 56 1 188 1
1 2 57 1 76 1
1 2 57 1 87 1
1 2 57 1 99 1
1 2 57 1 104 1
1 2 57 1 108 1
1 2 57 1 110 1
1 2 57 1 112 1
1 2 57 1 131 1
1 2 57 1 157 1
1 2 57 1 163 1
1 2 57 1 165 1
1 2 57 1 184 1
1 2 57 1 197 1
1 2 57 1 198 1
1 2 58 1 64 1
1 2 58 1 65 1
1 2 58 1 79 1
1 2 58 1 97 1
1 2 58 1 115 1
1 2 58 1 179 1
1 2 58 1 189 1
1 2 59 1 66 1
1 2 59 1 75 1
1 2 59 1 77 1
1 2 59 1 81 1
1 2 59 1 192 1
1 2 60 1 82 1
1 2 60 1 121 1
1 2 60 1 122 1
1 2 60 1 124 1
1 2 60 1 152 1
1 2 60 1 182 1
1 2 61 1 105 1
1 2 61 1 133 1
1 2 61 1 136 1
1 2 61 1 145 1
1 2 61 1 184 1
1 2 61 1 191 1
1 2 61 1 198 1
1 2 62 1 66 1
1 2 62 1 68 1
1 2 62 1 89 1
1 2 62 1 92 1
1 2 62 1 94 1
1 2 62 1 113 1
1 2 62 1 153 1
1 2 63 1 67 1
1 2 63 1 81 1
1 2 63 1 86 1
1 2 63 1 92 1
1 2 63 1 119 1
1 2 63 1 133 1
1 2 63 1 147 1
1 2 63 1 194 1
1 2 64 1 68 1
1 2 64 1 98 1
1 2 64 1 101 1
1 2 64 1 108 1
1 2 64 1 123 1
1 2 64 1 150 1
1 2 64 1 156 1
1 2 64 1 159 1
1 2 64 1 172 1
1 2 64 1 174 1
1 2 65 1 70 1
1 2 65 1 75 1
1 2 65 1 88 1
1 2 65 1 91 1
1 2 65 1 107 1
1 2 65 1 134 1
1 2 65 1 162 1
1 2 65 1 164 1
1 2 65 1 177 1
1 2 65 1 197 1
1 2 66 1 71 1
1 2 66 1 87 1
1 2 66 1 90 1
1 2 66 1 92 1
1 2 66 1 112 1
1 2 66 1 120 1
1 2 66 1 140 1
1 2 66 1 143 1
1 2 66 1 175 1
1 2 66 1 193 1
1 2 67 1 73 1
1 2 67 1 103 1
1 2 67 1 107 1
1 2 67 1 127 1
1 2 67 1 135 1
1 2 67 1 136 1
1 2 67 1 147 1
1 2 67 1 148 1
1 2 67 1 154 1
1 2 67 1 171 1
1 2 67 1 177 1
1 2 67 1 180 1
1 2 68 1 75 1
1 2 68 1 81 1
1 2 68 1 86 1
1 2 68 1 98 1
1 2 68 1 112 1
1 2 68 1 122 1
1 2 68 1 138 1
1 2 68 1 151 1
1 2 68 1 187 1
1 2 68 1 196 1
1 2 69 1 74 1
1 2 69 1 79 1
1 2 69 1 81 1
1 2 69 1 91 1
1 2 69 1 93 1
1 2 69 1 94 1
1 2 69 1 110 1
1 2 69 1 133 1
1 2 69 1 142 1
1 2 69 1 145 1
1 2 69 1 168 1
1 2 69 1 177 1
1 2 69 1 184 1
1 2 69 1 189 1
1 2 70 1 90 1
1 2 70 1 102 1
1 2 70 1 125 1
1 2 70 1 149 1
1 2 70 1 158 1
1 2 70 1 164 1
1 2 70 1 171 1
1 2 70 1 193 1
1 2 71 1 104 1
1 2 71 1 112 1
1 2 71 1 117 1
1 2 71 1 146 1
1 2 71 1 148 1
1 2 71 1 153 1
1 2 71 1 157 1
1 2 71 1 165 1
1 2 71 1 170 1
1 2 71 1 177 1
1 2 71 1 186 1
1 2 71 1 194 1
1 2 72 1 78 1
1 2 72 1 108 1
1 2 72 1 117 1
1 2 72 1 132 1
1 2 72 1 133 1
1 2 72 1 141 1
1 2 72 1 158 1
1 2 72 1 173 1
1 2 72 1 184 1
1 2 73 1 78 1
1 2 73 1 90 1
1 2 73 1 102 1
1 2 73 1 131 1
1 2 73 1 149 1
1 2 73 1 157 1
1 2 73 1 184 1
1 2 73 1 186 1
1 2 73 1 199 1
1 2 74 1 87 1
1 2 74 1 104 1
1 2 74 1 126 1
1 2 74 1 128 1
1 2 74 1 160 1
1 2 74 1 177 1
1 2 74 1 179 1
1 2 75 1 86 1
1 2 75 1 104 1
1 2 75 1 130 1
1 2 75 1 141 1
1 2 75 1 162 1
1 2 75 1 173 1
1 2 75 1 177 1
1 2 75 1 188 1
1 2 75 1 189 1
1 2 76 1 107 1
1 2 76 1 128 1
1 2 76 1 130 1
1 2 76 1 142 1
1 2 76 1 143 1
1 2 76 1 166 1
1 2 77 1 138 1
1 2 77 1 142 1
1 2 77 1 163 1
1 2 77 1 167 1
1 2 77 1 169 1
1 2 77 1 191 1
1 2 78 1 83 1
1 2 78 1 110 1
1 2 78 1 161 1
1 2 78 1 165 1
1 2 78 1 166 1
1 2 78 1 181 1
1 2 79 1 133 1
1 2 79 1 144 1
1 2 79 1 168 1
1 2 79 1 170 1
1 2 79 1 171 1
1 2 79 1 177 1
1 2 80 1 116 1
1 2 80 1 136 1
1 2 80 1 143 1
1 2 80 1 149 1
1 2 80 1 162 1
1 2 80 1 174 1
1 2 80 1 183 1
1 2 80 1 186 1
1 2 81 1 115 1
1 2 81 1 119 1
1 2 81 1 174 1
1 2 81 1 179 1
1 2 81 1 197 1
1 2 82 1 87 1
1 2 82 1 138 1
1 2 82 1 166 1
1 2 82 1 174 1
1 2 82 1 184 1
1 2 83 1 99 1
1 2 83 1 147 1
1 2 83 1 170 1
1 2 83 1 177 1
1 2 84 1 89 1
1 2 84 1 121 1
1 2 84 1 122 1
1 2 84 1 134 1
1 2 84 1 149 1
1 2 84 1 176 1
1 2 85 1 94 1
1 2 85 1 120 1
1 2 85 1 121 1
1 2 85 1 171 1
1 2 86 1 93 1
1 2 86 1 97 1
1 2 86 1 122 1
1 2 86 1 165 1
1 2 86 1 175 1
1 2 86 1 176 1
1 2 86 1 186 1
1 2 86 1 195 1
1 2 87 1 147 1
1 2 87 1 172 1
1 2 87 1 179 1
1 2 87 1 183 1
1 2 87 1 189 1
1 2 88 1 105 1
1 2 88 1 118 1
1 2 88 1 121 1
1 2 88 1 154 1
1 2 88 1 160 1
1 2 88 1 167 1
1 2 88 1 185 1
1 2 88 1 190 1
1 2 88 1 199 1
1 2 89 1 106 1
1 2 89 1 113 1
1 2 89 1 142 1
1 2 89 1 162 1
1 2 89 1 176 1
1 2 90 1 108 1
1 2 90 1 137 1
1 2 90 1 139 1
1 2 90 1 152 1
1 2 90 1 178 1
1 2 91 1 92 1
1 2 91 1 99 1
1 2 91 1 102 1
1 2 91 1 113 1
1 2 91 1 128 1
1 2 91 1 129 1
1 2 91 1 190 1
1 2 92 1 94 1
1 2 92 1 96 1
1 2 92 1 132 1
1 2 92 1 133 1
1 2 92 1 137 1
1 2 92 1 154 1
1 2 92 1 177 1
1 2 92 1 195 1
1 2 93 1 109 1
1 2 93 1 126 1
1 2 93 1 128 1
1 2 93 1 129 1
1 2 93 1 150 1
1 2 93 1 160 1
1 2 93 1 167 1
1 2 93 1 169 1
1 2 94 1 96 1
1 2 94 1 107 1
1 2 94 1 108 1
1 2 94 1 112 1
1 2 94 1 121 1
1 2 94 1 149 1
1 2 94 1 155 1
1 2 94 1 169 1
1 2 94 1 180 1
1 2 94 1 181 1
1 2 95 1 96 1
1 2 95 1 123 1
1 2 95 1 137 1
1 2 95 1 141 1
1 2 95 1 163 1
1 2 95 1 171 1
1 2 95 1 195 1
1 2 96 1 98 1
1 2 96 1 111 1
1 2 96 1 125 1
1 2 96 1 141 1
1 2 96 1 163 1
1 2 97 1 101 1
1 2 97 1 107 1
1 2 97 1 113 1
1 2 97 1 124 1
1 2 97 1 136 1
1 2 97 1 152 1
1 2 97 1 153 1
1 2 97 1 154 1
1 2 97 1 157 1
1 2 97 1 164 1
1 2 97 1 186 1
1 2 98 1 99 1
1 2 98 1 102 1
1 2 98 1 116 1
1 2 98 1 128 1
1 2 98 1 131 1
1 2 98 1 144 1
1 2 98 1 159 1
1 2 98 1 166 1
1 2 98 1 169 1
1 2 98 1 192 1
1 2 98 1 195 1
1 2 98 1 196 1
1 2 99 1 104 1
1 2 99 1 106 1
1 2 99 1 118 1
1 2 99 1 119 1
1 2 99 1 120 1
1 2 99 1 124 1
1 2 99 1 128 1
1 2 99 1 150 1
1 2 99 1 171 1
1 2 100 1 108 1
1 2 100 1 116 1
1 2 100 1 130 1
1 2 100 1 137 1
1 2 100 1 155 1
1 2 100 1 168 1
1 2 100 1 189 1
1 2 100 1 194 1
1 2 100 1 199 1
1 2 101 1 120 1
1 2 101 1 124 1
1 2 101 1 152 1
1 2 101 1 154 1
1 2 101 1 187 1
1 2 102 1 119 1
1 2 102 1 128 1
1 2 102 1 136 1
1 2 102 1 143 1
1 2 102 1 155 1
1 2 102 1 177 1
1 2 102 1 187 1
1 2 103 1 109 1
1 2 103 1 125 1
1 2 103 1 163 1
1 2 103 1 192 1
1 2 104 1 114 1
1 2 104 1 122 1
1 2 104 1 132 1
1 2 104 1 136 1
1 2 104 1 149 1
1 2 104 1 153 1
1 2 104 1 161 1
1 2 104 1 193 1
1 2 105 1 106 1
1 2 105 1 148 1
1 2 105 1 168 1
1 2 105 1 171 1
1 2 105 1 174 1
1 2 105 1 195 1
1 2 105 1 199 1
1 2 106 1 107 1
1 2 106 1 114 1
1 2 106 1 155 1
1 2 106 1 158 1
1 2 107 1 149 1
1 2 107 1 164 1
1 2 107 1 169 1
1 2 107 1 186 1
1 2 107 1 189 1
1 2 108 1 121 1
1 2 108 1 132 1
1 2 108 1 149 1
1 2 109 1 117 1
1 2 109 1 128 1
1 2 109 1 176 1
1 2 109 1 180 1
1 2 109 1 185 1
1 2 109 1 196 1
1 2 110 1 126 1
1 2 110 1 147 1
1 2 110 1 150 1
1 2 110 1 186 1
1 2 111 1 119 1
1 2 111 1 120 1
1 2 111 1 131 1
1 2 111 1 135 1
1 2 111 1 158 1
1 2 112 1 140 1
1 2 112 1 147 1
1 2 112 1 155 1
1 2 112 1 159 1
1 2 112 1 183 1
1 2 112 1 186 1
1 2 112 1 199 1
1 2 113 1 131 1
1 2 113 1 132 1
1 2 113 1 134 1
1 2 113 1 140 1
1 2 113 1 150 1
1 2 113 1 157 1
1 2 113 1 173 1
1 2 113 1 190 1
1 2 114 1 128 1
1 2 114 1 129 1
1 2 114 1 149 1
1 2 114 1 192 1
1 2 115 1 128 1
1 2 116 1 117 1
1 2 116 1 131 1
1 2 116 1 136 1
1 2 116 1 147 1
1 2 116 1 155 1
1 2 116 1 179 1
1 2 116 1 187 1
1 2 116 1 194 1
1 2 117 1 149 1
1 2 117 1 159 1
1 2 117 1 179 1
1 2 117 1 189 1
1 2 118 1 124 1
1 2 118 1 144 1
1 2 118 1 166 1
1 2 118 1 168 1
1 2 119 1 126 1
1 2 119 1 127 1
1 2 119 1 136 1
1 2 119 1 140 1
1 2 119 1 141 1
1 2 119 1 162 1
1 2 119 1 189 1
1 2 119 1 193 1
1 2 120 1 128 1
1 2 120 1 149 1
1 2 120 1 166 1
1 2 120 1 174 1
1 2 120 1 175 1
1 2 120 1 178 1
1 2 120 1 179 1
1 2 120 1 181 1
1 2 120 1 183 1
1 2 120 1 184 1
1 2 120 1 189 1
1 2 120 1 194 1
1 2 121 1 128 1
1 2 121 1 151 1
1 2 121 1 165 1
1 2 121 1 171 1
1 2 121 1 196 1
1 2 122 1 131 1
1 2 122 1 133 1
1 2 122 1 154 1
1 2 122 1 162 1
1 2 122 1 178 1
1 2 123 1 125 1
1 2 123 1 160 1
1 2 123 1 198 1
1 2 124 1 127 1
1 2 124 1 133 1
1 2 124 1 136 1
1 2 124 1 146 1
1 2 124 1 155 1
1 2 124 1 165 1
1 2 124 1 168 1
1 2 124 1 171 1
1 2 124 1 176 1
1 2 124 1 179 1
1 2 125 1 173 1
1 2 125 1 196 1
1 2 126 1 127 1
1 2 126 1 173 1
1 2 126 1 179 1
1 2 127 1 129 1
1 2 127 1 166 1
1 2 127 1 189 1
1 2 127 1 195 1
1 2 127 1 198 1
1 2 128 1 129 1
1 2 128 1 137 1
1 2 128 1 138 1
1 2 128 1 159 1
1 2 128 1 171 1
1 2 128 1 174 1
1 2 128 1 181 1
1 2 128 1 187 1
1 2 128 1 188 1
1 2 128 1 189 1
1 2 129 1 141 1
1 2 129 1 197 1
1 2 130 1 132 1
1 2 130 1 135 1
1 2 130 1 158 1
1 2 130 1 165 1
1 2 130 1 173 1
1 2 130 1 176 1
1 2 130 1 184 1
1 2 130 1 190 1
1 2 130 1 191 1
1 2 131 1 138 1
1 2 131 1 144 1
1 2 131 1 149 1
1 2 131 1 165 1
1 2 131 1 168 1
1 2 131 1 178 1
1 2 131 1 191 1
1 2 131 1 199 1
1 2 132 1 148 1
1 2 132 1 179 1
1 2 132 1 187 1
1 2 133 1 167 1
1 2 133 1 187 1
1 2 134 1 141 1
1 2 134 1 155 1
1 2 134 1 158 1
1 2 134 1 168 1
1 2 134 1 198 1
1 2 135 1 139 1
1 2 135 1 140 1
1 2 135 1 147 1
1 2 135 1 171 1
1 2 136 1 157 1
1 2 136 1 197 1
1 2 136 1 199 1
1 2 137 1 152 1
1 2 137 1 170 1
1 2 137 1 174 1
1 2 137 1 184 1
1 2 137 1 190 1
1 2 138 1 140 1
1 2 138 1 142 1
1 2 138 1 147 1
1 2 138 1 158 1
1 2 138 1 179 1
1 2 138 1 194 1
1 2 138 1 195 1
1 2 139 1 151 1
1 2 139 1 166 1
1 2 139 1 181 1
1 2 139 1 189 1
1 2 139 1 196 1
1 2 140 1 142 1
1 2 140 1 157 1
1 2 140 1 162 1
1 2 140 1 167 1
1 2 140 1 170 1
1 2 140 1 184 1
1 2 141 1 170 1
1 2 141 1 172 1
1 2 141 1 177 1
1 2 141 1 178 1
1 2 142 1 154 1
1 2 142 1 173 1
1 2 142 1 189 1
1 2 142 1 190 1
1 2 142 1 192 1
1 2 142 1 194 1
1 2 143 1 165 1
1 2 143 1 179 1
1 2 143 1 198 1
1 2 144 1 151 1
1 2 144 1 191 1
1 2 145 1 146 1
1 2 145 1 150 1
1 2 145 1 159 1
1 2 145 1 177 1
1 2 145 1 184 1
1 2 145 1 187 1
1 2 145 1 188 1
1 2 145 1 189 1
1 2 145 1 196 1
1 2 146 1 182 1
1 2 146 1 188 1
1 2 146 1 192 1
1 2 147 1 149 1
1 2 147 1 176 1
1 2 148 1 155 1
1 2 148 1 156 1
1 2 149 1 156 1
1 2 149 1 183 1
1 2 149 1 194 1
1 2 149 1 195 1
1 2 149 1 197 1
1 2 149 1 199 1
1 2 151 1 163 1
1 2 151 1 181 1
1 2 151 1 191 1
1 2 151 1 197 1
1 2 152 1 155 1
1 2 152 1 156 1
1 2 152 1 169 1
1 2 152 1 176 1
1 2 152 1 186 1
1 2 152 1 199 1
1 2 153 1 167 1
1 2 153 1 176 1
1 2 153 1 178 1
1 2 153 1 186 1
1 2 153 1 195 1
1 2 154 1 156 1
1 2 155 1 186 1
1 2 155 1 199 1
1 2 156 1 158 1
1 2 156 1 162 1
1 2 156 1 191 1
1 2 157 1 181 1
1 2 157 1 191 1
1 2 157 1 199 1
1 2 158 1 178 1
1 2 158 1 184 1
1 2 159 1 173 1
1 2 159 1 185 1
1 2 160 1 173 1
1 2 160 1 181 1
1 2 161 1 164 1
1 2 161 1 199 1
1 2 162 1 179 1
1 2 162 1 183 1
1 2 162 1 197 1
1 2 163 1 172 1
1 2 163 1 175 1
1 2 164 1 191 1
1 2 164 1 194 1
1 2 165 1 188 1
1 2 167 1 174 1
1 2 167 1 184 1
1 2 167 1 191 1
1 2 168 1 175 1
1 2 169 1 170 1
1 2 169 1 192 1
1 2 170 1 188 1
1 2 170 1 193 1
1 2 171 1 191 1
1 2 172 1 174 1
1 2 173 1 175 1
1 2 173 1 181 1
1 2 173 1 184 1
1 2 173 1 187 1
1 2 173 1 199 1
1 2 174 1 179 1
1 2 174 1 182 1
1 2 174 1 191 1
1 2 174 1 195 1
1 2 176 1 188 1
1 2 176 1 196 1
1 2 177 1 190 1
1 2 179 1 186 1
1 2 180 1 181 1
1 2 180 1 184 1
1 2 180 1 193 1
1 2 180 1 199 1
1 2 181 1 183 1
1 2 181 1 185 1
1 2 182 1 184 1
1 2 182 1 185 1
1 2 183 1 184 1
1 2 183 1 191 1
1 2 183 1 194 1
1 2 183 1 197 1
1 2 184 1 186 1
1 2 184 1 195 1
1 2 186 1 198 1
1 2 188 1 192 1
1 2 190 1 193 1
1 2 190 1 194 1
1 2 191 1 194 1
1 2 192 1 196 1
incumbent 1
1 1 1 0 1 0 1 1 0 1 1 1 1 1 1 1 1 1 0 1 1 0 1 1 1 0 1 1 1 1 1 1 1 1 1 1 1 1 1 1 1 1 1 1 1 1 1 0 1 1 1 1 1 1 0 0 1 1 1 1 1 1 0 1 1 1 1 1 1 1 1 1 1 1 1 0 1 0 1 1 0 0 1 0 1 1 1 0 0 1 1 0 1 0 1 1 1 0 1 1 0 1 1 1 1 1 1 1 1 1 0 1 1 1 0 1 1 1 1 1 1 1 0 1 1 1 1 1 1 1 1 1 1 1 1 0 1 1 1 1 1 1 1 1 0 1 0 1 0 1 1 1 1 1 1 1 1 1 1 0 1 0 1 1 1 1 0 1 1 1 1 1 1 1 1 0 0 1 1 1 1 0 1 1 0 1 1 0 1 1 1 1 1 0 1 1 1 1 0 1
