200 1273
-26 -26 -3 -25 -17 -7 -2 -29 -28 -23 -28 -8 -21 -11 -7 -4 -2 -12 -2 -15 -20 -18 -6 -19 -26 -8 -5 -19 -8 -27 -17 -15 -19 -12 -17 -13 -9 -3 -13 -5 -24 -4 -6 -15 -24 -22 -29 -13 -3 -17 -18 -27 -23 -2 -18 -29 -16 -24 -11 -17 -24 -12 -3 -14 -11 -3 -29 -24 -4 -18 -13 -4 -15 -5 -8 -16 -16 -5 -19 -12 -3 -30 -2 -17 -8 -4 -6 -11 -16 -10 -16 -14 -19 -30 -20 -12 -4 -4 -26 -27 -21 -24 -21 -11 -27 -10 -14 -27 -4 -24 -10 -19 -7 -14 -4 -16 -2 -28 -23 -29 -1 -14 -24 -11 -13 -8 -14 -27 -4 -6 -29 -6 -3 -30 -5 -15 -30 -2 -17 -5 -17 -21 -9 -23 -21 -11 -12 -13 -11 -15 -13 -27 -22 -5 -14 -1 -15 -12 -20 -15 -2 -16 -23 -8 -4 -16 -17 -12 -28 -9 -5 -28 -6 -19 -5 -4 -11 -11 -27 -30 -13 -27 -6 -26 -24 -1 -20 -24 -20 -1 -4 -18 -19 -28 -5 -27 -19 -23 -24 -8
-1 2 0 -1 8 -1
-1 2 0 -1 20 -1
-1 2 0 -1 41 -1
-1 2 0 -1 54 -1
-1 2 0 -1 57 -1
-1 2 0 -1 63 -1
-1 2 0 -1 75 -1
-1 2 0 -1 77 -1
-1 2 0 -1 84 -1
-1 2 0 -1 96 -1
-1 2 0 -1 100 -1
-1 2 0 -1 104 -1
-1 2 0 -1 131 -1
-1 2 0 -1 144 -1
-1 2 0 -1 181 -1
-1 2 0 -1 193 -1
-1 2 0 -1 198 -1
-1 2 1 -1 14 -1
-1 2 1 -1 17 -1
-1 2 1 -1 39 -1
-1 2 1 -1 58 -1
-1 2 1 -1 77 -1
-1 2 1 -1 102 -1
-1 2 1 -1 111 -1
-1 2 1 -1 127 -1
-1 2 1 -1 136 -1
-1 2 1 -1 163 -1
-1 2 1 -1 185 -1
-1 2 1 -1 186 -1
-1 2 1 -1 193 -1
-1 2 2 -1 17 -1
-1 2 2 -1 49 -1
-1 2 2 -1 51 -1
-1 2 2 -1 74 -1
-1 2 2 -1 82 -1
-1 2 2 -1 102 -1
-1 2 2 -1 129 -1
-1 2 2 -1 152 -1
-1 2 2 -1 183 -1
-1 2 2 -1 184 -1
-1 2 3 -1 16 -1
-1 2 3 -1 17 -1
-1 2 3 -1 42 -1
-1 2 3 -1 72 -1
-1 2 3 -1 75 -1
-1 2 3 -1 83 -1
-1 2 3 -1 88 -1
-1 2 3 -1 98 -1
-1 2 3 -1 101 -1
-1 2 3 -1 111 -1
-1 2 3 -1 117 -1
-1 2 3 -1 126 -1
-1 2 3 -1 142 -1
-1 2 3 -1 189 -1
-1 2 4 -1 39 -1
-1 2 4 -1 58 -1
-1 2 4 -1 59 -1
-1 2 4 -1 74 -1
-1 2 4 -1 76 -1
-1 2 4 -1 86 -1
-1 2 4 -1 111 -1
-1 2 4 -1 132 -1
-1 2 4 -1 163 -1
-1 2 4 -1 166 -1
-1 2 5 -1 6 -1
-1 2 5 -1 7 -1
-1 2 5 -1 15 -1
-1 2 5 -1 19 -1
-1 2 5 -1 23 -1
-1 2 5 -1 44 -1
-1 2 5 -1 63 -1
-1 2 5 -1 87 -1
-1 2 5 -1 122 -1
-1 2 5 -1 127 -1
-1 2 5 -1 129 -1
-1 2 5 -1 131 -1
-1 2 5 -1 146 -1
-1 2 5 -1 190 -1
-1 2 6 -1 42 -1
-1 2 6 -1 53 -1
-1 2 6 -1 66 -1
-1 2 6 -1 67 -1
-1 2 6 -1 83 -1
-1 2 6 -1 86 -1
-1 2 6 -1 92 -1
-1 2 6 -1 108 -1
-1 2 6 -1 149 -1
-1 2 6 -1 152 -1
-1 2 6 -1 160 -1
-1 2 6 -1 172 -1
-1 2 6 -1 179 -1
-1 2 6 -1 180 -1
-1 2 6 -1 186 -1
-1 2 7 -1 27 -1
-1 2 7 -1 48 -1
-1 2 7 -1 50 -1
-1 2 7 -1 71 -1
-1 2 7 -1 77 -1
-1 2 7 -1 78 -1
-1 2 7 -1 84 -1
-1 2 7 -1 88 -1
-1 2 7 -1 98 -1
-1 2 7 -1 126 -1
-1 2 7 -1 128 -1
-1 2 7 -1 155 -1
-1 2 8 -1 15 -1
-1 2 8 -1 101 -1
-1 2 8 -1 119 -1
-1 2 8 -1 129 -1
-1 2 8 -1 152 -1
-1 2 8 -1 159 -1
-1 2 8 -1 186 -1
-1 2 8 -1 187 -1
-1 2 8 -1 189 -1
-1 2 9 -1 21 -1
-1 2 9 -1 22 -1
-1 2 9 -1 29 -1
-1 2 9 -1 42 -1
-1 2 9 -1 45 -1
-1 2 9 -1 75 -1
-1 2 9 -1 77 -1
-1 2 9 -1 108 -1
-1 2 9 -1 118 -1
-1 2 9 -1 134 -1
-1 2 9 -1 158 -1
-1 2 9 -1 163 -1
-1 2 9 -1 185 -1
-1 2 9 -1 188 -1
-1 2 10 -1 11 -1
-1 2 10 -1 17 -1
-1 2 10 -1 42 -1
-1 2 10 -1 54 -1
-1 2 10 -1 91 -1
-1 2 10 -1 100 -1
-1 2 10 -1 111 -1
-1 2 10 -1 138 -1
-1 2 10 -1 165 -1
-1 2 10 -1 170 -1
-1 2 11 -1 31 -1
-1 2 11 -1 56 -1
-1 2 11 -1 79 -1
-1 2 11 -1 87 -1
-1 2 11 -1 133 -1
-1 2 11 -1 147 -1
-1 2 11 -1 148 -1
-1 2 11 -1 164 -1
-1 2 11 -1 174 -1
-1 2 11 -1 183 -1
-1 2 11 -1 190 -1
-1 2 12 -1 19 -1
-1 2 12 -1 23 -1
-1 2 12 -1 41 -1
-1 2 12 -1 63 -1
-1 2 12 -1 81 -1
-1 2 12 -1 121 -1
-1 2 12 -1 163 -1
-1 2 12 -1 164 -1
-1 2 12 -1 167 -1
-1 2 12 -1 179 -1
-1 2 12 -1 180 -1
-1 2 13 -1 38 -1
-1 2 13 -1 40 -1
-1 2 13 -1 47 -1
-1 2 13 -1 52 -1
-1 2 13 -1 57 -1
-1 2 13 -1 66 -1
-1 2 13 -1 95 -1
-1 2 13 -1 98 -1
-1 2 13 -1 156 -1
-1 2 14 -1 16 -1
-1 2 14 -1 18 -1
-1 2 14 -1 26 -1
-1 2 14 -1 59 -1
-1 2 14 -1 60 -1
-1 2 14 -1 63 -1
-1 2 14 -1 87 -1
-1 2 14 -1 88 -1
-1 2 14 -1 159 -1
-1 2 14 -1 162 -1
-1 2 14 -1 166 -1
-1 2 14 -1 172 -1
-1 2 15 -1 43 -1
-1 2 15 -1 67 -1
-1 2 15 -1 116 -1
-1 2 15 -1 119 -1
-1 2 15 -1 126 -1
-1 2 15 -1 137 -1
-1 2 15 -1 157 -1
-1 2 15 -1 161 -1
-1 2 15 -1 167 -1
-1 2 15 -1 172 -1
-1 2 15 -1 180 -1
-1 2 16 -1 27 -1
-1 2 16 -1 56 -1
-1 2 16 -1 66 -1
-1 2 16 -1 68 -1
-1 2 16 -1 119 -1
-1 2 16 -1 168 -1
-1 2 16 -1 186 -1
-1 2 16 -1 188 -1
-1 2 16 -1 198 -1
-1 2 17 -1 24 -1
-1 2 17 -1 46 -1
-1 2 17 -1 76 -1
-1 2 17 -1 145 -1
-1 2 17 -1 173 -1
-1 2 17 -1 175 -1
-1 2 17 -1 176 -1
-1 2 18 -1 26 -1
-1 2 18 -1 32 -1
-1 2 18 -1 42 -1
-1 2 18 -1 44 -1
-1 2 18 -1 52 -1
-1 2 18 -1 72 -1
-1 2 18 -1 76 -1
-1 2 18 -1 78 -1
-1 2 18 -1 84 -1
-1 2 18 -1 88 -1
-1 2 18 -1 98 -1
-1 2 18 -1 99 -1
-1 2 18 -1 101 -1
-1 2 18 -1 105 -1
-1 2 18 -1 113 -1
-1 2 18 -1 118 -1
-1 2 18 -1 122 -1
-1 2 18 -1 124 -1
-1 2 18 -1 137 -1
-1 2 18 -1 140 -1
-1 2 18 -1 149 -1
-1 2 19 -1 83 -1
-1 2 19 -1 113 -1
-1 2 19 -1 126 -1
-1 2 19 -1 135 -1
-1 2 19 -1 137 -1
-1 2 19 -1 155 -1
-1 2 19 -1 160 -1
-1 2 20 -1 42 -1
-1 2 20 -1 80 -1
-1 2 20 -1 81 -1
-1 2 20 -1 104 -1
-1 2 20 -1 105 -1
-1 2 20 -1 114 -1
-1 2 20 -1 118 -1
-1 2 20 -1 154 -1
-1 2 20 -1 174 -1
-1 2 20 -1 181 -1
-1 2 21 -1 37 -1
-1 2 21 -1 68 -1
-1 2 21 -1 73 -1
-1 2 21 -1 84 -1
-1 2 21 -1 101 -1
-1 2 21 -1 108 -1
-1 2 21 -1 168 -1
-1 2 21 -1 179 -1
-1 2 21 -1 180 -1
-1 2 21 -1 188 -1
-1 2 21 -1 192 -1
-1 2 21 -1 193 -1
-1 2 22 -1 62 -1
-1 2 22 -1 70 -1
-1 2 22 -1 72 -1
-1 2 22 -1 84 -1
-1 2 22 -1 105 -1
-1 2 22 -1 118 -1
-1 2 22 -1 131 -1
-1 2 22 -1 132 -1
-1 2 22 -1 133 -1
-1 2 22 -1 159 -1
-1 2 22 -1 163 -1
-1 2 22 -1 178 -1
-1 2 22 -1 187 -1
-1 2 23 -1 39 -1
-1 2 23 -1 64 -1
-1 2 23 -1 66 -1
-1 2 23 -1 74 -1
-1 2 23 -1 76 -1
-1 2 23 -1 84 -1
-1 2 23 -1 104 -1
-1 2 23 -1 108 -1
-1 2 23 -1 127 -1
-1 2 23 -1 164 -1
-1 2 23 -1 170 -1
-1 2 24 -1 134 -1
-1 2 24 -1 148 -1
-1 2 24 -1 152 -1
-1 2 24 -1 159 -1
-1 2 24 -1 163 -1
-1 2 24 -1 180 -1
-1 2 25 -1 32 -1
-1 2 25 -1 58 -1
-1 2 25 -1 59 -1
-1 2 25 -1 89 -1
-1 2 25 -1 118 -1
-1 2 25 -1 119 -1
-1 2 25 -1 138 -1
-1 2 25 -1 145 -1
-1 2 25 -1 153 -1
-1 2 25 -1 156 -1
-1 2 25 -1 171 -1
-1 2 25 -1 192 -1
-1 2 26 -1 30 -1
-1 2 26 -1 31 -1
-1 2 26 -1 37 -1
-1 2 26 -1 38 -1
-1 2 26 -1 53 -1
-1 2 26 -1 56 -1
-1 2 26 -1 61 -1
-1 2 26 -1 65 -1
-1 2 26 -1 92 -1
-1 2 26 -1 98 -1
-1 2 26 -1 102 -1
-1 2 26 -1 109 -1
-1 2 26 -1 113 -1
-1 2 26 -1 162 -1
-1 2 26 -1 188 -1
-1 2 27 -1 48 -1
-1 2 27 -1 51 -1
-1 2 27 -1 76 -1
-1 2 27 -1 78 -1
-1 2 27 -1 107 -1
-1 2 27 -1 109 -1
-1 2 27 -1 146 -1
-1 2 27 -1 156 -1
-1 2 27 -1 168 -1
-1 2 28 -1 46 -1
-1 2 28 -1 51 -1
-1 2 28 -1 53 -1
-1 2 28 -1 64 -1
-1 2 28 -1 67 -1
-1 2 28 -1 72 -1
-1 2 28 -1 79 -1
-1 2 28 -1 103 -1
-1 2 28 -1 129 -1
-1 2 28 -1 147 -1
-1 2 28 -1 150 -1
-1 2 28 -1 175 -1
-1 2 28 -1 182 -1
-1 2 29 -1 37 -1
-1 2 29 -1 41 -1
-1 2 29 -1 47 -1
-1 2 29 -1 52 -1
-1 2 29 -1 58 -1
-1 2 29 -1 73 -1
-1 2 29 -1 94 -1
-1 2 29 -1 98 -1
-1 2 29 -1 108 -1
-1 2 29 -1 115 -1
-1 2 29 -1 187 -1
-1 2 29 -1 188 -1
-1 2 30 -1 34 -1
-1 2 30 -1 79 -1
-1 2 30 -1 96 -1
-1 2 30 -1 102 -1
-1 2 30 -1 104 -1
-1 2 30 -1 139 -1
-1 2 30 -1 144 -1
-1 2 30 -1 150 -1
-1 2 30 -1 160 -1
-1 2 30 -1 163 -1
-1 2 31 -1 48 -1
-1 2 31 -1 61 -1
-1 2 31 -1 80 -1
-1 2 31 -1 87 -1
-1 2 31 -1 89 -1
-1 2 31 -1 96 -1
-1 2 31 -1 111 -1
-1 2 31 -1 124 -1
-1 2 31 -1 130 -1
-1 2 31 -1 143 -1
-1 2 31 -1 160 -1
-1 2 32 -1 33 -1
-1 2 32 -1 82 -1
-1 2 32 -1 85 -1
-1 2 32 -1 100 -1
-1 2 32 -1 116 -1
-1 2 32 -1 156 -1
-1 2 32 -1 157 -1
-1 2 32 -1 161 -1
-1 2 32 -1 163 -1
-1 2 32 -1 168 -1
-1 2 32 -1 196 -1
-1 2 33 -1 91 -1
-1 2 33 -1 109 -1
-1 2 33 -1 131 -1
-1 2 33 -1 144 -1
-1 2 33 -1 159 -1
-1 2 33 -1 163 -1
-1 2 33 -1 196 -1
-1 2 34 -1 49 -1
-1 2 34 -1 50 -1
-1 2 34 -1 54 -1
-1 2 34 -1 124 -1
-1 2 34 -1 130 -1
-1 2 34 -1 147 -1
-1 2 34 -1 150 -1
-1 2 34 -1 160 -1
-1 2 34 -1 163 -1
-1 2 34 -1 164 -1
-1 2 35 -1 50 -1
-1 2 35 -1 56 -1
-1 2 35 -1 96 -1
-1 2 35 -1 106 -1
-1 2 35 -1 151 -1
-1 2 35 -1 186 -1
-1 2 36 -1 40 -1
-1 2 36 -1 47 -1
-1 2 36 -1 60 -1
-1 2 36 -1 66 -1
-1 2 36 -1 72 -1
-1 2 36 -1 84 -1
-1 2 36 -1 95 -1
-1 2 36 -1 99 -1
-1 2 36 -1 100 -1
-1 2 36 -1 102 -1
-1 2 36 -1 121 -1
-1 2 36 -1 130 -1
-1 2 36 -1 139 -1
-1 2 36 -1 150 -1
-1 2 36 -1 155 -1
-1 2 36 -1 167 -1
-1 2 36 -1 174 -1
-1 2 37 -1 40 -1
-1 2 37 -1 55 -1
-1 2 37 -1 77 -1
-1 2 37 -1 81 -1
-1 2 37 -1 120 -1
-1 2 37 -1 122 -1
-1 2 37 -1 155 -1
-1 2 37 -1 160 -1
-1 2 37 -1 173 -1
-1 2 37 -1 174 -1
-1 2 37 -1 177 -1
-1 2 37 -1 178 -1
-1 2 38 -1 59 -1
-1 2 38 -1 82 -1
-1 2 38 -1 111 -1
-1 2 38 -1 115 -1
-1 2 38 -1 116 -1
-1 2 38 -1 134 -1
-1 2 38 -1 155 -1
-1 2 38 -1 191 -1
-1 2 38 -1 193 -1
-1 2 38 -1 197 -1
-1 2 39 -1 44 -1
-1 2 39 -1 56 -1
-1 2 39 -1 66 -1
-1 2 39 -1 80 -1
-1 2 39 -1 123 -1
-1 2 39 -1 132 -1
-1 2 39 -1 135 -1
-1 2 39 -1 136 -1
-1 2 39 -1 148 -1
-1 2 39 -1 151 -1
-1 2 39 -1 164 -1
-1 2 39 -1 173 -1
-1 2 39 -1 177 -1
-1 2 39 -1 195 -1
-1 2 40 -1 88 -1
-1 2 40 -1 90 -1
-1 2 40 -1 121 -1
-1 2 40 -1 136 -1
-1 2 40 -1 139 -1
-1 2 40 -1 156 -1
-1 2 40 -1 157 -1
-1 2 40 -1 158 -1
-1 2 41 -1 43 -1
-1 2 41 -1 54 -1
-1 2 41 -1 128 -1
-1 2 41 -1 167 -1
-1 2 41 -1 190 -1
-1 2 41 -1 193 -1
-1 2 41 -1 195 -1
-1 2 41 -1 197 -1
-1 2 42 -1 69 -1
-1 2 42 -1 88 -1
-1 2 42 -1 89 -1
-1 2 42 -1 104 -1
-1 2 42 -1 126 -1
-1 2 42 -1 162 -1
-1 2 42 -1 169 -1
-1 2 42 -1 176 -1
-1 2 42 -1 196 -1
-1 2 43 -1 46 -1
-1 2 43 -1 68 -1
-1 2 43 -1 70 -1
-1 2 43 -1 80 -1
-1 2 43 -1 82 -1
-1 2 43 -1 88 -1
-1 2 43 -1 98 -1
-1 2 43 -1 104 -1
-1 2 43 -1 125 -1
-1 2 43 -1 163 -1
-1 2 43 -1 198 -1
-1 2 44 -1 75 -1
-1 2 44 -1 90 -1
-1 2 44 -1 106 -1
-1 2 44 -1 108 -1
-1 2 44 -1 110 -1
-1 2 44 -1 138 -1
-1 2 44 -1 148 -1
-1 2 44 -1 149 -1
-1 2 45 -1 48 -1
-1 2 45 -1 61 -1
-1 2 45 -1 64 -1
-1 2 45 -1 66 -1
-1 2 45 -1 77 -1
-1 2 45 -1 110 -1
-1 2 45 -1 116 -1
-1 2 45 -1 124 -1
-1 2 45 -1 125 -1
-1 2 45 -1 142 -1
-1 2 45 -1 182 -1
-1 2 45 -1 199 -1
-1 2 46 -1 83 -1
-1 2 46 -1 98 -1
-1 2 46 -1 116 -1
-1 2 46 -1 142 -1
-1 2 46 -1 148 -1
-1 2 46 -1 163 -1
-1 2 46 -1 173 -1
-1 2 46 -1 175 -1
-1 2 47 -1 57 -1
-1 2 47 -1 82 -1
-1 2 47 -1 92 -1
-1 2 47 -1 95 -1
-1 2 47 -1 97 -1
-1 2 47 -1 126 -1
-1 2 47 -1 147 -1
-1 2 47 -1 190 -1
-1 2 47 -1 197 -1
-1 2 48 -1 54 -1
-1 2 48 -1 67 -1
-1 2 48 -1 73 -1
-1 2 48 -1 83 -1
-1 2 48 -1 102 -1
-1 2 48 -1 115 -1
-1 2 48 -1 119 -1
-1 2 48 -1 128 -1
-1 2 48 -1 142 -1
-1 2 48 -1 169 -1
-1 2 48 -1 190 -1
-1 2 48 -1 196 -1
-1 2 49 -1 54 -1
-1 2 49 -1 75 -1
-1 2 49 -1 96 -1
-1 2 49 -1 115 -1
-1 2 49 -1 120 -1
-1 2 49 -1 133 -1
-1 2 49 -1 135 -1
-1 2 49 -1 138 -1
-1 2 49 -1 170 -1
-1 2 50 -1 56 -1
-1 2 50 -1 61 -1
-1 2 50 -1 64 -1
-1 2 50 -1 75 -1
-1 2 50 -1 102 -1
-1 2 50 -1 125 -1
-1 2 50 -1 136 -1
-1 2 50 -1 137 -1
-1 2 50 -1 142 -1
-1 2 50 -1 149 -1
-1 2 50 -1 151 -1
-1 2 50 -1 154 -1
-1 2 50 -1 155 -1
-1 2 50 -1 183 -1
-1 2 50 -1 189 -1
-1 2 51 -1 56 -1
-1 2 51 -1 68 -1
-1 2 51 -1 127 -1
-1 2 51 -1 129 -1
-1 2 51 -1 130 -1
-1 2 52 -1 62 -1
-1 2 52 -1 75 -1
-1 2 52 -1 89 -1
-1 2 52 -1 97 -1
-1 2 52 -1 98 -1
-1 2 52 -1 130 -1
-1 2 52 -1 132 -1
-1 2 52 -1 136 -1
-1 2 52 -1 163 -1
-1 2 52 -1 170 -1
-1 2 52 -1 196 -1
-1 2 53 -1 70 -1
-1 2 53 -1 84 -1
-1 2 53 -1 119 -1
-1 2 53 -1 127 -1
-1 2 53 -1 128 -1
-1 2 53 -1 165 -1
-1 2 53 -1 190 -1
-1 2 53 -1 199 -1
-1 2 54 -1 77 -1
-1 2 54 -1 85 -1
-1 2 54 -1 96 -1
-1 2 54 -1 139 -1
-1 2 54 -1 155 -1
-1 2 54 -1 159 -1
-1 2 54 -1 166 -1
-1 2 54 -1 170 -1
-1 2 54 -1 173 -1
-1 2 54 -1 175 -1
-1 2 54 -1 180 -1
-1 2 54 -1 197 -1
-1 2 55 -1 56 -1
-1 2 55 -1 62 -1
-1 2 55 -1 66 -1
-1 2 55 -1 83 -1
-1 2 55 -1 89 -1
-1 2 55 -1 103 -1
-1 2 55 -1 146 -1
-1 2 55 -1 169 -1
-1 2 55 -1 187 -1
-1 2 55 -1 196 -1
-1 2 56 -1 71 -1
-1 2 56 -1 79 -1
-1 2 56 -1 93 -1
-1 2 56 -1 98 -1
-1 2 56 -1 135 -1
-1 2 57 -1 74 -1
-1 2 57 -1 134 -1
-1 2 57 -1 154 -1
-1 2 57 -1 165 -1
-1 2 57 -1 181 -1
-1 2 57 -1 189 -1
-1 2 57 -1 193 -1
-1 2 57 -1 199 -1
-1 2 58 -1 60 -1
-1 2 58 -1 76 -1
-1 2 58 -1 79 -1
-1 2 58 -1 95 -1
-1 2 58 -1 113 -1
-1 2 58 -1 130 -1
-1 2 58 -1 170 -1
-1 2 58 -1 173 -1
-1 2 58 -1 191 -1
-1 2 58 -1 194 -1
-1 2 58 -1 195 -1
-1 2 58 -1 197 -1
-1 2 59 -1 72 -1
-1 2 59 -1 75 -1
-1 2 59 -1 102 -1
-1 2 59 -1 120 -1
-1 2 59 -1 174 -1
-1 2 59 -1 178 -1
-1 2 59 -1 193 -1
-1 2 60 -1 64 -1
-1 2 60 -1 66 -1
-1 2 60 -1 71 -1
-1 2 60 -1 75 -1
-1 2 60 -1 82 -1
-1 2 60 -1 106 -1
-1 2 60 -1 110 -1
-1 2 60 -1 113 -1
-1 2 60 -1 120 -1
-1 2 60 -1 148 -1
-1 2 60 -1 149 -1
-1 2 60 -1 172 -1
-1 2 60 -1 193 -1
-1 2 61 -1 87 -1
-1 2 61 -1 88 -1
-1 2 61 -1 91 -1
-1 2 61 -1 99 -1
-1 2 61 -1 107 -1
-1 2 61 -1 123 -1
-1 2 62 -1 113 -1
-1 2 62 -1 119 -1
-1 2 62 -1 132 -1
-1 2 62 -1 135 -1
-1 2 62 -1 148 -1
-1 2 62 -1 183 -1
-1 2 62 -1 187 -1
-1 2 63 -1 70 -1
-1 2 63 -1 88 -1
-1 2 63 -1 92 -1
-1 2 63 -1 101 -1
-1 2 63 -1 111 -1
-1 2 63 -1 124 -1
-1 2 63 -1 126 -1
-1 2 63 -1 129 -1
-1 2 63 -1 130 -1
-1 2 63 -1 136 -1
-1 2 63 -1 151 -1
-1 2 63 -1 165 -1
-1 2 63 -1 168 -1
-1 2 63 -1 172 -1
-1 2 64 -1 77 -1
-1 2 64 -1 85 -1
-1 2 64 -1 87 -1
-1 2 64 -1 91 -1
-1 2 64 -1 96 -1
-1 2 64 -1 112 -1
-1 2 64 -1 113 -1
-1 2 64 -1 133 -1
-1 2 64 -1 151 -1
-1 2 64 -1 153 -1
-1 2 64 -1 171 -1
-1 2 64 -1 173 -1
-1 2 64 -1 182 -1
-1 2 64 -1 199 -1
-1 2 65 -1 82 -1
-1 2 65 -1 83 -1
-1 2 65 -1 93 -1
-1 2 65 -1 100 -1
-1 2 65 -1 109 -1
-1 2 65 -1 110 -1
-1 2 65 -1 163 -1
-1 2 65 -1 169 -1
-1 2 65 -1 187 -1
-1 2 65 -1 190 -1
-1 2 66 -1 92 -1
-1 2 66 -1 102 -1
-1 2 66 -1 125 -1
-1 2 66 -1 147 -1
-1 2 66 -1 153 -1
-1 2 66 -1 157 -1
-1 2 66 -1 164 -1
-1 2 66 -1 175 -1
-1 2 66 -1 179 -1
-1 2 66 -1 198 -1
-1 2 67 -1 85 -1
-1 2 67 -1 118 -1
-1 2 67 -1 122 -1
-1 2 67 -1 144 -1
-1 2 67 -1 149 -1
-1 2 67 -1 174 -1
-1 2 67 -1 180 -1
-1 2 67 -1 181 -1
-1 2 67 -1 198 -1
-1 2 68 -1 86 -1
-1 2 68 -1 111 -1
-1 2 68 -1 154 -1
-1 2 68 -1 194 -1
-1 2 69 -1 92 -1
-1 2 69 -1 107 -1
-1 2 69 -1 109 -1
-1 2 69 -1 122 -1
-1 2 69 -1 124 -1
-1 2 69 -1 134 -1
-1 2 69 -1 153 -1
-1 2 69 -1 163 -1
-1 2 69 -1 171 -1
-1 2 70 -1 80 -1
-1 2 70 -1 85 -1
-1 2 70 -1 117 -1
-1 2 70 -1 120 -1
-1 2 70 -1 159 -1
-1 2 70 -1 168 -1
-1 2 70 -1 171 -1
-1 2 70 -1 179 -1
-1 2 71 -1 85 -1
-1 2 71 -1 89 -1
-1 2 71 -1 141 -1
-1 2 71 -1 154 -1
-1 2 71 -1 156 -1
-1 2 71 -1 168 -1
-1 2 72 -1 93 -1
-1 2 72 -1 102 -1
-1 2 72 -1 108 -1
-1 2 72 -1 152 -1
-1 2 72 -1 162 -1
-1 2 73 -1 98 -1
-1 2 73 -1 117 -1
-1 2 73 -1 139 -1
-1 2 73 -1 148 -1
-1 2 73 -1 153 -1
-1 2 73 -1 178 -1
-1 2 73 -1 198 -1
-1 2 74 -1 97 -1
-1 2 74 -1 99 -1
-1 2 74 -1 100 -1
-1 2 74 -1 107 -1
-1 2 74 -1 110 -1
-1 2 74 -1 111 -1
-1 2 74 -1 115 -1
-1 2 74 -1 118 -1
-1 2 74 -1 153 -1
-1 2 74 -1 158 -1
-1 2 74 -1 161 -1
-1 2 74 -1 170 -1
-1 2 74 -1 171 -1
-1 2 74 -1 199 -1
-1 2 75 -1 111 -1
-1 2 75 -1 114 -1
-1 2 75 -1 117 -1
-1 2 75 -1 166 -1
-1 2 75 -1 170 -1
-1 2 75 -1 174 -1
-1 2 75 -1 181 -1
-1 2 76 -1 88 -1
-1 2 76 -1 94 -1
-1 2 76 -1 127 -1
-1 2 76 -1 143 -1
-1 2 76 -1 165 -1
-1 2 76 -1 179 -1
-1 2 77 -1 112 -1
-1 2 77 -1 130 -1
-1 2 77 -1 150 -1
-1 2 77 -1 181 -1
-1 2 78 -1 79 -1
-1 2 78 -1 85 -1
-1 2 78 -1 88 -1
-1 2 78 -1 90 -1
-1 2 78 -1 103 -1
-1 2 78 -1 124 -1
-1 2 78 -1 141 -1
-1 2 78 -1 145 -1
-1 2 78 -1 181 -1
-1 2 79 -1 84 -1
-1 2 79 -1 95 -1
-1 2 79 -1 122 -1
-1 2 79 -1 126 -1
-1 2 79 -1 135 -1
-1 2 79 -1 143 -1
-1 2 79 -1 148 -1
-1 2 79 -1 189 -1
-1 2 79 -1 191 -1
-1 2 79 -1 194 -1
-1 2 80 -1 88 -1
-1 2 80 -1 89 -1
-1 2 80 -1 113 -1
-1 2 80 -1 117 -1
-1 2 80 -1 131 -1
-1 2 80 -1 147 -1
-1 2 80 -1 152 -1
-1 2 80 -1 155 -1
-1 2 81 -1 89 -1
-1 2 81 -1 98 -1
-1 2 81 -1 99 -1
-1 2 81 -1 108 -1
-1 2 81 -1 109 -1
-1 2 81 -1 159 -1
-1 2 81 -1 186 -1
-1 2 82 -1 106 -1
-1 2 82 -1 119 -1
-1 2 82 -1 120 -1
-1 2 82 -1 122 -1
-1 2 82 -1 140 -1
-1 2 82 -1 155 -1
-1 2 82 -1 163 -1
-1 2 82 -1 169 -1
-1 2 83 -1 104 -1
-1 2 83 -1 105 -1
-1 2 83 -1 107 -1
-1 2 83 -1 112 -1
-1 2 83 -1 143 -1
-1 2 83 -1 146 -1
-1 2 84 -1 97 -1
-1 2 84 -1 107 -1
-1 2 84 -1 112 -1
-1 2 84 -1 133 -1
-1 2 84 -1 137 -1
-1 2 84 -1 139 -1
-1 2 84 -1 176 -1
-1 2 84 -1 190 -1
-1 2 85 -1 87 -1
-1 2 85 -1 93 -1
-1 2 85 -1 134 -1
-1 2 85 -1 152 -1
-1 2 85 -1 173 -1
-1 2 85 -1 174 -1
-1 2 85 -1 187 -1
-1 2 85 -1 190 -1
-1 2 85 -1 193 -1
-1 2 86 -1 97 -1
-1 2 86 -1 135 -1
-1 2 86 -1 139 -1
-1 2 86 -1 143 -1
-1 2 86 -1 167 -1
-1 2 86 -1 168 -1
-1 2 86 -1 188 -1
-1 2 86 -1 189 -1
-1 2 86 -1 198 -1
-1 2 87 -1 97 -1
-1 2 87 -1 100 -1
-1 2 87 -1 161 -1
-1 2 87 -1 164 -1
-1 2 87 -1 173 -1
-1 2 87 -1 189 -1
-1 2 88 -1 127 -1
-1 2 88 -1 137 -1
-1 2 88 -1 141 -1
-1 2 88 -1 168 -1
-1 2 88 -1 191 -1
-1 2 88 -1 192 -1
-1 2 89 -1 95 -1
-1 2 89 -1 152 -1
-1 2 89 -1 154 -1
-1 2 89 -1 167 -1
-1 2 89 -1 169 -1
-1 2 89 -1 186 -1
-1 2 89 -1 190 -1
-1 2 89 -1 193 -1
-1 2 90 -1 111 -1
-1 2 90 -1 151 -1
-1 2 90 -1 175 -1
-1 2 90 -1 176 -1
-1 2 90 -1 195 -1
-1 2 91 -1 92 -1
-1 2 91 -1 116 -1
-1 2 91 -1 118 -1
-1 2 91 -1 131 -1
-1 2 91 -1 133 -1
-1 2 91 -1 170 -1
-1 2 91 -1 176 -1
-1 2 92 -1 103 -1
-1 2 92 -1 115 -1
-1 2 92 -1 157 -1
-1 2 92 -1 168 -1
-1 2 92 -1 177 -1
-1 2 92 -1 193 -1
-1 2 93 -1 102 -1
-1 2 93 -1 109 -1
-1 2 93 -1 132 -1
-1 2 93 -1 144 -1
-1 2 93 -1 145 -1
-1 2 93 -1 154 -1
-1 2 93 -1 159 -1
-1 2 94 -1 150 -1
-1 2 94 -1 152 -1
-1 2 94 -1 159 -1
-1 2 94 -1 166 -1
-1 2 94 -1 189 -1
-1 2 95 -1 113 -1
-1 2 95 -1 114 -1
-1 2 95 -1 138 -1
-1 2 95 -1 141 -1
-1 2 95 -1 142 -1
-1 2 95 -1 193 -1
-1 2 96 -1 109 -1
-1 2 96 -1 123 -1
-1 2 96 -1 143 -1
-1 2 96 -1 146 -1
-1 2 96 -1 187 -1
-1 2 97 -1 109 -1
-1 2 97 -1 116 -1
-1 2 97 -1 118 -1
-1 2 97 -1 122 -1
-1 2 97 -1 123 -1
-1 2 97 -1 156 -1
-1 2 97 -1 189 -1
-1 2 97 -1 190 -1
-1 2 98 -1 111 -1
-1 2 98 -1 114 -1
-1 2 98 -1 133 -1
-1 2 98 -1 153 -1
-1 2 98 -1 155 -1
-1 2 98 -1 190 -1
-1 2 98 -1 197 -1
-1 2 99 -1 100 -1
-1 2 99 -1 127 -1
-1 2 99 -1 140 -1
-1 2 100 -1 108 -1
-1 2 100 -1 123 -1
-1 2 100 -1 135 -1
-1 2 100 -1 149 -1
-1 2 100 -1 157 -1
-1 2 100 -1 163 -1
-1 2 100 -1 182 -1
-1 2 100 -1 187 -1
-1 2 100 -1 192 -1
-1 2 101 -1 108 -1
-1 2 101 -1 109 -1
-1 2 101 -1 115 -1
-1 2 101 -1 130 -1
-1 2 101 -1 150 -1
-1 2 101 -1 164 -1
-1 2 101 -1 184 -1
-1 2 102 -1 132 -1
-1 2 102 -1 141 -1
-1 2 102 -1 166 -1
-1 2 102 -1 182 -1
-1 2 103 -1 110 -1
-1 2 103 -1 133 -1
-1 2 103 -1 137 -1
-1 2 103 -1 138 -1
-1 2 103 -1 150 -1
-1 2 103 -1 156 -1
-1 2 103 -1 183 -1
-1 2 103 -1 198 -1
-1 2 104 -1 122 -1
-1 2 104 -1 178 -1
-1 2 104 -1 179 -1
-1 2 104 -1 196 -1
-1 2 105 -1 109 -1
-1 2 105 -1 115 -1
-1 2 105 -1 117 -1
-1 2 105 -1 139 -1
-1 2 105 -1 156 -1
-1 2 106 -1 110 -1
-1 2 106 -1 138 -1
-1 2 107 -1 144 -1
-1 2 107 -1 147 -1
-1 2 107 -1 155 -1
-1 2 107 -1 162 -1
-1 2 107 -1 163 -1
-1 2 107 -1 166 -1
-1 2 107 -1 177 -1
-1 2 107 -1 184 -1
-1 2 107 -1 193 -1
-1 2 107 -1 198 -1
-1 2 108 -1 111 -1
-1 2 108 -1 125 -1
-1 2 108 -1 134 -1
-1 2 108 -1 160 -1
-1 2 108 -1 187 -1
-1 2 109 -1 133 -1
-1 2 109 -1 157 -1
-1 2 109 -1 158 -1
-1 2 109 -1 169 -1
-1 2 110 -1 117 -1
-1 2 110 -1 122 -1
-1 2 110 -1 153 -1
-1 2 110 -1 157 -1
-1 2 110 -1 165 -1
-1 2 110 -1 187 -1
-1 2 110 -1 189 -1
-1 2 110 -1 194 -1
-1 2 111 -1 122 -1
-1 2 111 -1 123 -1
-1 2 111 -1 133 -1
-1 2 111 -1 141 -1
-1 2 111 -1 184 -1
-1 2 111 -1 186 -1
-1 2 111 -1 196 -1
-1 2 112 -1 119 -1
-1 2 112 -1 147 -1
-1 2 112 -1 160 -1
-1 2 112 -1 164 -1
-1 2 112 -1 168 -1
-1 2 112 -1 174 -1
-1 2 113 -1 129 -1
-1 2 113 -1 171 -1
-1 2 113 -1 198 -1
-1 2 114 -1 123 -1
-1 2 114 -1 131 -1
-1 2 114 -1 141 -1
-1 2 114 -1 144 -1
-1 2 114 -1 157 -1
-1 2 114 -1 159 -1
-1 2 114 -1 163 -1
-1 2 114 -1 177 -1
-1 2 114 -1 179 -1
-1 2 115 -1 130 -1
-1 2 115 -1 166 -1
-1 2 115 -1 176 -1
-1 2 116 -1 119 -1
-1 2 116 -1 120 -1
-1 2 116 -1 127 -1
-1 2 116 -1 131 -1
-1 2 116 -1 133 -1
-1 2 116 -1 164 -1
-1 2 117 -1 140 -1
-1 2 117 -1 146 -1
-1 2 117 -1 152 -1
-1 2 117 -1 160 -1
-1 2 117 -1 186 -1
-1 2 117 -1 189 -1
-1 2 117 -1 190 -1
-1 2 117 -1 193 -1
-1 2 118 -1 120 -1
-1 2 118 -1 126 -1
-1 2 118 -1 127 -1
-1 2 118 -1 137 -1
-1 2 118 -1 151 -1
-1 2 118 -1 159 -1
-1 2 118 -1 175 -1
-1 2 118 -1 195 -1
-1 2 119 -1 152 -1
-1 2 119 -1 155 -1
-1 2 119 -1 180 -1
-1 2 120 -1 133 -1
-1 2 120 -1 149 -1
-1 2 120 -1 170 -1
-1 2 120 -1 181 -1
-1 2 121 -1 159 -1
-1 2 121 -1 167 -1
-1 2 121 -1 178 -1
-1 2 121 -1 187 -1
-1 2 121 -1 193 -1
-1 2 122 -1 131 -1
-1 2 122 -1 194 -1
-1 2 122 -1 196 -1
-1 2 123 -1 139 -1
-1 2 123 -1 152 -1
-1 2 123 -1 181 -1
-1 2 123 -1 186 -1
-1 2 123 -1 199 -1
-1 2 124 -1 126 -1
-1 2 124 -1 151 -1
-1 2 124 -1 159 -1
-1 2 124 -1 167 -1
-1 2 124 -1 197 -1
-1 2 125 -1 146 -1
-1 2 125 -1 150 -1
-1 2 126 -1 154 -1
-1 2 126 -1 181 -1
-1 2 127 -1 152 -1
-1 2 127 -1 160 -1
-1 2 127 -1 167 -1
-1 2 127 -1 181 -1
-1 2 128 -1 129 -1
-1 2 128 -1 153 -1
-1 2 128 -1 162 -1
-1 2 128 -1 176 -1
-1 2 128 -1 193 -1
-1 2 129 -1 157 -1
-1 2 129 -1 165 -1
-1 2 129 -1 190 -1
-1 2 130 -1 132 -1
-1 2 130 -1 141 -1
-1 2 130 -1 143 -1
-1 2 130 -1 150 -1
-1 2 130 -1 162 -1
-1 2 130 -1 169 -1
-1 2 131 -1 143 -1
-1 2 131 -1 145 -1
-1 2 131 -1 188 -1
-1 2 131 -1 191 -1
-1 2 131 -1 194 -1
-1 2 132 -1 137 -1
-1 2 132 -1 138 -1
-1 2 132 -1 144 -1
-1 2 132 -1 146 -1
-1 2 132 -1 152 -1
-1 2 133 -1 151 -1
-1 2 133 -1 155 -1
-1 2 133 -1 197 -1
-1 2 134 -1 148 -1
-1 2 134 -1 149 -1
-1 2 134 -1 150 -1
-1 2 134 -1 157 -1
-1 2 134 -1 173 -1
-1 2 134 -1 181 -1
-1 2 135 -1 141 -1
-1 2 135 -1 145 -1
-1 2 135 -1 148 -1
-1 2 135 -1 155 -1
-1 2 135 -1 165 -1
-1 2 135 -1 183 -1
-1 2 136 -1 144 -1
-1 2 136 -1 183 -1
-1 2 137 -1 153 -1
-1 2 137 -1 157 -1
-1 2 138 -1 146 -1
-1 2 138 -1 158 -1
-1 2 138 -1 172 -1
-1 2 138 -1 177 -1
-1 2 138 -1 181 -1
-1 2 138 -1 197 -1
-1 2 139 -1 142 -1
-1 2 139 -1 151 -1
-1 2 139 -1 159 -1
-1 2 139 -1 161 -1
-1 2 139 -1 168 -1
-1 2 139 -1 172 -1
-1 2 139 -1 180 -1
-1 2 139 -1 181 -1
-1 2 139 -1 186 -1
-1 2 140 -1 160 -1
-1 2 140 -1 177 -1
-1 2 140 -1 187 -1
-1 2 140 -1 189 -1
-1 2 140 -1 194 -1
-1 2 140 -1 198 -1
-1 2 141 -1 179 -1
-1 2 141 -1 191 -1
-1 2 142 -1 163 -1
-1 2 142 -1 174 -1
-1 2 142 -1 178 -1
-1 2 142 -1 187 -1
-1 2 143 -1 163 -1
-1 2 143 -1 177 -1
-1 2 143 -1 179 -1
-1 2 143 -1 191 -1
-1 2 144 -1 176 -1
-1 2 145 -1 149 -1
-1 2 145 -1 177 -1
-1 2 146 -1 147 -1
-1 2 146 -1 150 -1
-1 2 146 -1 159 -1
-1 2 146 -1 179 -1
-1 2 147 -1 155 -1
-1 2 147 -1 164 -1
-1 2 147 -1 175 -1
-1 2 147 -1 195 -1
-1 2 148 -1 160 -1
-1 2 148 -1 172 -1
-1 2 149 -1 166 -1
-1 2 149 -1 167 -1
-1 2 149 -1 171 -1
-1 2 149 -1 172 -1
-1 2 149 -1 189 -1
-1 2 150 -1 155 -1
-1 2 150 -1 158 -1
-1 2 150 -1 183 -1
-1 2 150 -1 194 -1
-1 2 150 -1 196 -1
-1 2 151 -1 154 -1
-1 2 151 -1 166 -1
-1 2 151 -1 174 -1
-1 2 153 -1 155 -1
-1 2 153 -1 162 -1
-1 2 153 -1 195 -1
-1 2 154 -1 162 -1
-1 2 154 -1 166 -1
-1 2 155 -1 158 -1
-1 2 155 -1 173 -1
-1 2 155 -1 180 -1
-1 2 156 -1 195 -1
-1 2 157 -1 169 -1
-1 2 157 -1 182 -1
-1 2 157 -1 189 -1
-1 2 157 -1 191 -1
-1 2 157 -1 198 -1
-1 2 158 -1 175 -1
-1 2 158 -1 177 -1
-1 2 158 -1 181 -1
-1 2 159 -1 168 -1
-1 2 159 -1 177 -1
-1 2 159 -1 180 -1
-1 2 159 -1 189 -1
-1 2 159 -1 197 -1
-1 2 160 -1 191 -1
-1 2 161 -1 162 -1
-1 2 161 -1 163 -1
-1 2 161 -1 171 -1
-1 2 162 -1 179 -1
-1 2 162 -1 185 -1
-1 2 162 -1 187 -1
-1 2 162 -1 190 -1
-1 2 162 -1 193 -1
-1 2 163 -1 170 -1
-1 2 165 -1 187 -1
-1 2 166 -1 171 -1
-1 2 166 -1 189 -1
-1 2 167 -1 172 -1
-1 2 167 -1 185 -1
-1 2 167 -1 187 -1
-1 2 168 -1 174 -1
-1 2 168 -1 186 -1
-1 2 169 -1 176 -1
-1 2 169 -1 178 -1
-1 2 169 -1 180 -1
-1 2 169 -1 182 -1
-1 2 170 -1 179 -1
-1 2 170 -1 190 -1
-1 2 171 -1 180 -1
-1 2 171 -1 184 -1
-1 2 171 -1 185 -1
-1 2 171 -1 186 -1
-1 2 171 -1 198 -1
-1 2 173 -1 175 -1
-1 2 173 -1 193 -1
-1 2 174 -1 181 -1
-1 2 175 -1 199 -1
-1 2 176 -1 199 -1
-1 2 177 -1 183 -1
-1 2 177 -1 185 -1
-1 2 177 -1 190 -1
-1 2 177 -1 191 -1
-1 2 177 -1 193 -1
-1 2 178 -1 197 -1
-1 2 178 -1 198 -1
-1 2 179 -1 180 -1
-1 2 179 -1 182 -1
-1 2 179 -1 194 -1
-1 2 179 -1 196 -1
-1 2 182 -1 185 -1
-1 2 186 -1 196 -1
-1 2 186 -1 198 -1
-1 2 187 -1 188 -1
-1 2 188 -1 195 -1
-1 2 189 -1 197 -1
-1 2 191 -1 195 -1
incumbent 1
0 0 0 1 1 0 0 1 1 0 1 0 0 0 0 0 0 0 0 1 0 0 1 0 1 0 0 0 0 0 0 0 0 1 1 0 0 0 0 0 0 0 0 0 1 1 1 0 0 0 0 1 0 0 0 1 0 1 0 0 1 0 0 0 0 0 0 1 0 1 0 0 0 1 0 0 0 0 0 0 1 0 0 0 0 0 0 0 0 0 0 0 0 1 1 0 0 0 0 1 0 0 0 0 1 0 0 0 0 0 0 0 0 0 0 1 0 0 0 0 0 1 0 1 0 0 0 0 0 0 0 0 0 0 0 0 1 0 0 0 0 1 0 1 0 0 0 0 0 0 0 1 0 0 0 0 1 1 1 0 0 1 0 0 0 0 0 0 1 0 0 0 0 0 0 0 0 0 0 0 0 0 0 0 1 1 0 0 1 0 1 0 1 0 1 0 0 1 0 0
