228 720
0 0 0 0 0 0 0 0 0 0 0 0 0 0 0 0 0 0 0 0 0 0 0 0 0 0 0 0 0 0 0 0 0 0 0 0 0 0 0 0 0 0 0 0 0 0 0 0 -18 -18 -10 -17 -9 -9 -17 -12 -13 -5 -4 -7 -3 -13 -8 -14 -19 -10 -9 -18 -13 -18 -20 -10 -12 -9 -1 -17 -7 -20 -17 -2 -19 -15 -13 -5 -14 -7 -18 -16 -5 -16 -14 -4 -4 -6 -11 -16 -12 -2 -13 -9 -4 -15 -1 -19 -17 -11 -1 -4 -9 -15 -12 -9 -7 -7 -19 -1 -11 -3 -17 -6 -19 -13 -3 -1 -16 -11 -3 -10 -15 -15 -2 -11 -11 -13 -9 -1 -14 -15 -20 -14 -7 -4 -7 -6 -20 -20 -19 -8 -9 -18 -3 -14 -12 -9 -13 -14 -3 -7 -11 -10 -19 -11 -18 -16 -11 -14 -6 -14 -12 -2 -11 -2 -19 -17 -16 -1 -8 -13 -9 -3 -7 -19 -2 -11 -14 -16 -4 -8 -1 -12 -1 -5 -11 -6 -19 -12 -2 -4 -18 -12 -11 -6 -16 -3 -8 -13 -12 -7 -3 -8 -19 -3 -12 -3 -14 -16 -1 -9 -3 -1 -1 -16 -9 -7 -13 -20 -16 -7
0 3 0 -1 1 1 48 1
0 3 0 1 1 -1 48 1
0 3 0 1 1 1 48 -1
-2 3 0 -1 1 -1 48 -1
0 3 0 -1 12 1 49 1
0 3 0 1 12 -1 49 1
0 3 0 1 12 1 49 -1
-2 3 0 -1 12 -1 49 -1
0 3 0 -1 24 1 50 1
0 3 0 1 24 -1 50 1
0 3 0 1 24 1 50 -1
-2 3 0 -1 24 -1 50 -1
0 3 0 -1 26 1 51 1
0 3 0 1 26 -1 51 1
0 3 0 1 26 1 51 -1
-2 3 0 -1 26 -1 51 -1
0 3 0 -1 29 1 52 1
0 3 0 1 29 -1 52 1
0 3 0 1 29 1 52 -1
-2 3 0 -1 29 -1 52 -1
0 3 0 -1 31 1 53 1
0 3 0 1 31 -1 53 1
0 3 0 1 31 1 53 -1
-2 3 0 -1 31 -1 53 -1
0 3 0 -1 33 1 54 1
0 3 0 1 33 -1 54 1
0 3 0 1 33 1 54 -1
-2 3 0 -1 33 -1 54 -1
0 3 0 -1 38 1 55 1
0 3 0 1 38 -1 55 1
0 3 0 1 38 1 55 -1
-2 3 0 -1 38 -1 55 -1
0 3 0 -1 41 1 56 1
0 3 0 1 41 -1 56 1
0 3 0 1 41 1 56 -1
-2 3 0 -1 41 -1 56 -1
0 3 0 -1 45 1 57 1
0 3 0 1 45 -1 57 1
0 3 0 1 45 1 57 -1
-2 3 0 -1 45 -1 57 -1
0 3 0 -1 47 1 58 1
0 3 0 1 47 -1 58 1
0 3 0 1 47 1 58 -1
-2 3 0 -1 47 -1 58 -1
0 3 1 -1 2 1 59 1
0 3 1 1 2 -1 59 1
0 3 1 1 2 1 59 -1
-2 3 1 -1 2 -1 59 -1
0 3 1 -1 3 1 60 1
0 3 1 1 3 -1 60 1
0 3 1 1 3 1 60 -1
-2 3 1 -1 3 -1 60 -1
0 3 1 -1 16 1 61 1
0 3 1 1 16 -1 61 1
0 3 1 1 16 1 61 -1
-2 3 1 -1 16 -1 61 -1
0 3 1 -1 18 1 62 1
0 3 1 1 18 -1 62 1
0 3 1 1 18 1 62 -1
-2 3 1 -1 18 -1 62 -1
0 3 2 -1 3 1 63 1
0 3 2 1 3 -1 63 1
0 3 2 1 3 1 63 -1
-2 3 2 -1 3 -1 63 -1
0 3 2 -1 28 1 64 1
0 3 2 1 28 -1 64 1
0 3 2 1 28 1 64 -1
-2 3 2 -1 28 -1 64 -1
0 3 2 -1 36 1 65 1
0 3 2 1 36 -1 65 1
0 3 2 1 36 1 65 -1
-2 3 2 -1 36 -1 65 -1
0 3 2 -1 41 1 66 1
0 3 2 1 41 -1 66 1
0 3 2 1 41 1 66 -1
-2 3 2 -1 41 -1 66 -1
0 3 2 -1 42 1 67 1
0 3 2 1 42 -1 67 1
0 3 2 1 42 1 67 -1
-2 3 2 -1 42 -1 67 -1
0 3 2 -1 45 1 68 1
0 3 2 1 45 -1 68 1
0 3 2 1 45 1 68 -1
-2 3 2 -1 45 -1 68 -1
0 3 3 -1 4 1 69 1
0 3 3 1 4 -1 69 1
0 3 3 1 4 1 69 -1
-2 3 3 -1 4 -1 69 -1
0 3 3 -1 7 1 70 1
0 3 3 1 7 -1 70 1
0 3 3 1 7 1 70 -1
-2 3 3 -1 7 -1 70 -1
0 3 3 -1 9 1 71 1
0 3 3 1 9 -1 71 1
0 3 3 1 9 1 71 -1
-2 3 3 -1 9 -1 71 -1
0 3 3 -1 28 1 72 1
0 3 3 1 28 -1 72 1
0 3 3 1 28 1 72 -1
-2 3 3 -1 28 -1 72 -1
0 3 3 -1 33 1 73 1
0 3 3 1 33 -1 73 1
0 3 3 1 33 1 73 -1
-2 3 3 -1 33 -1 73 -1
0 3 3 -1 47 1 74 1
0 3 3 1 47 -1 74 1
0 3 3 1 47 1 74 -1
-2 3 3 -1 47 -1 74 -1
0 3 4 -1 5 1 75 1
0 3 4 1 5 -1 75 1
0 3 4 1 5 1 75 -1
-2 3 4 -1 5 -1 75 -1
0 3 4 -1 11 1 76 1
0 3 4 1 11 -1 76 1
0 3 4 1 11 1 76 -1
-2 3 4 -1 11 -1 76 -1
0 3 4 -1 16 1 77 1
0 3 4 1 16 -1 77 1
0 3 4 1 16 1 77 -1
-2 3 4 -1 16 -1 77 -1
0 3 4 -1 21 1 78 1
0 3 4 1 21 -1 78 1
0 3 4 1 21 1 78 -1
-2 3 4 -1 21 -1 78 -1
0 3 4 -1 30 1 79 1
0 3 4 1 30 -1 79 1
0 3 4 1 30 1 79 -1
-2 3 4 -1 30 -1 79 -1
0 3 5 -1 6 1 80 1
0 3 5 1 6 -1 80 1
0 3 5 1 6 1 80 -1
-2 3 5 -1 6 -1 80 -1
0 3 5 -1 9 1 81 1
0 3 5 1 9 -1 81 1
0 3 5 1 9 1 81 -1
-2 3 5 -1 9 -1 81 -1
0 3 5 -1 18 1 82 1
0 3 5 1 18 -1 82 1
0 3 5 1 18 1 82 -1
-2 3 5 -1 18 -1 82 -1
0 3 5 -1 35 1 83 1
0 3 5 1 35 -1 83 1
0 3 5 1 35 1 83 -1
-2 3 5 -1 35 -1 83 -1
0 3 5 -1 36 1 84 1
0 3 5 1 36 -1 84 1
0 3 5 1 36 1 84 -1
-2 3 5 -1 36 -1 84 -1
0 3 5 -1 41 1 85 1
0 3 5 1 41 -1 85 1
0 3 5 1 41 1 85 -1
-2 3 5 -1 41 -1 85 -1
0 3 5 -1 45 1 86 1
0 3 5 1 45 -1 86 1
0 3 5 1 45 1 86 -1
-2 3 5 -1 45 -1 86 -1
0 3 6 -1 7 1 87 1
0 3 6 1 7 -1 87 1
0 3 6 1 7 1 87 -1
-2 3 6 -1 7 -1 87 -1
0 3 6 -1 21 1 88 1
0 3 6 1 21 -1 88 1
0 3 6 1 21 1 88 -1
-2 3 6 -1 21 -1 88 -1
0 3 6 -1 36 1 89 1
0 3 6 1 36 -1 89 1
0 3 6 1 36 1 89 -1
-2 3 6 -1 36 -1 89 -1
0 3 6 -1 41 1 90 1
0 3 6 1 41 -1 90 1
0 3 6 1 41 1 90 -1
-2 3 6 -1 41 -1 90 -1
0 3 6 -1 44 1 91 1
0 3 6 1 44 -1 91 1
0 3 6 1 44 1 91 -1
-2 3 6 -1 44 -1 91 -1
0 3 7 -1 8 1 92 1
0 3 7 1 8 -1 92 1
0 3 7 1 8 1 92 -1
-2 3 7 -1 8 -1 92 -1
0 3 7 -1 33 1 93 1
0 3 7 1 33 -1 93 1
0 3 7 1 33 1 93 -1
-2 3 7 -1 33 -1 93 -1
0 3 8 -1 9 1 94 1
0 3 8 1 9 -1 94 1
0 3 8 1 9 1 94 -1
-2 3 8 -1 9 -1 94 -1
0 3 8 -1 14 1 95 1
0 3 8 1 14 -1 95 1
0 3 8 1 14 1 95 -1
-2 3 8 -1 14 -1 95 -1
0 3 8 -1 18 1 96 1
0 3 8 1 18 -1 96 1
0 3 8 1 18 1 96 -1
-2 3 8 -1 18 -1 96 -1
0 3 8 -1 20 1 97 1
0 3 8 1 20 -1 97 1
0 3 8 1 20 1 97 -1
-2 3 8 -1 20 -1 97 -1
0 3 8 -1 27 1 98 1
0 3 8 1 27 -1 98 1
0 3 8 1 27 1 98 -1
-2 3 8 -1 27 -1 98 -1
0 3 8 -1 31 1 99 1
0 3 8 1 31 -1 99 1
0 3 8 1 31 1 99 -1
-2 3 8 -1 31 -1 99 -1
0 3 8 -1 32 1 100 1
0 3 8 1 32 -1 100 1
0 3 8 1 32 1 100 -1
-2 3 8 -1 32 -1 100 -1
0 3 8 -1 37 1 101 1
0 3 8 1 37 -1 101 1
0 3 8 1 37 1 101 -1
-2 3 8 -1 37 -1 101 -1
0 3 8 -1 46 1 102 1
0 3 8 1 46 -1 102 1
0 3 8 1 46 1 102 -1
-2 3 8 -1 46 -1 102 -1
0 3 8 -1 47 1 103 1
0 3 8 1 47 -1 103 1
0 3 8 1 47 1 103 -1
-2 3 8 -1 47 -1 103 -1
0 3 9 -1 10 1 104 1
0 3 9 1 10 -1 104 1
0 3 9 1 10 1 104 -1
-2 3 9 -1 10 -1 104 -1
0 3 9 -1 18 1 105 1
0 3 9 1 18 -1 105 1
0 3 9 1 18 1 105 -1
-2 3 9 -1 18 -1 105 -1
0 3 9 -1 20 1 106 1
0 3 9 1 20 -1 106 1
0 3 9 1 20 1 106 -1
-2 3 9 -1 20 -1 106 -1
0 3 9 -1 28 1 107 1
0 3 9 1 28 -1 107 1
0 3 9 1 28 1 107 -1
-2 3 9 -1 28 -1 107 -1
0 3 9 -1 37 1 108 1
0 3 9 1 37 -1 108 1
0 3 9 1 37 1 108 -1
-2 3 9 -1 37 -1 108 -1
0 3 9 -1 38 1 109 1
0 3 9 1 38 -1 109 1
0 3 9 1 38 1 109 -1
-2 3 9 -1 38 -1 109 -1
0 3 9 -1 40 1 110 1
0 3 9 1 40 -1 110 1
0 3 9 1 40 1 110 -1
-2 3 9 -1 40 -1 110 -1
0 3 9 -1 43 1 111 1
0 3 9 1 43 -1 111 1
0 3 9 1 43 1 111 -1
-2 3 9 -1 43 -1 111 -1
0 3 10 -1 11 1 112 1
0 3 10 1 11 -1 112 1
0 3 10 1 11 1 112 -1
-2 3 10 -1 11 -1 112 -1
0 3 10 -1 19 1 113 1
0 3 10 1 19 -1 113 1
0 3 10 1 19 1 113 -1
-2 3 10 -1 19 -1 113 -1
0 3 10 -1 24 1 114 1
0 3 10 1 24 -1 114 1
0 3 10 1 24 1 114 -1
-2 3 10 -1 24 -1 114 -1
0 3 10 -1 34 1 115 1
0 3 10 1 34 -1 115 1
0 3 10 1 34 1 115 -1
-2 3 10 -1 34 -1 115 -1
0 3 10 -1 37 1 116 1
0 3 10 1 37 -1 116 1
0 3 10 1 37 1 116 -1
-2 3 10 -1 37 -1 116 -1
0 3 10 -1 39 1 117 1
0 3 10 1 39 -1 117 1
0 3 10 1 39 1 117 -1
-2 3 10 -1 39 -1 117 -1
0 3 10 -1 43 1 118 1
0 3 10 1 43 -1 118 1
0 3 10 1 43 1 118 -1
-2 3 10 -1 43 -1 118 -1
0 3 11 -1 12 1 119 1
0 3 11 1 12 -1 119 1
0 3 11 1 12 1 119 -1
-2 3 11 -1 12 -1 119 -1
0 3 11 -1 16 1 120 1
0 3 11 1 16 -1 120 1
0 3 11 1 16 1 120 -1
-2 3 11 -1 16 -1 120 -1
0 3 11 -1 18 1 121 1
0 3 11 1 18 -1 121 1
0 3 11 1 18 1 121 -1
-2 3 11 -1 18 -1 121 -1
0 3 11 -1 35 1 122 1
0 3 11 1 35 -1 122 1
0 3 11 1 35 1 122 -1
-2 3 11 -1 35 -1 122 -1
0 3 11 -1 38 1 123 1
0 3 11 1 38 -1 123 1
0 3 11 1 38 1 123 -1
-2 3 11 -1 38 -1 123 -1
0 3 11 -1 46 1 124 1
0 3 11 1 46 -1 124 1
0 3 11 1 46 1 124 -1
-2 3 11 -1 46 -1 124 -1
0 3 12 -1 13 1 125 1
0 3 12 1 13 -1 125 1
0 3 12 1 13 1 125 -1
-2 3 12 -1 13 -1 125 -1
0 3 12 -1 14 1 126 1
0 3 12 1 14 -1 126 1
0 3 12 1 14 1 126 -1
-2 3 12 -1 14 -1 126 -1
0 3 12 -1 17 1 127 1
0 3 12 1 17 -1 127 1
0 3 12 1 17 1 127 -1
-2 3 12 -1 17 -1 127 -1
0 3 12 -1 34 1 128 1
0 3 12 1 34 -1 128 1
0 3 12 1 34 1 128 -1
-2 3 12 -1 34 -1 128 -1
0 3 13 -1 14 1 129 1
0 3 13 1 14 -1 129 1
0 3 13 1 14 1 129 -1
-2 3 13 -1 14 -1 129 -1
0 3 13 -1 20 1 130 1
0 3 13 1 20 -1 130 1
0 3 13 1 20 1 130 -1
-2 3 13 -1 20 -1 130 -1
0 3 13 -1 25 1 131 1
0 3 13 1 25 -1 131 1
0 3 13 1 25 1 131 -1
-2 3 13 -1 25 -1 131 -1
0 3 13 -1 32 1 132 1
0 3 13 1 32 -1 132 1
0 3 13 1 32 1 132 -1
-2 3 13 -1 32 -1 132 -1
0 3 13 -1 41 1 133 1
0 3 13 1 41 -1 133 1
0 3 13 1 41 1 133 -1
-2 3 13 -1 41 -1 133 -1
0 3 13 -1 45 1 134 1
0 3 13 1 45 -1 134 1
0 3 13 1 45 1 134 -1
-2 3 13 -1 45 -1 134 -1
0 3 13 -1 47 1 135 1
0 3 13 1 47 -1 135 1
0 3 13 1 47 1 135 -1
-2 3 13 -1 47 -1 135 -1
0 3 14 -1 15 1 136 1
0 3 14 1 15 -1 136 1
0 3 14 1 15 1 136 -1
-2 3 14 -1 15 -1 136 -1
0 3 14 -1 30 1 137 1
0 3 14 1 30 -1 137 1
0 3 14 1 30 1 137 -1
-2 3 14 -1 30 -1 137 -1
0 3 15 -1 16 1 138 1
0 3 15 1 16 -1 138 1
0 3 15 1 16 1 138 -1
-2 3 15 -1 16 -1 138 -1
0 3 15 -1 21 1 139 1
0 3 15 1 21 -1 139 1
0 3 15 1 21 1 139 -1
-2 3 15 -1 21 -1 139 -1
0 3 15 -1 23 1 140 1
0 3 15 1 23 -1 140 1
0 3 15 1 23 1 140 -1
-2 3 15 -1 23 -1 140 -1
0 3 15 -1 34 1 141 1
0 3 15 1 34 -1 141 1
0 3 15 1 34 1 141 -1
-2 3 15 -1 34 -1 141 -1
0 3 15 -1 44 1 142 1
0 3 15 1 44 -1 142 1
0 3 15 1 44 1 142 -1
-2 3 15 -1 44 -1 142 -1
0 3 16 -1 17 1 143 1
0 3 16 1 17 -1 143 1
0 3 16 1 17 1 143 -1
-2 3 16 -1 17 -1 143 -1
0 3 16 -1 22 1 144 1
0 3 16 1 22 -1 144 1
0 3 16 1 22 1 144 -1
-2 3 16 -1 22 -1 144 -1
0 3 16 -1 24 1 145 1
0 3 16 1 24 -1 145 1
0 3 16 1 24 1 145 -1
-2 3 16 -1 24 -1 145 -1
0 3 16 -1 28 1 146 1
0 3 16 1 28 -1 146 1
0 3 16 1 28 1 146 -1
-2 3 16 -1 28 -1 146 -1
0 3 17 -1 18 1 147 1
0 3 17 1 18 -1 147 1
0 3 17 1 18 1 147 -1
-2 3 17 -1 18 -1 147 -1
0 3 17 -1 26 1 148 1
0 3 17 1 26 -1 148 1
0 3 17 1 26 1 148 -1
-2 3 17 -1 26 -1 148 -1
0 3 18 -1 19 1 149 1
0 3 18 1 19 -1 149 1
0 3 18 1 19 1 149 -1
-2 3 18 -1 19 -1 149 -1
0 3 18 -1 21 1 150 1
0 3 18 1 21 -1 150 1
0 3 18 1 21 1 150 -1
-2 3 18 -1 21 -1 150 -1
0 3 18 -1 22 1 151 1
0 3 18 1 22 -1 151 1
0 3 18 1 22 1 151 -1
-2 3 18 -1 22 -1 151 -1
0 3 18 -1 23 1 152 1
0 3 18 1 23 -1 152 1
0 3 18 1 23 1 152 -1
-2 3 18 -1 23 -1 152 -1
0 3 18 -1 30 1 153 1
0 3 18 1 30 -1 153 1
0 3 18 1 30 1 153 -1
-2 3 18 -1 30 -1 153 -1
0 3 18 -1 39 1 154 1
0 3 18 1 39 -1 154 1
0 3 18 1 39 1 154 -1
-2 3 18 -1 39 -1 154 -1
0 3 18 -1 40 1 155 1
0 3 18 1 40 -1 155 1
0 3 18 1 40 1 155 -1
-2 3 18 -1 40 -1 155 -1
0 3 18 -1 42 1 156 1
0 3 18 1 42 -1 156 1
0 3 18 1 42 1 156 -1
-2 3 18 -1 42 -1 156 -1
0 3 18 -1 45 1 157 1
0 3 18 1 45 -1 157 1
0 3 18 1 45 1 157 -1
-2 3 18 -1 45 -1 157 -1
0 3 19 -1 20 1 158 1
0 3 19 1 20 -1 158 1
0 3 19 1 20 1 158 -1
-2 3 19 -1 20 -1 158 -1
0 3 19 -1 23 1 159 1
0 3 19 1 23 -1 159 1
0 3 19 1 23 1 159 -1
-2 3 19 -1 23 -1 159 -1
0 3 19 -1 26 1 160 1
0 3 19 1 26 -1 160 1
0 3 19 1 26 1 160 -1
-2 3 19 -1 26 -1 160 -1
0 3 19 -1 40 1 161 1
0 3 19 1 40 -1 161 1
0 3 19 1 40 1 161 -1
-2 3 19 -1 40 -1 161 -1
0 3 20 -1 21 1 162 1
0 3 20 1 21 -1 162 1
0 3 20 1 21 1 162 -1
-2 3 20 -1 21 -1 162 -1
0 3 20 -1 34 1 163 1
0 3 20 1 34 -1 163 1
0 3 20 1 34 1 163 -1
-2 3 20 -1 34 -1 163 -1
0 3 20 -1 46 1 164 1
0 3 20 1 46 -1 164 1
0 3 20 1 46 1 164 -1
-2 3 20 -1 46 -1 164 -1
0 3 21 -1 22 1 165 1
0 3 21 1 22 -1 165 1
0 3 21 1 22 1 165 -1
-2 3 21 -1 22 -1 165 -1
0 3 21 -1 40 1 166 1
0 3 21 1 40 -1 166 1
0 3 21 1 40 1 166 -1
-2 3 21 -1 40 -1 166 -1
0 3 21 -1 44 1 167 1
0 3 21 1 44 -1 167 1
0 3 21 1 44 1 167 -1
-2 3 21 -1 44 -1 167 -1
0 3 22 -1 23 1 168 1
0 3 22 1 23 -1 168 1
0 3 22 1 23 1 168 -1
-2 3 22 -1 23 -1 168 -1
0 3 22 -1 33 1 169 1
0 3 22 1 33 -1 169 1
0 3 22 1 33 1 169 -1
-2 3 22 -1 33 -1 169 -1
0 3 23 -1 24 1 170 1
0 3 23 1 24 -1 170 1
0 3 23 1 24 1 170 -1
-2 3 23 -1 24 -1 170 -1
0 3 23 -1 29 1 171 1
0 3 23 1 29 -1 171 1
0 3 23 1 29 1 171 -1
-2 3 23 -1 29 -1 171 -1
0 3 23 -1 32 1 172 1
0 3 23 1 32 -1 172 1
0 3 23 1 32 1 172 -1
-2 3 23 -1 32 -1 172 -1
0 3 23 -1 33 1 173 1
0 3 23 1 33 -1 173 1
0 3 23 1 33 1 173 -1
-2 3 23 -1 33 -1 173 -1
0 3 23 -1 35 1 174 1
0 3 23 1 35 -1 174 1
0 3 23 1 35 1 174 -1
-2 3 23 -1 35 -1 174 -1
0 3 23 -1 45 1 175 1
0 3 23 1 45 -1 175 1
0 3 23 1 45 1 175 -1
-2 3 23 -1 45 -1 175 -1
0 3 24 -1 25 1 176 1
0 3 24 1 25 -1 176 1
0 3 24 1 25 1 176 -1
-2 3 24 -1 25 -1 176 -1
0 3 24 -1 29 1 177 1
0 3 24 1 29 -1 177 1
0 3 24 1 29 1 177 -1
-2 3 24 -1 29 -1 177 -1
0 3 24 -1 35 1 178 1
0 3 24 1 35 -1 178 1
0 3 24 1 35 1 178 -1
-2 3 24 -1 35 -1 178 -1
0 3 24 -1 43 1 179 1
0 3 24 1 43 -1 179 1
0 3 24 1 43 1 179 -1
-2 3 24 -1 43 -1 179 -1
0 3 24 -1 46 1 180 1
0 3 24 1 46 -1 180 1
0 3 24 1 46 1 180 -1
-2 3 24 -1 46 -1 180 -1
0 3 24 -1 47 1 181 1
0 3 24 1 47 -1 181 1
0 3 24 1 47 1 181 -1
-2 3 24 -1 47 -1 181 -1
0 3 25 -1 26 1 182 1
0 3 25 1 26 -1 182 1
0 3 25 1 26 1 182 -1
-2 3 25 -1 26 -1 182 -1
0 3 25 -1 34 1 183 1
0 3 25 1 34 -1 183 1
0 3 25 1 34 1 183 -1
-2 3 25 -1 34 -1 183 -1
0 3 25 -1 37 1 184 1
0 3 25 1 37 -1 184 1
0 3 25 1 37 1 184 -1
-2 3 25 -1 37 -1 184 -1
0 3 26 -1 27 1 185 1
0 3 26 1 27 -1 185 1
0 3 26 1 27 1 185 -1
-2 3 26 -1 27 -1 185 -1
0 3 26 -1 38 1 186 1
0 3 26 1 38 -1 186 1
0 3 26 1 38 1 186 -1
-2 3 26 -1 38 -1 186 -1
0 3 26 -1 41 1 187 1
0 3 26 1 41 -1 187 1
0 3 26 1 41 1 187 -1
-2 3 26 -1 41 -1 187 -1
0 3 27 -1 28 1 188 1
0 3 27 1 28 -1 188 1
0 3 27 1 28 1 188 -1
-2 3 27 -1 28 -1 188 -1
0 3 27 -1 29 1 189 1
0 3 27 1 29 -1 189 1
0 3 27 1 29 1 189 -1
-2 3 27 -1 29 -1 189 -1
0 3 28 -1 29 1 190 1
0 3 28 1 29 -1 190 1
0 3 28 1 29 1 190 -1
-2 3 28 -1 29 -1 190 -1
0 3 28 -1 37 1 191 1
0 3 28 1 37 -1 191 1
0 3 28 1 37 1 191 -1
-2 3 28 -1 37 -1 191 -1
0 3 28 -1 41 1 192 1
0 3 28 1 41 -1 192 1
0 3 28 1 41 1 192 -1
-2 3 28 -1 41 -1 192 -1
0 3 28 -1 43 1 193 1
0 3 28 1 43 -1 193 1
0 3 28 1 43 1 193 -1
-2 3 28 -1 43 -1 193 -1
0 3 29 -1 30 1 194 1
0 3 29 1 30 -1 194 1
0 3 29 1 30 1 194 -1
-2 3 29 -1 30 -1 194 -1
0 3 29 -1 44 1 195 1
0 3 29 1 44 -1 195 1
0 3 29 1 44 1 195 -1
-2 3 29 -1 44 -1 195 -1
0 3 30 -1 31 1 196 1
0 3 30 1 31 -1 196 1
0 3 30 1 31 1 196 -1
-2 3 30 -1 31 -1 196 -1
0 3 30 -1 45 1 197 1
0 3 30 1 45 -1 197 1
0 3 30 1 45 1 197 -1
-2 3 30 -1 45 -1 197 -1
0 3 31 -1 32 1 198 1
0 3 31 1 32 -1 198 1
0 3 31 1 32 1 198 -1
-2 3 31 -1 32 -1 198 -1
0 3 31 -1 34 1 199 1
0 3 31 1 34 -1 199 1
0 3 31 1 34 1 199 -1
-2 3 31 -1 34 -1 199 -1
0 3 31 -1 43 1 200 1
0 3 31 1 43 -1 200 1
0 3 31 1 43 1 200 -1
-2 3 31 -1 43 -1 200 -1
0 3 32 -1 33 1 201 1
0 3 32 1 33 -1 201 1
0 3 32 1 33 1 201 -1
-2 3 32 -1 33 -1 201 -1
0 3 32 -1 39 1 202 1
0 3 32 1 39 -1 202 1
0 3 32 1 39 1 202 -1
-2 3 32 -1 39 -1 202 -1
0 3 33 -1 34 1 203 1
0 3 33 1 34 -1 203 1
0 3 33 1 34 1 203 -1
-2 3 33 -1 34 -1 203 -1
0 3 33 -1 37 1 204 1
0 3 33 1 37 -1 204 1
0 3 33 1 37 1 204 -1
-2 3 33 -1 37 -1 204 -1
0 3 34 -1 35 1 205 1
0 3 34 1 35 -1 205 1
0 3 34 1 35 1 205 -1
-2 3 34 -1 35 -1 205 -1
0 3 35 -1 36 1 206 1
0 3 35 1 36 -1 206 1
0 3 35 1 36 1 206 -1
-2 3 35 -1 36 -1 206 -1
0 3 35 -1 38 1 207 1
0 3 35 1 38 -1 207 1
0 3 35 1 38 1 207 -1
-2 3 35 -1 38 -1 207 -1
0 3 35 -1 39 1 208 1
0 3 35 1 39 -1 208 1
0 3 35 1 39 1 208 -1
-2 3 35 -1 39 -1 208 -1
0 3 35 -1 44 1 209 1
0 3 35 1 44 -1 209 1
0 3 35 1 44 1 209 -1
-2 3 35 -1 44 -1 209 -1
0 3 36 -1 37 1 210 1
0 3 36 1 37 -1 210 1
0 3 36 1 37 1 210 -1
-2 3 36 -1 37 -1 210 -1
0 3 36 -1 38 1 211 1
0 3 36 1 38 -1 211 1
0 3 36 1 38 1 211 -1
-2 3 36 -1 38 -1 211 -1
0 3 36 -1 39 1 212 1
0 3 36 1 39 -1 212 1
0 3 36 1 39 1 212 -1
-2 3 36 -1 39 -1 212 -1
0 3 36 -1 46 1 213 1
0 3 36 1 46 -1 213 1
0 3 36 1 46 1 213 -1
-2 3 36 -1 46 -1 213 -1
0 3 37 -1 38 1 214 1
0 3 37 1 38 -1 214 1
0 3 37 1 38 1 214 -1
-2 3 37 -1 38 -1 214 -1
0 3 38 -1 39 1 215 1
0 3 38 1 39 -1 215 1
0 3 38 1 39 1 215 -1
-2 3 38 -1 39 -1 215 -1
0 3 38 -1 42 1 216 1
0 3 38 1 42 -1 216 1
0 3 38 1 42 1 216 -1
-2 3 38 -1 42 -1 216 -1
0 3 38 -1 46 1 217 1
0 3 38 1 46 -1 217 1
0 3 38 1 46 1 217 -1
-2 3 38 -1 46 -1 217 -1
0 3 39 -1 40 1 218 1
0 3 39 1 40 -1 218 1
0 3 39 1 40 1 218 -1
-2 3 39 -1 40 -1 218 -1
0 3 39 -1 44 1 219 1
0 3 39 1 44 -1 219 1
0 3 39 1 44 1 219 -1
-2 3 39 -1 44 -1 219 -1
0 3 40 -1 41 1 220 1
0 3 40 1 41 -1 220 1
0 3 40 1 41 1 220 -1
-2 3 40 -1 41 -1 220 -1
0 3 41 -1 42 1 221 1
0 3 41 1 42 -1 221 1
0 3 41 1 42 1 221 -1
-2 3 41 -1 42 -1 221 -1
0 3 41 -1 43 1 222 1
0 3 41 1 43 -1 222 1
0 3 41 1 43 1 222 -1
-2 3 41 -1 43 -1 222 -1
0 3 42 -1 43 1 223 1
0 3 42 1 43 -1 223 1
0 3 42 1 43 1 223 -1
-2 3 42 -1 43 -1 223 -1
0 3 43 -1 44 1 224 1
0 3 43 1 44 -1 224 1
0 3 43 1 44 1 224 -1
-2 3 43 -1 44 -1 224 -1
0 3 44 -1 45 1 225 1
0 3 44 1 45 -1 225 1
0 3 44 1 45 1 225 -1
-2 3 44 -1 45 -1 225 -1
0 3 45 -1 46 1 226 1
0 3 45 1 46 -1 226 1
0 3 45 1 46 1 226 -1
-2 3 45 -1 46 -1 226 -1
0 3 46 -1 47 1 227 1
0 3 46 1 47 -1 227 1
0 3 46 1 47 1 227 -1
-2 3 46 -1 47 -1 227 -1
incumbent 1
1 0 1 1 0 1 1 0 1 0 1 0 0 1 1 0 1 0 1 0 0 1 0 1 0 0 1 0 0 1 0 0 0 0 1 1 0 1 0 1 1 0 0 1 0 0 1 0 1 1 1 0 0 1 1 1 1 1 1 1 1 1 1 0 1 1 1 1 1 1 1 1 1 1 1 1 0 1 1 0 0 1 0 0 1 1 1 1 0 1 1 1 1 0 1 0 0 1 1 1 1 0 0 1 1 1 0 0 1 0 1 1 1 1 1 0 0 0 0 0 1 1 1 0 1 1 1 0 1 0 1 1 1 1 1 1 1 1 1 1 1 1 0 1 1 1 1 1 1 1 0 1 0 1 0 0 1 1 0 1 1 1 1 1 1 1 0 1 1 0 1 0 1 1 0 1 0 1 1 1 1 0 1 1 1 1 1 1 0 1 1 1 0 1 1 1 0 0 0 1 1 0 1 1 1 0 1 1 0 1 1 0 1 1 1 1 0 1 0 1 1 0 1 1 1 0 1 1
