180 56
1 8 7 17 10 14 16 21 14 18 21 17 28 5 18 4 7 21 24 1 5 21 6 6 27 7 10 4 8 2 6 14 6 11 2 26 22 12 15 30 11 17 13 7 4 25 17 10 12 5 29 14 18 3 15 10 30 24 1 8 26 6 25 24 11 26 4 4 8 29 26 14 7 13 20 9 26 22 20 1 8 8 29 23 18 9 1 9 2 30 6 10 2 9 17 25 28 23 30 28 11 26 21 27 4 25 6 6 2 10 12 5 25 11 28 24 4 16 7 23 14 20 28 7 27 23 19 13 22 23 15 2 8 10 11 4 8 27 16 21 2 6 11 29 10 29 17 16 21 1 1 22 7 19 26 22 28 30 19 10 5 25 20 3 17 21 6 29 3 12 30 20 17 3 28 12 27 14 16 18
3 48 2 1 8 1 15 1 16 1 20 1 26 1 29 1 33 1 34 1 35 1 37 1 39 1 43 1 47 1 48 1 51 1 58 1 65 1 73 1 74 1 76 1 77 1 78 1 88 1 92 1 100 1 101 1 106 1 111 1 113 1 117 1 129 1 130 1 135 1 140 1 148 1 149 1 151 1 153 1 155 1 156 1 158 1 160 1 162 1 164 1 168 1 170 1 171 1
3 41 0 1 2 1 3 1 4 1 16 1 18 1 22 1 24 1 37 1 38 1 48 1 55 1 56 1 57 1 61 1 72 1 74 1 79 1 83 1 85 1 91 1 95 1 97 1 103 1 116 1 120 1 122 1 127 1 129 1 130 1 135 1 137 1 140 1 141 1 151 1 152 1 153 1 160 1 167 1 168 1 176 1
3 38 9 1 16 1 20 1 22 1 25 1 26 1 34 1 38 1 43 1 47 1 48 1 50 1 51 1 56 1 59 1 64 1 65 1 66 1 67 1 69 1 73 1 74 1 88 1 107 1 109 1 117 1 118 1 124 1 126 1 137 1 143 1 150 1 153 1 159 1 163 1 169 1 174 1 175 1
3 45 5 1 7 1 10 1 11 1 18 1 24 1 26 1 31 1 36 1 38 1 48 1 52 1 55 1 58 1 63 1 64 1 65 1 66 1 87 1 89 1 90 1 91 1 98 1 101 1 102 1 103 1 118 1 120 1 122 1 123 1 124 1 128 1 130 1 138 1 152 1 157 1 158 1 161 1 165 1 169 1 172 1 173 1 174 1 178 1 179 1
3 46 0 1 14 1 17 1 19 1 21 1 27 1 34 1 35 1 36 1 47 1 50 1 55 1 56 1 59 1 61 1 62 1 63 1 67 1 79 1 80 1 85 1 86 1 89 1 97 1 102 1 104 1 106 1 111 1 117 1 118 1 130 1 136 1 138 1 147 1 148 1 149 1 150 1 151 1 156 1 157 1 158 1 162 1 168 1 171 1 174 1 179 1
3 38 2 1 12 1 19 1 25 1 42 1 43 1 56 1 57 1 58 1 61 1 65 1 84 1 88 1 100 1 112 1 115 1 117 1 118 1 120 1 121 1 122 1 126 1 129 1 133 1 138 1 151 1 154 1 155 1 158 1 161 1 162 1 163 1 164 1 165 1 170 1 175 1 178 1 179 1
3 46 1 1 7 1 16 1 21 1 22 1 27 1 30 1 31 1 34 1 35 1 41 1 44 1 50 1 52 1 56 1 59 1 60 1 62 1 67 1 70 1 71 1 73 1 76 1 77 1 89 1 90 1 95 1 98 1 101 1 105 1 107 1 109 1 110 1 119 1 122 1 124 1 128 1 131 1 136 1 144 1 148 1 154 1 165 1 171 1 173 1 179 1
3 46 10 1 14 1 16 1 17 1 18 1 19 1 25 1 29 1 32 1 34 1 35 1 39 1 41 1 47 1 52 1 63 1 71 1 76 1 79 1 83 1 85 1 86 1 88 1 96 1 97 1 110 1 111 1 112 1 114 1 117 1 125 1 126 1 127 1 131 1 132 1 142 1 147 1 148 1 155 1 161 1 163 1 167 1 170 1 173 1 175 1 178 1
3 43 2 1 4 1 5 1 7 1 9 1 15 1 17 1 24 1 28 1 36 1 43 1 46 1 49 1 51 1 54 1 57 1 58 1 66 1 68 1 74 1 77 1 87 1 102 1 109 1 115 1 119 1 122 1 123 1 131 1 132 1 134 1 139 1 140 1 146 1 151 1 152 1 153 1 157 1 158 1 163 1 165 1 166 1 167 1
3 53 0 1 6 1 7 1 10 1 11 1 15 1 17 1 19 1 21 1 22 1 24 1 25 1 28 1 29 1 31 1 33 1 35 1 41 1 47 1 49 1 50 1 62 1 64 1 66 1 72 1 74 1 81 1 82 1 84 1 92 1 94 1 95 1 99 1 105 1 107 1 109 1 110 1 124 1 125 1 128 1 130 1 131 1 138 1 139 1 148 1 157 1 164 1 165 1 168 1 170 1 172 1 178 1 179 1
3 39 1 1 2 1 6 1 10 1 12 1 24 1 27 1 28 1 36 1 42 1 44 1 47 1 51 1 54 1 56 1 67 1 71 1 77 1 78 1 83 1 92 1 94 1 96 1 97 1 98 1 111 1 115 1 116 1 120 1 123 1 131 1 136 1 146 1 151 1 152 1 153 1 160 1 176 1 178 1
3 52 3 1 12 1 17 1 19 1 23 1 25 1 28 1 30 1 34 1 38 1 43 1 48 1 49 1 56 1 58 1 61 1 71 1 76 1 80 1 81 1 87 1 89 1 90 1 91 1 92 1 93 1 94 1 96 1 102 1 103 1 104 1 112 1 115 1 120 1 124 1 145 1 146 1 149 1 152 1 155 1 157 1 158 1 160 1 162 1 165 1 166 1 167 1 169 1 172 1 175 1 177 1 178 1
3 52 2 1 7 1 8 1 9 1 14 1 15 1 18 1 19 1 22 1 30 1 32 1 33 1 44 1 46 1 50 1 55 1 57 1 61 1 63 1 65 1 68 1 71 1 72 1 74 1 85 1 95 1 97 1 105 1 107 1 114 1 121 1 126 1 129 1 134 1 137 1 141 1 143 1 144 1 146 1 147 1 149 1 154 1 157 1 158 1 162 1 165 1 167 1 170 1 173 1 174 1 175 1 177 1
3 37 3 1 4 1 7 1 13 1 14 1 16 1 21 1 22 1 30 1 37 1 41 1 42 1 43 1 53 1 57 1 59 1 65 1 70 1 73 1 75 1 81 1 83 1 86 1 89 1 106 1 107 1 108 1 111 1 122 1 141 1 143 1 147 1 150 1 159 1 167 1 168 1 179 1
3 50 0 1 4 1 5 1 8 1 11 1 17 1 20 1 21 1 27 1 32 1 36 1 37 1 45 1 51 1 56 1 57 1 58 1 62 1 67 1 68 1 69 1 70 1 78 1 82 1 85 1 89 1 106 1 107 1 108 1 109 1 110 1 112 1 115 1 116 1 121 1 125 1 129 1 133 1 134 1 138 1 142 1 150 1 152 1 156 1 161 1 164 1 168 1 174 1 175 1 179 1
3 36 6 1 10 1 13 1 14 1 17 1 22 1 25 1 32 1 61 1 62 1 65 1 69 1 72 1 77 1 78 1 83 1 85 1 90 1 92 1 97 1 100 1 102 1 104 1 106 1 110 1 118 1 141 1 143 1 145 1 154 1 167 1 168 1 169 1 171 1 172 1 178 1
3 54 2 1 10 1 11 1 20 1 23 1 25 1 28 1 30 1 31 1 38 1 41 1 48 1 52 1 54 1 55 1 58 1 59 1 62 1 64 1 68 1 70 1 75 1 78 1 82 1 85 1 86 1 89 1 91 1 94 1 100 1 102 1 103 1 105 1 108 1 110 1 111 1 117 1 119 1 135 1 137 1 139 1 140 1 143 1 144 1 145 1 147 1 149 1 150 1 152 1 160 1 162 1 173 1 176 1 178 1
3 54 0 1 2 1 4 1 6 1 8 1 9 1 12 1 16 1 17 1 21 1 22 1 23 1 25 1 29 1 32 1 36 1 38 1 42 1 44 1 49 1 50 1 72 1 76 1 82 1 83 1 84 1 90 1 97 1 102 1 108 1 110 1 116 1 123 1 124 1 127 1 134 1 135 1 139 1 141 1 146 1 147 1 148 1 149 1 150 1 153 1 154 1 160 1 161 1 162 1 163 1 164 1 167 1 175 1 176 1
3 46 7 1 8 1 10 1 12 1 20 1 27 1 39 1 47 1 49 1 51 1 52 1 53 1 54 1 55 1 56 1 63 1 66 1 67 1 71 1 76 1 77 1 79 1 83 1 87 1 88 1 89 1 91 1 93 1 95 1 97 1 104 1 107 1 108 1 116 1 120 1 124 1 131 1 133 1 135 1 147 1 148 1 155 1 167 1 170 1 172 1 179 1
3 45 5 1 9 1 23 1 26 1 29 1 30 1 38 1 40 1 42 1 49 1 50 1 54 1 56 1 59 1 60 1 62 1 65 1 72 1 73 1 74 1 75 1 76 1 80 1 85 1 89 1 105 1 107 1 110 1 112 1 113 1 115 1 116 1 118 1 125 1 130 1 139 1 143 1 149 1 158 1 162 1 163 1 171 1 172 1 175 1 179 1
3 40 0 1 21 1 26 1 30 1 31 1 39 1 43 1 51 1 52 1 53 1 55 1 57 1 69 1 70 1 72 1 78 1 79 1 81 1 90 1 91 1 93 1 95 1 100 1 108 1 113 1 114 1 118 1 126 1 133 1 135 1 138 1 144 1 147 1 149 1 150 1 154 1 165 1 167 1 173 1 176 1
3 55 1 1 5 1 6 1 7 1 10 1 12 1 14 1 17 1 18 1 20 1 24 1 27 1 29 1 32 1 33 1 35 1 37 1 40 1 46 1 48 1 53 1 58 1 64 1 70 1 73 1 78 1 82 1 86 1 87 1 89 1 90 1 97 1 99 1 103 1 110 1 111 1 112 1 115 1 117 1 120 1 126 1 136 1 141 1 143 1 146 1 154 1 155 1 157 1 158 1 164 1 165 1 167 1 169 1 173 1 177 1
3 48 1 1 6 1 9 1 16 1 17 1 19 1 25 1 29 1 31 1 33 1 39 1 41 1 42 1 43 1 50 1 61 1 64 1 66 1 68 1 69 1 87 1 91 1 92 1 93 1 94 1 95 1 98 1 100 1 103 1 105 1 109 1 116 1 121 1 125 1 130 1 133 1 136 1 137 1 138 1 139 1 145 1 151 1 156 1 162 1 164 1 168 1 171 1 173 1
3 53 0 1 4 1 5 1 13 1 16 1 17 1 22 1 26 1 29 1 31 1 32 1 39 1 42 1 44 1 46 1 47 1 49 1 50 1 60 1 62 1 69 1 77 1 79 1 82 1 83 1 88 1 89 1 96 1 97 1 105 1 111 1 121 1 126 1 127 1 131 1 135 1 138 1 139 1 140 1 142 1 144 1 151 1 152 1 154 1 159 1 162 1 167 1 169 1 170 1 174 1 176 1 177 1 178 1
3 51 5 1 8 1 14 1 18 1 20 1 24 1 25 1 28 1 30 1 32 1 34 1 43 1 46 1 47 1 51 1 52 1 59 1 60 1 65 1 72 1 79 1 80 1 83 1 88 1 89 1 90 1 92 1 102 1 103 1 106 1 110 1 111 1 116 1 117 1 118 1 120 1 121 1 128 1 133 1 135 1 143 1 148 1 155 1 157 1 161 1 163 1 164 1 168 1 170 1 172 1 176 1
3 47 1 1 2 1 4 1 6 1 8 1 10 1 14 1 15 1 34 1 41 1 42 1 45 1 47 1 50 1 52 1 53 1 56 1 60 1 75 1 76 1 82 1 83 1 84 1 90 1 91 1 92 1 95 1 100 1 103 1 106 1 108 1 111 1 118 1 119 1 121 1 123 1 137 1 138 1 148 1 149 1 151 1 157 1 160 1 162 1 173 1 177 1 179 1
3 48 1 1 3 1 9 1 10 1 17 1 19 1 29 1 33 1 35 1 39 1 42 1 44 1 49 1 55 1 56 1 62 1 68 1 72 1 74 1 75 1 77 1 83 1 92 1 96 1 98 1 99 1 100 1 103 1 109 1 110 1 111 1 112 1 113 1 115 1 119 1 120 1 125 1 136 1 137 1 138 1 146 1 147 1 149 1 161 1 165 1 175 1 177 1 179 1
3 58 0 1 3 1 7 1 10 1 11 1 12 1 19 1 20 1 23 1 27 1 29 1 34 1 35 1 39 1 40 1 43 1 45 1 47 1 48 1 54 1 69 1 70 1 71 1 80 1 87 1 89 1 91 1 94 1 97 1 103 1 104 1 105 1 110 1 112 1 121 1 123 1 127 1 128 1 131 1 135 1 136 1 139 1 140 1 145 1 151 1 152 1 155 1 156 1 162 1 163 1 164 1 165 1 167 1 170 1 172 1 174 1 175 1 179 1
3 46 4 1 6 1 9 1 14 1 15 1 20 1 25 1 28 1 30 1 31 1 41 1 48 1 54 1 59 1 61 1 63 1 67 1 68 1 72 1 73 1 75 1 82 1 91 1 97 1 102 1 107 1 113 1 116 1 117 1 119 1 121 1 123 1 125 1 126 1 128 1 134 1 141 1 143 1 146 1 152 1 156 1 157 1 166 1 170 1 171 1 175 1
3 52 0 1 3 1 8 1 11 1 14 1 20 1 28 1 30 1 39 1 40 1 41 1 46 1 49 1 53 1 54 1 55 1 73 1 76 1 81 1 82 1 83 1 87 1 92 1 97 1 98 1 101 1 105 1 107 1 111 1 119 1 120 1 128 1 129 1 130 1 131 1 133 1 135 1 138 1 142 1 149 1 150 1 152 1 153 1 154 1 158 1 159 1 162 1 165 1 166 1 169 1 173 1 178 1
3 62 2 1 5 1 6 1 8 1 9 1 13 1 18 1 20 1 21 1 24 1 26 1 28 1 31 1 42 1 47 1 48 1 49 1 55 1 63 1 65 1 72 1 73 1 74 1 79 1 80 1 87 1 89 1 96 1 98 1 99 1 107 1 108 1 110 1 116 1 117 1 120 1 122 1 123 1 124 1 128 1 130 1 132 1 133 1 134 1 136 1 140 1 141 1 148 1 151 1 152 1 153 1 154 1 156 1 158 1 160 1 163 1 164 1 165 1 169 1 171 1 175 1 178 1
3 43 3 1 4 1 7 1 9 1 17 1 21 1 24 1 36 1 39 1 45 1 46 1 49 1 53 1 58 1 68 1 74 1 80 1 84 1 88 1 95 1 103 1 104 1 106 1 107 1 109 1 110 1 111 1 118 1 124 1 132 1 138 1 141 1 143 1 144 1 145 1 151 1 155 1 159 1 160 1 161 1 162 1 163 1 179 1
3 51 1 1 5 1 7 1 8 1 10 1 12 1 22 1 29 1 30 1 34 1 37 1 38 1 39 1 40 1 43 1 44 1 45 1 48 1 57 1 60 1 69 1 70 1 71 1 72 1 73 1 74 1 78 1 85 1 98 1 101 1 105 1 108 1 109 1 113 1 114 1 119 1 121 1 126 1 131 1 135 1 138 1 143 1 145 1 146 1 152 1 154 1 158 1 162 1 165 1 169 1 179 1
3 52 2 1 4 1 10 1 11 1 13 1 18 1 23 1 25 1 36 1 40 1 41 1 42 1 44 1 53 1 54 1 58 1 60 1 61 1 64 1 70 1 71 1 73 1 80 1 81 1 86 1 87 1 90 1 91 1 92 1 93 1 94 1 99 1 102 1 103 1 104 1 106 1 107 1 109 1 110 1 113 1 115 1 121 1 124 1 125 1 129 1 136 1 147 1 164 1 167 1 169 1 171 1 175 1
3 47 2 1 3 1 5 1 6 1 10 1 17 1 18 1 23 1 25 1 30 1 32 1 34 1 40 1 45 1 47 1 51 1 56 1 57 1 59 1 60 1 63 1 64 1 65 1 69 1 72 1 75 1 77 1 78 1 82 1 88 1 92 1 98 1 103 1 115 1 118 1 122 1 123 1 138 1 139 1 142 1 154 1 165 1 168 1 169 1 171 1 172 1 176 1
3 51 6 1 11 1 14 1 15 1 17 1 19 1 24 1 28 1 29 1 34 1 37 1 38 1 39 1 41 1 47 1 48 1 53 1 58 1 62 1 64 1 67 1 72 1 73 1 81 1 84 1 92 1 93 1 96 1 97 1 100 1 101 1 103 1 109 1 117 1 118 1 122 1 123 1 124 1 127 1 129 1 130 1 135 1 138 1 139 1 140 1 147 1 159 1 162 1 170 1 171 1 179 1
3 44 4 1 13 1 15 1 18 1 19 1 20 1 34 1 41 1 54 1 57 1 58 1 68 1 69 1 78 1 88 1 91 1 94 1 97 1 98 1 109 1 111 1 116 1 126 1 127 1 131 1 132 1 133 1 138 1 139 1 140 1 148 1 151 1 156 1 158 1 159 1 161 1 164 1 167 1 169 1 170 1 174 1 177 1 178 1 179 1
3 49 0 1 1 1 5 1 9 1 11 1 13 1 14 1 16 1 25 1 26 1 30 1 31 1 33 1 38 1 46 1 49 1 54 1 55 1 59 1 61 1 62 1 68 1 69 1 70 1 71 1 78 1 81 1 82 1 93 1 94 1 97 1 98 1 99 1 101 1 104 1 109 1 117 1 121 1 123 1 133 1 144 1 147 1 157 1 158 1 163 1 166 1 167 1 175 1 176 1
3 39 0 1 8 1 20 1 28 1 31 1 32 1 36 1 37 1 38 1 39 1 40 1 41 1 42 1 56 1 59 1 66 1 69 1 73 1 77 1 80 1 88 1 95 1 117 1 121 1 132 1 133 1 135 1 137 1 143 1 150 1 153 1 156 1 159 1 160 1 161 1 164 1 167 1 169 1 174 1
3 57 0 1 1 1 2 1 3 1 9 1 17 1 22 1 27 1 29 1 32 1 36 1 38 1 39 1 40 1 44 1 47 1 51 1 56 1 59 1 60 1 61 1 67 1 68 1 70 1 78 1 79 1 85 1 87 1 88 1 95 1 96 1 100 1 112 1 114 1 120 1 121 1 122 1 133 1 135 1 140 1 142 1 144 1 146 1 147 1 148 1 150 1 156 1 157 1 158 1 159 1 163 1 165 1 166 1 171 1 172 1 173 1 177 1
3 56 3 1 6 1 9 1 12 1 14 1 15 1 18 1 25 1 26 1 29 1 31 1 35 1 39 1 42 1 46 1 51 1 57 1 64 1 68 1 69 1 71 1 72 1 73 1 79 1 85 1 87 1 88 1 89 1 90 1 92 1 96 1 105 1 106 1 107 1 110 1 112 1 114 1 120 1 121 1 122 1 125 1 126 1 130 1 133 1 135 1 138 1 141 1 144 1 150 1 153 1 154 1 155 1 161 1 163 1 177 1 178 1
3 51 3 1 5 1 8 1 15 1 17 1 22 1 26 1 28 1 29 1 30 1 31 1 32 1 33 1 35 1 37 1 38 1 44 1 46 1 48 1 49 1 54 1 71 1 72 1 78 1 79 1 93 1 95 1 97 1 98 1 99 1 103 1 105 1 107 1 109 1 110 1 120 1 128 1 129 1 135 1 137 1 143 1 144 1 148 1 155 1 158 1 164 1 166 1 167 1 172 1 174 1 177 1
3 50 0 1 7 1 8 1 10 1 18 1 34 1 36 1 39 1 41 1 44 1 45 1 46 1 47 1 56 1 61 1 62 1 68 1 69 1 71 1 76 1 77 1 87 1 93 1 99 1 101 1 105 1 108 1 109 1 111 1 119 1 122 1 124 1 128 1 129 1 131 1 139 1 142 1 147 1 148 1 150 1 151 1 153 1 155 1 158 1 159 1 160 1 162 1 164 1 165 1 172 1
3 46 0 1 13 1 21 1 22 1 23 1 24 1 28 1 36 1 39 1 42 1 43 1 44 1 59 1 62 1 70 1 71 1 73 1 80 1 81 1 83 1 92 1 93 1 95 1 99 1 104 1 105 1 114 1 117 1 119 1 123 1 130 1 131 1 137 1 143 1 144 1 145 1 148 1 152 1 153 1 156 1 157 1 158 1 166 1 167 1 172 1 175 1
3 39 3 1 6 1 10 1 11 1 14 1 21 1 35 1 39 1 41 1 43 1 45 1 46 1 48 1 50 1 52 1 54 1 59 1 69 1 71 1 75 1 76 1 81 1 82 1 89 1 93 1 96 1 101 1 111 1 116 1 117 1 118 1 120 1 124 1 133 1 150 1 154 1 161 1 173 1 175 1
3 54 4 1 6 1 9 1 10 1 11 1 13 1 14 1 15 1 24 1 26 1 31 1 34 1 42 1 43 1 44 1 45 1 48 1 58 1 59 1 60 1 63 1 64 1 73 1 78 1 79 1 81 1 84 1 88 1 91 1 92 1 93 1 95 1 97 1 99 1 102 1 103 1 104 1 108 1 114 1 116 1 117 1 119 1 124 1 125 1 130 1 131 1 134 1 137 1 148 1 150 1 163 1 167 1 176 1 177 1
3 48 0 1 4 1 11 1 12 1 19 1 21 1 26 1 28 1 29 1 32 1 37 1 41 1 43 1 60 1 64 1 65 1 67 1 70 1 72 1 75 1 77 1 81 1 105 1 108 1 111 1 112 1 115 1 116 1 117 1 121 1 124 1 126 1 132 1 137 1 142 1 146 1 149 1 152 1 153 1 156 1 158 1 164 1 165 1 166 1 170 1 173 1 175 1 176 1
3 52 3 1 9 1 10 1 11 1 12 1 15 1 16 1 18 1 22 1 23 1 33 1 34 1 38 1 42 1 46 1 50 1 54 1 58 1 60 1 71 1 76 1 77 1 78 1 84 1 86 1 87 1 94 1 97 1 98 1 99 1 101 1 105 1 114 1 116 1 123 1 124 1 125 1 126 1 127 1 132 1 134 1 147 1 148 1 150 1 151 1 152 1 154 1 156 1 157 1 163 1 172 1 179 1
3 46 0 1 5 1 8 1 16 1 17 1 21 1 23 1 26 1 29 1 32 1 33 1 35 1 36 1 38 1 48 1 50 1 57 1 58 1 61 1 64 1 72 1 73 1 76 1 78 1 81 1 82 1 83 1 92 1 94 1 104 1 111 1 119 1 121 1 125 1 126 1 127 1 138 1 142 1 143 1 144 1 149 1 163 1 166 1 170 1 178 1 179 1
3 50 2 1 8 1 13 1 21 1 24 1 25 1 34 1 35 1 37 1 41 1 51 1 53 1 58 1 59 1 60 1 65 1 66 1 68 1 79 1 83 1 85 1 90 1 93 1 98 1 99 1 100 1 101 1 103 1 106 1 107 1 110 1 111 1 124 1 128 1 129 1 133 1 134 1 142 1 143 1 148 1 149 1 155 1 157 1 158 1 159 1 161 1 172 1 174 1 176 1 179 1
3 35 2 1 6 1 11 1 22 1 29 1 32 1 33 1 36 1 39 1 45 1 47 1 54 1 66 1 68 1 73 1 74 1 83 1 87 1 90 1 96 1 107 1 112 1 125 1 129 1 139 1 142 1 145 1 146 1 147 1 149 1 153 1 160 1 162 1 168 1 174 1
3 45 7 1 10 1 16 1 21 1 22 1 43 1 44 1 45 1 53 1 64 1 71 1 74 1 75 1 77 1 80 1 81 1 82 1 87 1 89 1 90 1 91 1 92 1 102 1 107 1 117 1 119 1 122 1 127 1 128 1 130 1 135 1 137 1 138 1 140 1 141 1 146 1 152 1 153 1 154 1 157 1 162 1 165 1 173 1 175 1 177 1
3 42 1 1 4 1 6 1 7 1 8 1 13 1 22 1 23 1 25 1 28 1 35 1 48 1 49 1 51 1 52 1 66 1 71 1 72 1 73 1 76 1 77 1 80 1 83 1 89 1 90 1 93 1 95 1 98 1 101 1 107 1 113 1 114 1 122 1 123 1 125 1 130 1 141 1 147 1 153 1 159 1 164 1 179 1
3 46 1 1 4 1 5 1 6 1 7 1 8 1 24 1 31 1 45 1 52 1 53 1 55 1 69 1 72 1 74 1 75 1 77 1 79 1 82 1 84 1 86 1 88 1 92 1 105 1 107 1 108 1 112 1 113 1 114 1 116 1 119 1 124 1 134 1 137 1 141 1 142 1 147 1 154 1 156 1 158 1 166 1 169 1 171 1 172 1 178 1 179 1
3 51 1 1 3 1 7 1 8 1 9 1 14 1 18 1 25 1 30 1 36 1 40 1 43 1 50 1 51 1 61 1 66 1 69 1 70 1 73 1 76 1 82 1 83 1 89 1 91 1 94 1 95 1 97 1 98 1 104 1 106 1 108 1 114 1 120 1 121 1 124 1 133 1 146 1 147 1 149 1 152 1 153 1 156 1 158 1 159 1 164 1 165 1 167 1 168 1 171 1 175 1 177 1
3 40 1 1 3 1 6 1 7 1 32 1 37 1 38 1 39 1 47 1 63 1 67 1 72 1 78 1 83 1 89 1 93 1 96 1 100 1 103 1 112 1 114 1 116 1 119 1 120 1 121 1 122 1 128 1 132 1 138 1 139 1 140 1 145 1 150 1 153 1 157 1 159 1 163 1 172 1 175 1 176 1
incumbent 1
1 0 0 0 0 0 0 0 0 0 0 0 0 1 0 1 0 0 0 1 0 0 0 0 0 0 0 0 0 1 0 0 0 0 1 0 0 0 0 0 0 0 0 0 0 0 0 0 0 0 0 0 0 0 0 0 0 0 1 0 0 0 0 0 0 0 1 0 0 0 0 0 0 0 0 0 0 0 0 0 0 0 0 0 0 0 0 0 1 0 0 0 1 0 0 0 0 0 0 0 0 0 0 0 1 0 0 1 0 0 0 0 0 0 0 0 1 0 0 0 0 0 0 0 0 0 0 0 0 0 0 1 0 0 0 0 0 0 0 0 1 0 0 0 0 0 0 0 0 1 1 0 0 0 0 0 0 0 0 0 0 0 0 0 0 0 0 0 0 0 0 0 0 1 0 0 0 0 0 0
