280 117
65 66 62 39 31 32 4 59 10 18 7 46 32 68 26 34 33 12 38 10 4 46 21 22 2 29 6 21 42 43 13 56 68 65 56 49 31 56 6 29 59 40 25 7 60 34 20 6 27 67 67 15 33 55 20 47 53 53 29 46 35 7 41 8 28 67 70 50 40 35 2 47 31 66 14 55 69 7 49 38 19 31 12 4 21 53 36 4 20 22 34 10 9 69 45 21 10 70 70 44 2 17 16 29 31 17 19 20 25 45 21 27 70 36 4 67 63 3 29 10 42 1 36 54 12 66 15 18 29 52 5 19 64 34 58 13 47 9 4 3 9 10 44 42 24 69 10 52 22 29 8 26 66 57 61 11 4 33 46 17 45 22 6 13 60 38 70 32 64 54 29 11 38 10 55 29 58 9 57 21 21 23 1 42 24 69 9 42 50 64 49 35 32 24 45 31 13 5 31 65 14 43 43 18 18 55 43 9 9 67 63 30 55 31 16 50 36 56 41 54 10 38 10 33 59 66 41 47 42 29 12 61 35 43 41 24 18 13 5 54 12 33 23 46 20 26 64 52 56 62 12 54 13 8 31 57 67 36 11 11 62 27 3 25 17 16 65 1 65 39 44 63 34 52 65 4 35 24 6 23
1 5 0 1 1 1 2 1 3 1 4 1
-1 5 0 -1 1 -1 2 -1 3 -1 4 -1
1 5 5 1 6 1 7 1 8 1 9 1
-1 5 5 -1 6 -1 7 -1 8 -1 9 -1
1 5 10 1 11 1 12 1 13 1 14 1
-1 5 10 -1 11 -1 12 -1 13 -1 14 -1
1 5 15 1 16 1 17 1 18 1 19 1
-1 5 15 -1 16 -1 17 -1 18 -1 19 -1
1 5 20 1 21 1 22 1 23 1 24 1
-1 5 20 -1 21 -1 22 -1 23 -1 24 -1
1 5 25 1 26 1 27 1 28 1 29 1
-1 5 25 -1 26 -1 27 -1 28 -1 29 -1
1 5 30 1 31 1 32 1 33 1 34 1
-1 5 30 -1 31 -1 32 -1 33 -1 34 -1
1 5 35 1 36 1 37 1 38 1 39 1
-1 5 35 -1 36 -1 37 -1 38 -1 39 -1
1 5 40 1 41 1 42 1 43 1 44 1
-1 5 40 -1 41 -1 42 -1 43 -1 44 -1
1 5 45 1 46 1 47 1 48 1 49 1
-1 5 45 -1 46 -1 47 -1 48 -1 49 -1
1 5 50 1 51 1 52 1 53 1 54 1
-1 5 50 -1 51 -1 52 -1 53 -1 54 -1
1 5 55 1 56 1 57 1 58 1 59 1
-1 5 55 -1 56 -1 57 -1 58 -1 59 -1
1 5 60 1 61 1 62 1 63 1 64 1
-1 5 60 -1 61 -1 62 -1 63 -1 64 -1
1 5 65 1 66 1 67 1 68 1 69 1
-1 5 65 -1 66 -1 67 -1 68 -1 69 -1
1 5 70 1 71 1 72 1 73 1 74 1
-1 5 70 -1 71 -1 72 -1 73 -1 74 -1
1 5 75 1 76 1 77 1 78 1 79 1
-1 5 75 -1 76 -1 77 -1 78 -1 79 -1
1 5 80 1 81 1 82 1 83 1 84 1
-1 5 80 -1 81 -1 82 -1 83 -1 84 -1
1 5 85 1 86 1 87 1 88 1 89 1
-1 5 85 -1 86 -1 87 -1 88 -1 89 -1
1 5 90 1 91 1 92 1 93 1 94 1
-1 5 90 -1 91 -1 92 -1 93 -1 94 -1
1 5 95 1 96 1 97 1 98 1 99 1
-1 5 95 -1 96 -1 97 -1 98 -1 99 -1
1 5 100 1 101 1 102 1 103 1 104 1
-1 5 100 -1 101 -1 102 -1 103 -1 104 -1
1 5 105 1 106 1 107 1 108 1 109 1
-1 5 105 -1 106 -1 107 -1 108 -1 109 -1
1 5 110 1 111 1 112 1 113 1 114 1
-1 5 110 -1 111 -1 112 -1 113 -1 114 -1
1 5 115 1 116 1 117 1 118 1 119 1
-1 5 115 -1 116 -1 117 -1 118 -1 119 -1
1 5 120 1 121 1 122 1 123 1 124 1
-1 5 120 -1 121 -1 122 -1 123 -1 124 -1
1 5 125 1 126 1 127 1 128 1 129 1
-1 5 125 -1 126 -1 127 -1 128 -1 129 -1
1 5 130 1 131 1 132 1 133 1 134 1
-1 5 130 -1 131 -1 132 -1 133 -1 134 -1
1 5 135 1 136 1 137 1 138 1 139 1
-1 5 135 -1 136 -1 137 -1 138 -1 139 -1
1 5 140 1 141 1 142 1 143 1 144 1
-1 5 140 -1 141 -1 142 -1 143 -1 144 -1
1 5 145 1 146 1 147 1 148 1 149 1
-1 5 145 -1 146 -1 147 -1 148 -1 149 -1
1 5 150 1 151 1 152 1 153 1 154 1
-1 5 150 -1 151 -1 152 -1 153 -1 154 -1
1 5 155 1 156 1 157 1 158 1 159 1
-1 5 155 -1 156 -1 157 -1 158 -1 159 -1
1 5 160 1 161 1 162 1 163 1 164 1
-1 5 160 -1 161 -1 162 -1 163 -1 164 -1
1 5 165 1 166 1 167 1 168 1 169 1
-1 5 165 -1 166 -1 167 -1 168 -1 169 -1
1 5 170 1 171 1 172 1 173 1 174 1
-1 5 170 -1 171 -1 172 -1 173 -1 174 -1
1 5 175 1 176 1 177 1 178 1 179 1
-1 5 175 -1 176 -1 177 -1 178 -1 179 -1
1 5 180 1 181 1 182 1 183 1 184 1
-1 5 180 -1 181 -1 182 -1 183 -1 184 -1
1 5 185 1 186 1 187 1 188 1 189 1
-1 5 185 -1 186 -1 187 -1 188 -1 189 -1
1 5 190 1 191 1 192 1 193 1 194 1
-1 5 190 -1 191 -1 192 -1 193 -1 194 -1
1 5 195 1 196 1 197 1 198 1 199 1
-1 5 195 -1 196 -1 197 -1 198 -1 199 -1
1 5 200 1 201 1 202 1 203 1 204 1
-1 5 200 -1 201 -1 202 -1 203 -1 204 -1
1 5 205 1 206 1 207 1 208 1 209 1
-1 5 205 -1 206 -1 207 -1 208 -1 209 -1
1 5 210 1 211 1 212 1 213 1 214 1
-1 5 210 -1 211 -1 212 -1 213 -1 214 -1
1 5 215 1 216 1 217 1 218 1 219 1
-1 5 215 -1 216 -1 217 -1 218 -1 219 -1
1 5 220 1 221 1 222 1 223 1 224 1
-1 5 220 -1 221 -1 222 -1 223 -1 224 -1
1 5 225 1 226 1 227 1 228 1 229 1
-1 5 225 -1 226 -1 227 -1 228 -1 229 -1
1 5 230 1 231 1 232 1 233 1 234 1
-1 5 230 -1 231 -1 232 -1 233 -1 234 -1
1 5 235 1 236 1 237 1 238 1 239 1
-1 5 235 -1 236 -1 237 -1 238 -1 239 -1
1 5 240 1 241 1 242 1 243 1 244 1
-1 5 240 -1 241 -1 242 -1 243 -1 244 -1
1 5 245 1 246 1 247 1 248 1 249 1
-1 5 245 -1 246 -1 247 -1 248 -1 249 -1
1 5 250 1 251 1 252 1 253 1 254 1
-1 5 250 -1 251 -1 252 -1 253 -1 254 -1
1 5 255 1 256 1 257 1 258 1 259 1
-1 5 255 -1 256 -1 257 -1 258 -1 259 -1
1 5 260 1 261 1 262 1 263 1 264 1
-1 5 260 -1 261 -1 262 -1 263 -1 264 -1
1 5 265 1 266 1 267 1 268 1 269 1
-1 5 265 -1 266 -1 267 -1 268 -1 269 -1
1 5 270 1 271 1 272 1 273 1 274 1
-1 5 270 -1 271 -1 272 -1 273 -1 274 -1
1 5 275 1 276 1 277 1 278 1 279 1
-1 5 275 -1 276 -1 277 -1 278 -1 279 -1
-60 56 0 -8 5 -8 10 -6 15 -1 20 -1 25 -7 30 -4 35 -3 40 -9 45 -6 50 -6 55 -2 60 -10 65 -3 70 -4 75 -9 80 -7 85 -6 90 -8 95 -9 100 -7 105 -2 110 -1 115 -6 120 -7 125 -9 130 -6 135 -3 140 -6 145 -9 150 -4 155 -2 160 -7 165 -6 170 -3 175 -9 180 -9 185 -3 190 -3 195 -4 200 -8 205 -5 210 -4 215 -4 220 -2 225 -10 230 -6 235 -6 240 -1 245 -10 250 -1 255 -4 260 -9 265 -2 270 -8 275 -1
-47 56 1 -4 6 -1 11 -3 16 -6 21 -8 26 -2 31 -3 36 -8 41 -9 46 -9 51 -5 56 -6 61 -6 66 -6 71 -5 76 -6 81 -2 86 -1 91 -3 96 -8 101 -10 106 -7 111 -10 116 -8 121 -1 126 -7 131 -1 136 -7 141 -8 146 -3 151 -1 156 -4 161 -8 166 -2 171 -8 176 -5 181 -1 186 -7 191 -3 196 -9 201 -7 206 -3 211 -5 216 -2 221 -9 226 -4 231 -7 236 -3 241 -6 246 -1 251 -7 256 -8 261 -1 266 -6 271 -10 276 -6
-57 56 2 -5 7 -7 12 -3 17 -5 22 -9 27 -1 32 -2 37 -10 42 -9 47 -5 52 -2 57 -5 62 -4 67 -7 72 -4 77 -7 82 -4 87 -6 92 -5 97 -8 102 -8 107 -5 112 -5 117 -2 122 -8 127 -8 132 -7 137 -8 142 -5 147 -3 152 -6 157 -6 162 -3 167 -6 172 -5 177 -1 182 -9 187 -1 192 -2 197 -7 202 -3 207 -9 212 -8 217 -6 222 -10 227 -2 232 -4 237 -3 242 -10 247 -8 252 -10 257 -1 262 -8 267 -9 272 -5 277 -6
-40 56 3 -9 8 -5 13 -7 18 -7 23 -7 28 -10 33 -6 38 -10 43 -7 48 -8 53 -3 58 -7 63 -3 68 -2 73 -2 78 -7 83 -2 88 -5 93 -8 98 -5 103 -5 108 -2 113 -1 118 -4 123 -9 128 -2 133 -10 138 -9 143 -5 148 -10 153 -1 158 -10 163 -3 168 -4 173 -8 178 -5 183 -4 188 -9 193 -2 198 -6 203 -4 208 -4 213 -3 218 -1 223 -9 228 -3 233 -7 238 -4 243 -9 248 -2 253 -10 258 -6 263 -3 268 -8 273 -5 278 -9
-57 56 4 -1 9 -7 14 -8 19 -8 24 -1 29 -5 34 -5 39 -8 44 -7 49 -4 54 -10 59 -4 64 -10 69 -6 74 -10 79 -10 84 -10 89 -3 94 -5 99 -7 104 -5 109 -5 114 -4 119 -7 124 -7 129 -1 134 -6 139 -2 144 -1 149 -6 154 -9 159 -1 164 -7 169 -9 174 -8 179 -2 184 -9 189 -4 194 -1 199 -5 204 -1 209 -1 214 -2 219 -6 224 -7 229 -2 234 -8 239 -2 244 -5 249 -9 254 -6 259 -9 264 -7 269 -10 274 -2 279 -10
incumbent 1
0 0 0 0 1 0 0 1 0 0 0 0 0 0 1 1 0 0 0 0 0 0 0 0 1 0 0 1 0 0 1 0 0 0 0 1 0 0 0 0 0 0 0 1 0 0 1 0 0 0 0 1 0 0 0 0 0 0 1 0 1 0 0 0 0 0 1 0 0 0 0 0 1 0 0 0 0 0 0 1 0 0 0 1 0 1 0 0 0 0 0 1 0 0 0 0 0 1 0 0 0 0 0 0 1 1 0 0 0 0 1 0 0 0 0 0 0 1 0 0 0 1 0 0 0 0 0 0 1 0 0 1 0 0 0 0 0 0 0 1 0 0 0 0 1 0 1 0 0 0 1 0 0 0 0 0 1 0 0 0 0 0 1 0 0 0 0 1 0 0 0 0 0 1 0 0 0 1 0 0 1 0 0 0 0 0 0 1 0 0 0 0 0 1 0 1 0 0 0 0 1 0 0 0 0 0 0 0 1 0 0 0 0 0 1 0 1 0 0 0 0 0 1 0 0 0 0 0 0 1 0 0 0 0 1 0 0 1 0 0 1 0 0 0 0 0 0 1 0 0 1 0 0 0 0 0 0 1 0 0 0 0 0 0 1 1 0 0 0 0 0 0 0 1 0 1 0 0 0 0
