240 70
-7 -37 -44 -34 -34 -44 -40 -16 -45 -9 -23 -17 -60 -31 -12 -14 -24 -29 -60 -36 -22 -21 -46 -12 -39 -10 -51 -45 -8 -45 -30 -43 -31 -38 -44 -60 -27 -19 -16 -17 -14 -32 -37 -19 -35 -29 -39 -24 -14 -5 -36 -16 -47 -35 -32 -16 -8 -38 -39 -50 -29 -36 -33 -35 -14 -52 -24 -41 -68 -52 -40 -24 -44 -42 -33 -33 -16 -47 -30 -40 -23 -29 -23 -18 -34 -53 -5 -44 -24 -16 -10 -16 -23 -35 -24 -4 -6 -10 -21 -45 -27 -17 -17 -20 -13 -16 -30 -4 -33 -36 -40 -30 -30 -33 -44 -34 -5 -39 -15 -29 -20 -35 -40 -17 -38 -52 -14 -46 -24 -46 -65 -20 -37 -45 -24 -53 -30 -24 -43 -16 -23 -14 -29 -16 -19 -48 -51 -48 -34 -42 -26 -20 -8 -6 -46 -32 -21 -10 -27 -30 -28 -55 -31 -31 -38 -24 -19 -22 -24 -30 -14 -50 -31 -61 -24 -64 -68 -29 -44 -60 -41 -18 -42 -19 -41 -15 -44 -18 -32 -27 -10 -23 -23 -26 -34 -20 -38 -36 -27 -33 -29 -15 -16 -30 -46 -21 -38 -32 -15 -44 -23 -9 -22 -51 -41 -57 -34 -29 -32 -48 -41 -39 -20 -15 -11 -32 -24 -36 -44 -39 -41 -54 -48 -9 -18 -18 -10 -16 -27 -39
-1 9 0 -1 7 -1 16 -1 27 -1 115 -1 124 -1 131 -1 219 -1 228 -1
-1 8 1 -1 21 -1 53 -1 63 -1 80 -1 173 -1 191 -1 223 -1
-1 9 33 -1 34 -1 41 -1 85 -1 110 -1 127 -1 140 -1 178 -1 184 -1
-1 6 99 -1 104 -1 131 -1 158 -1 160 -1 226 -1
-1 14 26 -1 27 -1 60 -1 72 -1 94 -1 121 -1 128 -1 129 -1 149 -1 175 -1 177 -1 188 -1 200 -1 219 -1
-1 11 5 -1 9 -1 40 -1 44 -1 71 -1 85 -1 101 -1 106 -1 130 -1 146 -1 224 -1
-1 10 18 -1 59 -1 69 -1 85 -1 113 -1 129 -1 143 -1 180 -1 209 -1 221 -1
-1 12 30 -1 100 -1 113 -1 116 -1 119 -1 124 -1 146 -1 166 -1 169 -1 171 -1 209 -1 220 -1
-1 7 27 -1 82 -1 158 -1 164 -1 173 -1 188 -1 217 -1
-1 12 8 -1 22 -1 57 -1 108 -1 154 -1 169 -1 203 -1 204 -1 216 -1 220 -1 224 -1 233 -1
-1 14 4 -1 6 -1 18 -1 22 -1 59 -1 61 -1 92 -1 112 -1 126 -1 142 -1 154 -1 205 -1 225 -1 228 -1
-1 11 18 -1 31 -1 62 -1 110 -1 125 -1 146 -1 175 -1 181 -1 186 -1 199 -1 204 -1
-1 9 47 -1 63 -1 67 -1 91 -1 127 -1 144 -1 190 -1 216 -1 217 -1
-1 12 3 -1 26 -1 27 -1 32 -1 50 -1 70 -1 127 -1 162 -1 170 -1 206 -1 226 -1 238 -1
-1 6 2 -1 3 -1 44 -1 50 -1 65 -1 99 -1
-1 11 6 -1 53 -1 62 -1 75 -1 123 -1 151 -1 154 -1 155 -1 178 -1 195 -1 239 -1
-1 11 14 -1 17 -1 22 -1 34 -1 77 -1 83 -1 115 -1 149 -1 183 -1 207 -1 231 -1
-1 9 26 -1 67 -1 114 -1 121 -1 130 -1 161 -1 213 -1 215 -1 219 -1
-1 11 2 -1 63 -1 74 -1 84 -1 99 -1 106 -1 135 -1 149 -1 179 -1 182 -1 225 -1
-1 10 36 -1 69 -1 79 -1 148 -1 179 -1 193 -1 212 -1 216 -1 220 -1 230 -1
-1 10 12 -1 93 -1 106 -1 120 -1 122 -1 125 -1 167 -1 172 -1 175 -1 214 -1
-1 8 27 -1 53 -1 78 -1 84 -1 102 -1 141 -1 167 -1 178 -1
-1 14 5 -1 8 -1 19 -1 23 -1 68 -1 88 -1 149 -1 154 -1 179 -1 191 -1 199 -1 206 -1 222 -1 235 -1
-1 11 12 -1 18 -1 19 -1 45 -1 50 -1 85 -1 125 -1 147 -1 200 -1 227 -1 228 -1
-1 8 69 -1 89 -1 93 -1 98 -1 106 -1 120 -1 127 -1 204 -1
-1 7 24 -1 29 -1 46 -1 72 -1 169 -1 186 -1 209 -1
-1 12 6 -1 39 -1 42 -1 52 -1 59 -1 65 -1 122 -1 140 -1 147 -1 161 -1 183 -1 184 -1
-1 9 115 -1 120 -1 133 -1 163 -1 192 -1 194 -1 199 -1 203 -1 225 -1
-1 14 6 -1 57 -1 59 -1 65 -1 68 -1 136 -1 145 -1 150 -1 159 -1 176 -1 198 -1 214 -1 218 -1 232 -1
-1 17 0 -1 7 -1 8 -1 11 -1 13 -1 17 -1 80 -1 83 -1 99 -1 107 -1 109 -1 110 -1 114 -1 140 -1 206 -1 210 -1 218 -1
-1 11 1 -1 33 -1 52 -1 73 -1 133 -1 134 -1 156 -1 163 -1 174 -1 208 -1 228 -1
-1 9 32 -1 35 -1 41 -1 54 -1 155 -1 161 -1 197 -1 227 -1 239 -1
-1 7 108 -1 137 -1 144 -1 165 -1 186 -1 187 -1 231 -1
-1 9 15 -1 37 -1 67 -1 71 -1 84 -1 125 -1 126 -1 140 -1 182 -1
-1 13 61 -1 67 -1 93 -1 122 -1 132 -1 138 -1 146 -1 172 -1 174 -1 184 -1 185 -1 210 -1 228 -1
-1 8 12 -1 52 -1 72 -1 105 -1 130 -1 135 -1 160 -1 215 -1
-1 10 28 -1 58 -1 94 -1 95 -1 97 -1 121 -1 148 -1 197 -1 215 -1 219 -1
-1 6 114 -1 115 -1 145 -1 162 -1 214 -1 230 -1
-1 6 29 -1 49 -1 52 -1 77 -1 194 -1 232 -1
-1 10 31 -1 65 -1 69 -1 100 -1 132 -1 148 -1 157 -1 172 -1 222 -1 239 -1
-1 9 13 -1 57 -1 114 -1 130 -1 147 -1 154 -1 173 -1 176 -1 215 -1
-1 12 2 -1 8 -1 19 -1 22 -1 41 -1 65 -1 125 -1 139 -1 188 -1 230 -1 232 -1 238 -1
-1 9 42 -1 46 -1 54 -1 78 -1 111 -1 122 -1 203 -1 210 -1 238 -1
-1 11 44 -1 66 -1 77 -1 79 -1 90 -1 96 -1 119 -1 129 -1 188 -1 202 -1 213 -1
-1 10 1 -1 5 -1 21 -1 42 -1 108 -1 153 -1 164 -1 188 -1 232 -1 237 -1
-1 7 35 -1 40 -1 66 -1 135 -1 136 -1 137 -1 147 -1
-1 11 3 -1 13 -1 20 -1 33 -1 45 -1 98 -1 171 -1 176 -1 189 -1 219 -1 232 -1
-1 7 47 -1 55 -1 134 -1 145 -1 184 -1 209 -1 225 -1
-1 11 47 -1 67 -1 75 -1 84 -1 109 -1 161 -1 171 -1 189 -1 207 -1 227 -1 229 -1
-1 13 4 -1 5 -1 31 -1 55 -1 75 -1 79 -1 109 -1 117 -1 142 -1 159 -1 175 -1 177 -1 225 -1
-1 10 22 -1 34 -1 42 -1 70 -1 74 -1 81 -1 145 -1 173 -1 194 -1 197 -1
-1 9 4 -1 51 -1 123 -1 133 -1 152 -1 187 -1 194 -1 233 -1 236 -1
-1 15 3 -1 4 -1 7 -1 21 -1 31 -1 42 -1 64 -1 92 -1 126 -1 133 -1 172 -1 180 -1 197 -1 217 -1 227 -1
-1 7 30 -1 43 -1 66 -1 88 -1 168 -1 213 -1 229 -1
-1 6 39 -1 73 -1 92 -1 132 -1 133 -1 177 -1
-1 14 34 -1 47 -1 52 -1 76 -1 78 -1 82 -1 99 -1 115 -1 119 -1 129 -1 130 -1 138 -1 226 -1 230 -1
-1 9 5 -1 68 -1 87 -1 91 -1 110 -1 135 -1 164 -1 178 -1 204 -1
-1 6 12 -1 48 -1 70 -1 124 -1 162 -1 164 -1
-1 8 8 -1 30 -1 31 -1 54 -1 100 -1 141 -1 146 -1 220 -1
-1 8 53 -1 86 -1 117 -1 129 -1 147 -1 168 -1 211 -1 239 -1
-1 10 2 -1 12 -1 29 -1 58 -1 68 -1 182 -1 186 -1 206 -1 209 -1 221 -1
-1 9 16 -1 29 -1 108 -1 112 -1 117 -1 179 -1 180 -1 229 -1 231 -1
-1 10 2 -1 18 -1 44 -1 61 -1 71 -1 73 -1 122 -1 124 -1 138 -1 168 -1
-1 8 4 -1 60 -1 70 -1 74 -1 85 -1 111 -1 192 -1 198 -1
-1 5 24 -1 35 -1 68 -1 175 -1 206 -1
-1 4 35 -1 138 -1 182 -1 196 -1
-1 15 10 -1 11 -1 26 -1 38 -1 58 -1 77 -1 87 -1 103 -1 127 -1 165 -1 171 -1 176 -1 196 -1 213 -1 231 -1
-1 10 25 -1 32 -1 56 -1 87 -1 112 -1 132 -1 170 -1 184 -1 201 -1 221 -1
-1 7 50 -1 59 -1 72 -1 84 -1 94 -1 128 -1 210 -1
-1 14 9 -1 28 -1 34 -1 69 -1 118 -1 119 -1 124 -1 187 -1 194 -1 195 -1 204 -1 205 -1 212 -1 234 -1
incumbent 1
0 0 0 0 0 0 0 0 0 0 1 0 0 0 0 0 1 0 0 0 1 0 0 0 1 0 0 0 0 0 0 0 0 0 0 0 1 1 0 1 0 0 0 1 0 0 0 0 1 1 0 1 0 0 0 0 0 0 0 0 0 0 0 0 1 0 0 0 0 0 0 0 0 0 0 0 1 0 0 0 0 1 0 0 0 0 0 0 0 1 0 0 0 0 0 0 0 1 0 0 0 1 1 0 0 1 0 0 0 0 0 1 0 0 1 0 0 0 0 0 0 0 0 0 0 0 0 0 0 0 0 0 0 0 0 0 0 1 0 1 0 0 1 1 0 0 0 0 0 0 1 1 0 0 0 0 1 1 1 0 0 0 0 0 0 0 1 0 0 0 0 0 0 0 0 0 0 0 0 0 0 1 0 0 0 1 0 0 0 0 1 0 0 0 0 0 0 0 0 0 1 1 1 0 0 0 0 1 0 0 0 1 0 0 0 0 0 0 0 0 0 0 0 1 0 0 0 0 0 0 0 0 0 0 1 1 0 1 0 0
