240 50
0 39 58 77 96 115 134 153 172 191 210 234 258 282 306 330 354 378 402 426 0 30 48 66 84 102 120 138 156 174 192 215 238 261 284 307 330 353 376 399 0 31 48 65 82 99 116 133 150 167 184 206 228 250 272 294 316 338 360 382 0 26 37 48 59 70 81 92 103 114 125 141 157 173 189 205 221 237 253 269 0 23 40 57 74 91 108 125 142 159 176 198 220 242 264 286 308 330 352 374 0 33 48 63 78 93 108 123 138 153 168 188 208 228 248 268 288 308 328 348 0 18 31 44 57 70 83 96 109 122 135 153 171 189 207 225 243 261 279 297 0 30 45 60 75 90 105 120 135 150 165 185 205 225 245 265 285 305 325 345 0 18 29 40 51 62 73 84 95 106 117 133 149 165 181 197 213 229 245 261 0 13 18 23 28 33 38 43 48 53 58 68 78 88 98 108 118 128 138 148 0 22 26 30 34 38 42 46 50 54 58 67 76 85 94 103 112 121 130 139 0 20 32 44 56 68 80 92 104 116 128 145 162 179 196 213 230 247 264 281
1 20 0 1 1 1 2 1 3 1 4 1 5 1 6 1 7 1 8 1 9 1 10 1 11 1 12 1 13 1 14 1 15 1 16 1 17 1 18 1 19 1
-1 20 0 -1 1 -1 2 -1 3 -1 4 -1 5 -1 6 -1 7 -1 8 -1 9 -1 10 -1 11 -1 12 -1 13 -1 14 -1 15 -1 16 -1 17 -1 18 -1 19 -1
7 19 1 1 2 2 3 3 4 4 5 5 6 6 7 7 8 8 9 9 10 10 11 11 12 12 13 13 14 14 15 15 16 16 17 17 18 18 19 19
-16 19 1 -1 2 -2 3 -3 4 -4 5 -5 6 -6 7 -7 8 -8 9 -9 10 -10 11 -11 12 -12 13 -13 14 -14 15 -15 16 -16 17 -17 18 -18 19 -19
1 20 20 1 21 1 22 1 23 1 24 1 25 1 26 1 27 1 28 1 29 1 30 1 31 1 32 1 33 1 34 1 35 1 36 1 37 1 38 1 39 1
-1 20 20 -1 21 -1 22 -1 23 -1 24 -1 25 -1 26 -1 27 -1 28 -1 29 -1 30 -1 31 -1 32 -1 33 -1 34 -1 35 -1 36 -1 37 -1 38 -1 39 -1
15 38 1 1 2 2 3 3 4 4 5 5 6 6 7 7 8 8 9 9 10 10 11 11 12 12 13 13 14 14 15 15 16 16 17 17 18 18 19 19 21 1 22 2 23 3 24 4 25 5 26 6 27 7 28 8 29 9 30 10 31 11 32 12 33 13 34 14 35 15 36 16 37 17 38 18 39 19
-24 38 1 -1 2 -2 3 -3 4 -4 5 -5 6 -6 7 -7 8 -8 9 -9 10 -10 11 -11 12 -12 13 -13 14 -14 15 -15 16 -16 17 -17 18 -18 19 -19 21 -1 22 -2 23 -3 24 -4 25 -5 26 -6 27 -7 28 -8 29 -9 30 -10 31 -11 32 -12 33 -13 34 -14 35 -15 36 -16 37 -17 38 -18 39 -19
1 20 40 1 41 1 42 1 43 1 44 1 45 1 46 1 47 1 48 1 49 1 50 1 51 1 52 1 53 1 54 1 55 1 56 1 57 1 58 1 59 1
-1 20 40 -1 41 -1 42 -1 43 -1 44 -1 45 -1 46 -1 47 -1 48 -1 49 -1 50 -1 51 -1 52 -1 53 -1 54 -1 55 -1 56 -1 57 -1 58 -1 59 -1
23 57 1 1 2 2 3 3 4 4 5 5 6 6 7 7 8 8 9 9 10 10 11 11 12 12 13 13 14 14 15 15 16 16 17 17 18 18 19 19 21 1 22 2 23 3 24 4 25 5 26 6 27 7 28 8 29 9 30 10 31 11 32 12 33 13 34 14 35 15 36 16 37 17 38 18 39 19 41 1 42 2 43 3 44 4 45 5 46 6 47 7 48 8 49 9 50 10 51 11 52 12 53 13 54 14 55 15 56 16 57 17 58 18 59 19
-32 57 1 -1 2 -2 3 -3 4 -4 5 -5 6 -6 7 -7 8 -8 9 -9 10 -10 11 -11 12 -12 13 -13 14 -14 15 -15 16 -16 17 -17 18 -18 19 -19 21 -1 22 -2 23 -3 24 -4 25 -5 26 -6 27 -7 28 -8 29 -9 30 -10 31 -11 32 -12 33 -13 34 -14 35 -15 36 -16 37 -17 38 -18 39 -19 41 -1 42 -2 43 -3 44 -4 45 -5 46 -6 47 -7 48 -8 49 -9 50 -10 51 -11 52 -12 53 -13 54 -14 55 -15 56 -16 57 -17 58 -18 59 -19
1 20 60 1 61 1 62 1 63 1 64 1 65 1 66 1 67 1 68 1 69 1 70 1 71 1 72 1 73 1 74 1 75 1 76 1 77 1 78 1 79 1
-1 20 60 -1 61 -1 62 -1 63 -1 64 -1 65 -1 66 -1 67 -1 68 -1 69 -1 70 -1 71 -1 72 -1 73 -1 74 -1 75 -1 76 -1 77 -1 78 -1 79 -1
26 76 1 1 2 2 3 3 4 4 5 5 6 6 7 7 8 8 9 9 10 10 11 11 12 12 13 13 14 14 15 15 16 16 17 17 18 18 19 19 21 1 22 2 23 3 24 4 25 5 26 6 27 7 28 8 29 9 30 10 31 11 32 12 33 13 34 14 35 15 36 16 37 17 38 18 39 19 41 1 42 2 43 3 44 4 45 5 46 6 47 7 48 8 49 9 50 10 51 11 52 12 53 13 54 14 55 15 56 16 57 17 58 18 59 19 61 1 62 2 63 3 64 4 65 5 66 6 67 7 68 8 69 9 70 10 71 11 72 12 73 13 74 14 75 15 76 16 77 17 78 18 79 19
-35 76 1 -1 2 -2 3 -3 4 -4 5 -5 6 -6 7 -7 8 -8 9 -9 10 -10 11 -11 12 -12 13 -13 14 -14 15 -15 16 -16 17 -17 18 -18 19 -19 21 -1 22 -2 23 -3 24 -4 25 -5 26 -6 27 -7 28 -8 29 -9 30 -10 31 -11 32 -12 33 -13 34 -14 35 -15 36 -16 37 -17 38 -18 39 -19 41 -1 42 -2 43 -3 44 -4 45 -5 46 -6 47 -7 48 -8 49 -9 50 -10 51 -11 52 -12 53 -13 54 -14 55 -15 56 -16 57 -17 58 -18 59 -19 61 -1 62 -2 63 -3 64 -4 65 -5 66 -6 67 -7 68 -8 69 -9 70 -10 71 -11 72 -12 73 -13 74 -14 75 -15 76 -16 77 -17 78 -18 79 -19
1 20 80 1 81 1 82 1 83 1 84 1 85 1 86 1 87 1 88 1 89 1 90 1 91 1 92 1 93 1 94 1 95 1 96 1 97 1 98 1 99 1
-1 20 80 -1 81 -1 82 -1 83 -1 84 -1 85 -1 86 -1 87 -1 88 -1 89 -1 90 -1 91 -1 92 -1 93 -1 94 -1 95 -1 96 -1 97 -1 98 -1 99 -1
28 95 1 1 2 2 3 3 4 4 5 5 6 6 7 7 8 8 9 9 10 10 11 11 12 12 13 13 14 14 15 15 16 16 17 17 18 18 19 19 21 1 22 2 23 3 24 4 25 5 26 6 27 7 28 8 29 9 30 10 31 11 32 12 33 13 34 14 35 15 36 16 37 17 38 18 39 19 41 1 42 2 43 3 44 4 45 5 46 6 47 7 48 8 49 9 50 10 51 11 52 12 53 13 54 14 55 15 56 16 57 17 58 18 59 19 61 1 62 2 63 3 64 4 65 5 66 6 67 7 68 8 69 9 70 10 71 11 72 12 73 13 74 14 75 15 76 16 77 17 78 18 79 19 81 1 82 2 83 3 84 4 85 5 86 6 87 7 88 8 89 9 90 10 91 11 92 12 93 13 94 14 95 15 96 16 97 17 98 18 99 19
-37 95 1 -1 2 -2 3 -3 4 -4 5 -5 6 -6 7 -7 8 -8 9 -9 10 -10 11 -11 12 -12 13 -13 14 -14 15 -15 16 -16 17 -17 18 -18 19 -19 21 -1 22 -2 23 -3 24 -4 25 -5 26 -6 27 -7 28 -8 29 -9 30 -10 31 -11 32 -12 33 -13 34 -14 35 -15 36 -16 37 -17 38 -18 39 -19 41 -1 42 -2 43 -3 44 -4 45 -5 46 -6 47 -7 48 -8 49 -9 50 -10 51 -11 52 -12 53 -13 54 -14 55 -15 56 -16 57 -17 58 -18 59 -19 61 -1 62 -2 63 -3 64 -4 65 -5 66 -6 67 -7 68 -8 69 -9 70 -10 71 -11 72 -12 73 -13 74 -14 75 -15 76 -16 77 -17 78 -18 79 -19 81 -1 82 -2 83 -3 84 -4 85 -5 86 -6 87 -7 88 -8 89 -9 90 -10 91 -11 92 -12 93 -13 94 -14 95 -15 96 -16 97 -17 98 -18 99 -19
1 20 100 1 101 1 102 1 103 1 104 1 105 1 106 1 107 1 108 1 109 1 110 1 111 1 112 1 113 1 114 1 115 1 116 1 117 1 118 1 119 1
-1 20 100 -1 101 -1 102 -1 103 -1 104 -1 105 -1 106 -1 107 -1 108 -1 109 -1 110 -1 111 -1 112 -1 113 -1 114 -1 115 -1 116 -1 117 -1 118 -1 119 -1
31 114 1 1 2 2 3 3 4 4 5 5 6 6 7 7 8 8 9 9 10 10 11 11 12 12 13 13 14 14 15 15 16 16 17 17 18 18 19 19 21 1 22 2 23 3 24 4 25 5 26 6 27 7 28 8 29 9 30 10 31 11 32 12 33 13 34 14 35 15 36 16 37 17 38 18 39 19 41 1 42 2 43 3 44 4 45 5 46 6 47 7 48 8 49 9 50 10 51 11 52 12 53 13 54 14 55 15 56 16 57 17 58 18 59 19 61 1 62 2 63 3 64 4 65 5 66 6 67 7 68 8 69 9 70 10 71 11 72 12 73 13 74 14 75 15 76 16 77 17 78 18 79 19 81 1 82 2 83 3 84 4 85 5 86 6 87 7 88 8 89 9 90 10 91 11 92 12 93 13 94 14 95 15 96 16 97 17 98 18 99 19 101 1 102 2 103 3 104 4 105 5 106 6 107 7 108 8 109 9 110 10 111 11 112 12 113 13 114 14 115 15 116 16 117 17 118 18 119 19
-40 114 1 -1 2 -2 3 -3 4 -4 5 -5 6 -6 7 -7 8 -8 9 -9 10 -10 11 -11 12 -12 13 -13 14 -14 15 -15 16 -16 17 -17 18 -18 19 -19 21 -1 22 -2 23 -3 24 -4 25 -5 26 -6 27 -7 28 -8 29 -9 30 -10 31 -11 32 -12 33 -13 34 -14 35 -15 36 -16 37 -17 38 -18 39 -19 41 -1 42 -2 43 -3 44 -4 45 -5 46 -6 47 -7 48 -8 49 -9 50 -10 51 -11 52 -12 53 -13 54 -14 55 -15 56 -16 57 -17 58 -18 59 -19 61 -1 62 -2 63 -3 64 -4 65 -5 66 -6 67 -7 68 -8 69 -9 70 -10 71 -11 72 -12 73 -13 74 -14 75 -15 76 -16 77 -17 78 -18 79 -19 81 -1 82 -2 83 -3 84 -4 85 -5 86 -6 87 -7 88 -8 89 -9 90 -10 91 -11 92 -12 93 -13 94 -14 95 -15 96 -16 97 -17 98 -18 99 -19 101 -1 102 -2 103 -3 104 -4 105 -5 106 -6 107 -7 108 -8 109 -9 110 -10 111 -11 112 -12 113 -13 114 -14 115 -15 116 -16 117 -17 118 -18 119 -19
1 20 120 1 121 1 122 1 123 1 124 1 125 1 126 1 127 1 128 1 129 1 130 1 131 1 132 1 133 1 134 1 135 1 136 1 137 1 138 1 139 1
-1 20 120 -1 121 -1 122 -1 123 -1 124 -1 125 -1 126 -1 127 -1 128 -1 129 -1 130 -1 131 -1 132 -1 133 -1 134 -1 135 -1 136 -1 137 -1 138 -1 139 -1
34 133 1 1 2 2 3 3 4 4 5 5 6 6 7 7 8 8 9 9 10 10 11 11 12 12 13 13 14 14 15 15 16 16 17 17 18 18 19 19 21 1 22 2 23 3 24 4 25 5 26 6 27 7 28 8 29 9 30 10 31 11 32 12 33 13 34 14 35 15 36 16 37 17 38 18 39 19 41 1 42 2 43 3 44 4 45 5 46 6 47 7 48 8 49 9 50 10 51 11 52 12 53 13 54 14 55 15 56 16 57 17 58 18 59 19 61 1 62 2 63 3 64 4 65 5 66 6 67 7 68 8 69 9 70 10 71 11 72 12 73 13 74 14 75 15 76 16 77 17 78 18 79 19 81 1 82 2 83 3 84 4 85 5 86 6 87 7 88 8 89 9 90 10 91 11 92 12 93 13 94 14 95 15 96 16 97 17 98 18 99 19 101 1 102 2 103 3 104 4 105 5 106 6 107 7 108 8 109 9 110 10 111 11 112 12 113 13 114 14 115 15 116 16 117 17 118 18 119 19 121 1 122 2 123 3 124 4 125 5 126 6 127 7 128 8 129 9 130 10 131 11 132 12 133 13 134 14 135 15 136 16 137 17 138 18 139 19
-43 133 1 -1 2 -2 3 -3 4 -4 5 -5 6 -6 7 -7 8 -8 9 -9 10 -10 11 -11 12 -12 13 -13 14 -14 15 -15 16 -16 17 -17 18 -18 19 -19 21 -1 22 -2 23 -3 24 -4 25 -5 26 -6 27 -7 28 -8 29 -9 30 -10 31 -11 32 -12 33 -13 34 -14 35 -15 36 -16 37 -17 38 -18 39 -19 41 -1 42 -2 43 -3 44 -4 45 -5 46 -6 47 -7 48 -8 49 -9 50 -10 51 -11 52 -12 53 -13 54 -14 55 -15 56 -16 57 -17 58 -18 59 -19 61 -1 62 -2 63 -3 64 -4 65 -5 66 -6 67 -7 68 -8 69 -9 70 -10 71 -11 72 -12 73 -13 74 -14 75 -15 76 -16 77 -17 78 -18 79 -19 81 -1 82 -2 83 -3 84 -4 85 -5 86 -6 87 -7 88 -8 89 -9 90 -10 91 -11 92 -12 93 -13 94 -14 95 -15 96 -16 97 -17 98 -18 99 -19 101 -1 102 -2 103 -3 104 -4 105 -5 106 -6 107 -7 108 -8 109 -9 110 -10 111 -11 112 -12 113 -13 114 -14 115 -15 116 -16 117 -17 118 -18 119 -19 121 -1 122 -2 123 -3 124 -4 125 -5 126 -6 127 -7 128 -8 129 -9 130 -10 131 -11 132 -12 133 -13 134 -14 135 -15 136 -16 137 -17 138 -18 139 -19
1 20 140 1 141 1 142 1 143 1 144 1 145 1 146 1 147 1 148 1 149 1 150 1 151 1 152 1 153 1 154 1 155 1 156 1 157 1 158 1 159 1
-1 20 140 -1 141 -1 142 -1 143 -1 144 -1 145 -1 146 -1 147 -1 148 -1 149 -1 150 -1 151 -1 152 -1 153 -1 154 -1 155 -1 156 -1 157 -1 158 -1 159 -1
39 152 1 1 2 2 3 3 4 4 5 5 6 6 7 7 8 8 9 9 10 10 11 11 12 12 13 13 14 14 15 15 16 16 17 17 18 18 19 19 21 1 22 2 23 3 24 4 25 5 26 6 27 7 28 8 29 9 30 10 31 11 32 12 33 13 34 14 35 15 36 16 37 17 38 18 39 19 41 1 42 2 43 3 44 4 45 5 46 6 47 7 48 8 49 9 50 10 51 11 52 12 53 13 54 14 55 15 56 16 57 17 58 18 59 19 61 1 62 2 63 3 64 4 65 5 66 6 67 7 68 8 69 9 70 10 71 11 72 12 73 13 74 14 75 15 76 16 77 17 78 18 79 19 81 1 82 2 83 3 84 4 85 5 86 6 87 7 88 8 89 9 90 10 91 11 92 12 93 13 94 14 95 15 96 16 97 17 98 18 99 19 101 1 102 2 103 3 104 4 105 5 106 6 107 7 108 8 109 9 110 10 111 11 112 12 113 13 114 14 115 15 116 16 117 17 118 18 119 19 121 1 122 2 123 3 124 4 125 5 126 6 127 7 128 8 129 9 130 10 131 11 132 12 133 13 134 14 135 15 136 16 137 17 138 18 139 19 141 1 142 2 143 3 144 4 145 5 146 6 147 7 148 8 149 9 150 10 151 11 152 12 153 13 154 14 155 15 156 16 157 17 158 18 159 19
-48 152 1 -1 2 -2 3 -3 4 -4 5 -5 6 -6 7 -7 8 -8 9 -9 10 -10 11 -11 12 -12 13 -13 14 -14 15 -15 16 -16 17 -17 18 -18 19 -19 21 -1 22 -2 23 -3 24 -4 25 -5 26 -6 27 -7 28 -8 29 -9 30 -10 31 -11 32 -12 33 -13 34 -14 35 -15 36 -16 37 -17 38 -18 39 -19 41 -1 42 -2 43 -3 44 -4 45 -5 46 -6 47 -7 48 -8 49 -9 50 -10 51 -11 52 -12 53 -13 54 -14 55 -15 56 -16 57 -17 58 -18 59 -19 61 -1 62 -2 63 -3 64 -4 65 -5 66 -6 67 -7 68 -8 69 -9 70 -10 71 -11 72 -12 73 -13 74 -14 75 -15 76 -16 77 -17 78 -18 79 -19 81 -1 82 -2 83 -3 84 -4 85 -5 86 -6 87 -7 88 -8 89 -9 90 -10 91 -11 92 -12 93 -13 94 -14 95 -15 96 -16 97 -17 98 -18 99 -19 101 -1 102 -2 103 -3 104 -4 105 -5 106 -6 107 -7 108 -8 109 -9 110 -10 111 -11 112 -12 113 -13 114 -14 115 -15 116 -16 117 -17 118 -18 119 -19 121 -1 122 -2 123 -3 124 -4 125 -5 126 -6 127 -7 128 -8 129 -9 130 -10 131 -11 132 -12 133 -13 134 -14 135 -15 136 -16 137 -17 138 -18 139 -19 141 -1 142 -2 143 -3 144 -4 145 -5 146 -6 147 -7 148 -8 149 -9 150 -10 151 -11 152 -12 153 -13 154 -14 155 -15 156 -16 157 -17 158 -18 159 -19
1 20 160 1 161 1 162 1 163 1 164 1 165 1 166 1 167 1 168 1 169 1 170 1 171 1 172 1 173 1 174 1 175 1 176 1 177 1 178 1 179 1
-1 20 160 -1 161 -1 162 -1 163 -1 164 -1 165 -1 166 -1 167 -1 168 -1 169 -1 170 -1 171 -1 172 -1 173 -1 174 -1 175 -1 176 -1 177 -1 178 -1 179 -1
47 171 1 1 2 2 3 3 4 4 5 5 6 6 7 7 8 8 9 9 10 10 11 11 12 12 13 13 14 14 15 15 16 16 17 17 18 18 19 19 21 1 22 2 23 3 24 4 25 5 26 6 27 7 28 8 29 9 30 10 31 11 32 12 33 13 34 14 35 15 36 16 37 17 38 18 39 19 41 1 42 2 43 3 44 4 45 5 46 6 47 7 48 8 49 9 50 10 51 11 52 12 53 13 54 14 55 15 56 16 57 17 58 18 59 19 61 1 62 2 63 3 64 4 65 5 66 6 67 7 68 8 69 9 70 10 71 11 72 12 73 13 74 14 75 15 76 16 77 17 78 18 79 19 81 1 82 2 83 3 84 4 85 5 86 6 87 7 88 8 89 9 90 10 91 11 92 12 93 13 94 14 95 15 96 16 97 17 98 18 99 19 101 1 102 2 103 3 104 4 105 5 106 6 107 7 108 8 109 9 110 10 111 11 112 12 113 13 114 14 115 15 116 16 117 17 118 18 119 19 121 1 122 2 123 3 124 4 125 5 126 6 127 7 128 8 129 9 130 10 131 11 132 12 133 13 134 14 135 15 136 16 137 17 138 18 139 19 141 1 142 2 143 3 144 4 145 5 146 6 147 7 148 8 149 9 150 10 151 11 152 12 153 13 154 14 155 15 156 16 157 17 158 18 159 19 161 1 162 2 163 3 164 4 165 5 166 6 167 7 168 8 169 9 170 10 171 11 172 12 173 13 174 14 175 15 176 16 177 17 178 18 179 19
-56 171 1 -1 2 -2 3 -3 4 -4 5 -5 6 -6 7 -7 8 -8 9 -9 10 -10 11 -11 12 -12 13 -13 14 -14 15 -15 16 -16 17 -17 18 -18 19 -19 21 -1 22 -2 23 -3 24 -4 25 -5 26 -6 27 -7 28 -8 29 -9 30 -10 31 -11 32 -12 33 -13 34 -14 35 -15 36 -16 37 -17 38 -18 39 -19 41 -1 42 -2 43 -3 44 -4 45 -5 46 -6 47 -7 48 -8 49 -9 50 -10 51 -11 52 -12 53 -13 54 -14 55 -15 56 -16 57 -17 58 -18 59 -19 61 -1 62 -2 63 -3 64 -4 65 -5 66 -6 67 -7 68 -8 69 -9 70 -10 71 -11 72 -12 73 -13 74 -14 75 -15 76 -16 77 -17 78 -18 79 -19 81 -1 82 -2 83 -3 84 -4 85 -5 86 -6 87 -7 88 -8 89 -9 90 -10 91 -11 92 -12 93 -13 94 -14 95 -15 96 -16 97 -17 98 -18 99 -19 101 -1 102 -2 103 -3 104 -4 105 -5 106 -6 107 -7 108 -8 109 -9 110 -10 111 -11 112 -12 113 -13 114 -14 115 -15 116 -16 117 -17 118 -18 119 -19 121 -1 122 -2 123 -3 124 -4 125 -5 126 -6 127 -7 128 -8 129 -9 130 -10 131 -11 132 -12 133 -13 134 -14 135 -15 136 -16 137 -17 138 -18 139 -19 141 -1 142 -2 143 -3 144 -4 145 -5 146 -6 147 -7 148 -8 149 -9 150 -10 151 -11 152 -12 153 -13 154 -14 155 -15 156 -16 157 -17 158 -18 159 -19 161 -1 162 -2 163 -3 164 -4 165 -5 166 -6 167 -7 168 -8 169 -9 170 -10 171 -11 172 -12 173 -13 174 -14 175 -15 176 -16 177 -17 178 -18 179 -19
1 20 180 1 181 1 182 1 183 1 184 1 185 1 186 1 187 1 188 1 189 1 190 1 191 1 192 1 193 1 194 1 195 1 196 1 197 1 198 1 199 1
-1 20 180 -1 181 -1 182 -1 183 -1 184 -1 185 -1 186 -1 187 -1 188 -1 189 -1 190 -1 191 -1 192 -1 193 -1 194 -1 195 -1 196 -1 197 -1 198 -1 199 -1
55 190 1 1 2 2 3 3 4 4 5 5 6 6 7 7 8 8 9 9 10 10 11 11 12 12 13 13 14 14 15 15 16 16 17 17 18 18 19 19 21 1 22 2 23 3 24 4 25 5 26 6 27 7 28 8 29 9 30 10 31 11 32 12 33 13 34 14 35 15 36 16 37 17 38 18 39 19 41 1 42 2 43 3 44 4 45 5 46 6 47 7 48 8 49 9 50 10 51 11 52 12 53 13 54 14 55 15 56 16 57 17 58 18 59 19 61 1 62 2 63 3 64 4 65 5 66 6 67 7 68 8 69 9 70 10 71 11 72 12 73 13 74 14 75 15 76 16 77 17 78 18 79 19 81 1 82 2 83 3 84 4 85 5 86 6 87 7 88 8 89 9 90 10 91 11 92 12 93 13 94 14 95 15 96 16 97 17 98 18 99 19 101 1 102 2 103 3 104 4 105 5 106 6 107 7 108 8 109 9 110 10 111 11 112 12 113 13 114 14 115 15 116 16 117 17 118 18 119 19 121 1 122 2 123 3 124 4 125 5 126 6 127 7 128 8 129 9 130 10 131 11 132 12 133 13 134 14 135 15 136 16 137 17 138 18 139 19 141 1 142 2 143 3 144 4 145 5 146 6 147 7 148 8 149 9 150 10 151 11 152 12 153 13 154 14 155 15 156 16 157 17 158 18 159 19 161 1 162 2 163 3 164 4 165 5 166 6 167 7 168 8 169 9 170 10 171 11 172 12 173 13 174 14 175 15 176 16 177 17 178 18 179 19 181 1 182 2 183 3 184 4 185 5 186 6 187 7 188 8 189 9 190 10 191 11 192 12 193 13 194 14 195 15 196 16 197 17 198 18 199 19
-64 190 1 -1 2 -2 3 -3 4 -4 5 -5 6 -6 7 -7 8 -8 9 -9 10 -10 11 -11 12 -12 13 -13 14 -14 15 -15 16 -16 17 -17 18 -18 19 -19 21 -1 22 -2 23 -3 24 -4 25 -5 26 -6 27 -7 28 -8 29 -9 30 -10 31 -11 32 -12 33 -13 34 -14 35 -15 36 -16 37 -17 38 -18 39 -19 41 -1 42 -2 43 -3 44 -4 45 -5 46 -6 47 -7 48 -8 49 -9 50 -10 51 -11 52 -12 53 -13 54 -14 55 -15 56 -16 57 -17 58 -18 59 -19 61 -1 62 -2 63 -3 64 -4 65 -5 66 -6 67 -7 68 -8 69 -9 70 -10 71 -11 72 -12 73 -13 74 -14 75 -15 76 -16 77 -17 78 -18 79 -19 81 -1 82 -2 83 -3 84 -4 85 -5 86 -6 87 -7 88 -8 89 -9 90 -10 91 -11 92 -12 93 -13 94 -14 95 -15 96 -16 97 -17 98 -18 99 -19 101 -1 102 -2 103 -3 104 -4 105 -5 106 -6 107 -7 108 -8 109 -9 110 -10 111 -11 112 -12 113 -13 114 -14 115 -15 116 -16 117 -17 118 -18 119 -19 121 -1 122 -2 123 -3 124 -4 125 -5 126 -6 127 -7 128 -8 129 -9 130 -10 131 -11 132 -12 133 -13 134 -14 135 -15 136 -16 137 -17 138 -18 139 -19 141 -1 142 -2 143 -3 144 -4 145 -5 146 -6 147 -7 148 -8 149 -9 150 -10 151 -11 152 -12 153 -13 154 -14 155 -15 156 -16 157 -17 158 -18 159 -19 161 -1 162 -2 163 -3 164 -4 165 -5 166 -6 167 -7 168 -8 169 -9 170 -10 171 -11 172 -12 173 -13 174 -14 175 -15 176 -16 177 -17 178 -18 179 -19 181 -1 182 -2 183 -3 184 -4 185 -5 186 -6 187 -7 188 -8 189 -9 190 -10 191 -11 192 -12 193 -13 194 -14 195 -15 196 -16 197 -17 198 -18 199 -19
1 20 200 1 201 1 202 1 203 1 204 1 205 1 206 1 207 1 208 1 209 1 210 1 211 1 212 1 213 1 214 1 215 1 216 1 217 1 218 1 219 1
-1 20 200 -1 201 -1 202 -1 203 -1 204 -1 205 -1 206 -1 207 -1 208 -1 209 -1 210 -1 211 -1 212 -1 213 -1 214 -1 215 -1 216 -1 217 -1 218 -1 219 -1
63 209 1 1 2 2 3 3 4 4 5 5 6 6 7 7 8 8 9 9 10 10 11 11 12 12 13 13 14 14 15 15 16 16 17 17 18 18 19 19 21 1 22 2 23 3 24 4 25 5 26 6 27 7 28 8 29 9 30 10 31 11 32 12 33 13 34 14 35 15 36 16 37 17 38 18 39 19 41 1 42 2 43 3 44 4 45 5 46 6 47 7 48 8 49 9 50 10 51 11 52 12 53 13 54 14 55 15 56 16 57 17 58 18 59 19 61 1 62 2 63 3 64 4 65 5 66 6 67 7 68 8 69 9 70 10 71 11 72 12 73 13 74 14 75 15 76 16 77 17 78 18 79 19 81 1 82 2 83 3 84 4 85 5 86 6 87 7 88 8 89 9 90 10 91 11 92 12 93 13 94 14 95 15 96 16 97 17 98 18 99 19 101 1 102 2 103 3 104 4 105 5 106 6 107 7 108 8 109 9 110 10 111 11 112 12 113 13 114 14 115 15 116 16 117 17 118 18 119 19 121 1 122 2 123 3 124 4 125 5 126 6 127 7 128 8 129 9 130 10 131 11 132 12 133 13 134 14 135 15 136 16 137 17 138 18 139 19 141 1 142 2 143 3 144 4 145 5 146 6 147 7 148 8 149 9 150 10 151 11 152 12 153 13 154 14 155 15 156 16 157 17 158 18 159 19 161 1 162 2 163 3 164 4 165 5 166 6 167 7 168 8 169 9 170 10 171 11 172 12 173 13 174 14 175 15 176 16 177 17 178 18 179 19 181 1 182 2 183 3 184 4 185 5 186 6 187 7 188 8 189 9 190 10 191 11 192 12 193 13 194 14 195 15 196 16 197 17 198 18 199 19 201 1 202 2 203 3 204 4 205 5 206 6 207 7 208 8 209 9 210 10 211 11 212 12 213 13 214 14 215 15 216 16 217 17 218 18 219 19
-72 209 1 -1 2 -2 3 -3 4 -4 5 -5 6 -6 7 -7 8 -8 9 -9 10 -10 11 -11 12 -12 13 -13 14 -14 15 -15 16 -16 17 -17 18 -18 19 -19 21 -1 22 -2 23 -3 24 -4 25 -5 26 -6 27 -7 28 -8 29 -9 30 -10 31 -11 32 -12 33 -13 34 -14 35 -15 36 -16 37 -17 38 -18 39 -19 41 -1 42 -2 43 -3 44 -4 45 -5 46 -6 47 -7 48 -8 49 -9 50 -10 51 -11 52 -12 53 -13 54 -14 55 -15 56 -16 57 -17 58 -18 59 -19 61 -1 62 -2 63 -3 64 -4 65 -5 66 -6 67 -7 68 -8 69 -9 70 -10 71 -11 72 -12 73 -13 74 -14 75 -15 76 -16 77 -17 78 -18 79 -19 81 -1 82 -2 83 -3 84 -4 85 -5 86 -6 87 -7 88 -8 89 -9 90 -10 91 -11 92 -12 93 -13 94 -14 95 -15 96 -16 97 -17 98 -18 99 -19 101 -1 102 -2 103 -3 104 -4 105 -5 106 -6 107 -7 108 -8 109 -9 110 -10 111 -11 112 -12 113 -13 114 -14 115 -15 116 -16 117 -17 118 -18 119 -19 121 -1 122 -2 123 -3 124 -4 125 -5 126 -6 127 -7 128 -8 129 -9 130 -10 131 -11 132 -12 133 -13 134 -14 135 -15 136 -16 137 -17 138 -18 139 -19 141 -1 142 -2 143 -3 144 -4 145 -5 146 -6 147 -7 148 -8 149 -9 150 -10 151 -11 152 -12 153 -13 154 -14 155 -15 156 -16 157 -17 158 -18 159 -19 161 -1 162 -2 163 -3 164 -4 165 -5 166 -6 167 -7 168 -8 169 -9 170 -10 171 -11 172 -12 173 -13 174 -14 175 -15 176 -16 177 -17 178 -18 179 -19 181 -1 182 -2 183 -3 184 -4 185 -5 186 -6 187 -7 188 -8 189 -9 190 -10 191 -11 192 -12 193 -13 194 -14 195 -15 196 -16 197 -17 198 -18 199 -19 201 -1 202 -2 203 -3 204 -4 205 -5 206 -6 207 -7 208 -8 209 -9 210 -10 211 -11 212 -12 213 -13 214 -14 215 -15 216 -16 217 -17 218 -18 219 -19
1 20 220 1 221 1 222 1 223 1 224 1 225 1 226 1 227 1 228 1 229 1 230 1 231 1 232 1 233 1 234 1 235 1 236 1 237 1 238 1 239 1
-1 20 220 -1 221 -1 222 -1 223 -1 224 -1 225 -1 226 -1 227 -1 228 -1 229 -1 230 -1 231 -1 232 -1 233 -1 234 -1 235 -1 236 -1 237 -1 238 -1 239 -1
70 228 1 1 2 2 3 3 4 4 5 5 6 6 7 7 8 8 9 9 10 10 11 11 12 12 13 13 14 14 15 15 16 16 17 17 18 18 19 19 21 1 22 2 23 3 24 4 25 5 26 6 27 7 28 8 29 9 30 10 31 11 32 12 33 13 34 14 35 15 36 16 37 17 38 18 39 19 41 1 42 2 43 3 44 4 45 5 46 6 47 7 48 8 49 9 50 10 51 11 52 12 53 13 54 14 55 15 56 16 57 17 58 18 59 19 61 1 62 2 63 3 64 4 65 5 66 6 67 7 68 8 69 9 70 10 71 11 72 12 73 13 74 14 75 15 76 16 77 17 78 18 79 19 81 1 82 2 83 3 84 4 85 5 86 6 87 7 88 8 89 9 90 10 91 11 92 12 93 13 94 14 95 15 96 16 97 17 98 18 99 19 101 1 102 2 103 3 104 4 105 5 106 6 107 7 108 8 109 9 110 10 111 11 112 12 113 13 114 14 115 15 116 16 117 17 118 18 119 19 121 1 122 2 123 3 124 4 125 5 126 6 127 7 128 8 129 9 130 10 131 11 132 12 133 13 134 14 135 15 136 16 137 17 138 18 139 19 141 1 142 2 143 3 144 4 145 5 146 6 147 7 148 8 149 9 150 10 151 11 152 12 153 13 154 14 155 15 156 16 157 17 158 18 159 19 161 1 162 2 163 3 164 4 165 5 166 6 167 7 168 8 169 9 170 10 171 11 172 12 173 13 174 14 175 15 176 16 177 17 178 18 179 19 181 1 182 2 183 3 184 4 185 5 186 6 187 7 188 8 189 9 190 10 191 11 192 12 193 13 194 14 195 15 196 16 197 17 198 18 199 19 201 1 202 2 203 3 204 4 205 5 206 6 207 7 208 8 209 9 210 10 211 11 212 12 213 13 214 14 215 15 216 16 217 17 218 18 219 19 221 1 222 2 223 3 224 4 225 5 226 6 227 7 228 8 229 9 230 10 231 11 232 12 233 13 234 14 235 15 236 16 237 17 238 18 239 19
-79 228 1 -1 2 -2 3 -3 4 -4 5 -5 6 -6 7 -7 8 -8 9 -9 10 -10 11 -11 12 -12 13 -13 14 -14 15 -15 16 -16 17 -17 18 -18 19 -19 21 -1 22 -2 23 -3 24 -4 25 -5 26 -6 27 -7 28 -8 29 -9 30 -10 31 -11 32 -12 33 -13 34 -14 35 -15 36 -16 37 -17 38 -18 39 -19 41 -1 42 -2 43 -3 44 -4 45 -5 46 -6 47 -7 48 -8 49 -9 50 -10 51 -11 52 -12 53 -13 54 -14 55 -15 56 -16 57 -17 58 -18 59 -19 61 -1 62 -2 63 -3 64 -4 65 -5 66 -6 67 -7 68 -8 69 -9 70 -10 71 -11 72 -12 73 -13 74 -14 75 -15 76 -16 77 -17 78 -18 79 -19 81 -1 82 -2 83 -3 84 -4 85 -5 86 -6 87 -7 88 -8 89 -9 90 -10 91 -11 92 -12 93 -13 94 -14 95 -15 96 -16 97 -17 98 -18 99 -19 101 -1 102 -2 103 -3 104 -4 105 -5 106 -6 107 -7 108 -8 109 -9 110 -10 111 -11 112 -12 113 -13 114 -14 115 -15 116 -16 117 -17 118 -18 119 -19 121 -1 122 -2 123 -3 124 -4 125 -5 126 -6 127 -7 128 -8 129 -9 130 -10 131 -11 132 -12 133 -13 134 -14 135 -15 136 -16 137 -17 138 -18 139 -19 141 -1 142 -2 143 -3 144 -4 145 -5 146 -6 147 -7 148 -8 149 -9 150 -10 151 -11 152 -12 153 -13 154 -14 155 -15 156 -16 157 -17 158 -18 159 -19 161 -1 162 -2 163 -3 164 -4 165 -5 166 -6 167 -7 168 -8 169 -9 170 -10 171 -11 172 -12 173 -13 174 -14 175 -15 176 -16 177 -17 178 -18 179 -19 181 -1 182 -2 183 -3 184 -4 185 -5 186 -6 187 -7 188 -8 189 -9 190 -10 191 -11 192 -12 193 -13 194 -14 195 -15 196 -16 197 -17 198 -18 199 -19 201 -1 202 -2 203 -3 204 -4 205 -5 206 -6 207 -7 208 -8 209 -9 210 -10 211 -11 212 -12 213 -13 214 -14 215 -15 216 -16 217 -17 218 -18 219 -19 221 -1 222 -2 223 -3 224 -4 225 -5 226 -6 227 -7 228 -8 229 -9 230 -10 231 -11 232 -12 233 -13 234 -14 235 -15 236 -16 237 -17 238 -18 239 -19
70 228 1 1 2 2 3 3 4 4 5 5 6 6 7 7 8 8 9 9 10 10 11 11 12 12 13 13 14 14 15 15 16 16 17 17 18 18 19 19 21 1 22 2 23 3 24 4 25 5 26 6 27 7 28 8 29 9 30 10 31 11 32 12 33 13 34 14 35 15 36 16 37 17 38 18 39 19 41 1 42 2 43 3 44 4 45 5 46 6 47 7 48 8 49 9 50 10 51 11 52 12 53 13 54 14 55 15 56 16 57 17 58 18 59 19 61 1 62 2 63 3 64 4 65 5 66 6 67 7 68 8 69 9 70 10 71 11 72 12 73 13 74 14 75 15 76 16 77 17 78 18 79 19 81 1 82 2 83 3 84 4 85 5 86 6 87 7 88 8 89 9 90 10 91 11 92 12 93 13 94 14 95 15 96 16 97 17 98 18 99 19 101 1 102 2 103 3 104 4 105 5 106 6 107 7 108 8 109 9 110 10 111 11 112 12 113 13 114 14 115 15 116 16 117 17 118 18 119 19 121 1 122 2 123 3 124 4 125 5 126 6 127 7 128 8 129 9 130 10 131 11 132 12 133 13 134 14 135 15 136 16 137 17 138 18 139 19 141 1 142 2 143 3 144 4 145 5 146 6 147 7 148 8 149 9 150 10 151 11 152 12 153 13 154 14 155 15 156 16 157 17 158 18 159 19 161 1 162 2 163 3 164 4 165 5 166 6 167 7 168 8 169 9 170 10 171 11 172 12 173 13 174 14 175 15 176 16 177 17 178 18 179 19 181 1 182 2 183 3 184 4 185 5 186 6 187 7 188 8 189 9 190 10 191 11 192 12 193 13 194 14 195 15 196 16 197 17 198 18 199 19 201 1 202 2 203 3 204 4 205 5 206 6 207 7 208 8 209 9 210 10 211 11 212 12 213 13 214 14 215 15 216 16 217 17 218 18 219 19 221 1 222 2 223 3 224 4 225 5 226 6 227 7 228 8 229 9 230 10 231 11 232 12 233 13 234 14 235 15 236 16 237 17 238 18 239 19
-70 228 1 -1 2 -2 3 -3 4 -4 5 -5 6 -6 7 -7 8 -8 9 -9 10 -10 11 -11 12 -12 13 -13 14 -14 15 -15 16 -16 17 -17 18 -18 19 -19 21 -1 22 -2 23 -3 24 -4 25 -5 26 -6 27 -7 28 -8 29 -9 30 -10 31 -11 32 -12 33 -13 34 -14 35 -15 36 -16 37 -17 38 -18 39 -19 41 -1 42 -2 43 -3 44 -4 45 -5 46 -6 47 -7 48 -8 49 -9 50 -10 51 -11 52 -12 53 -13 54 -14 55 -15 56 -16 57 -17 58 -18 59 -19 61 -1 62 -2 63 -3 64 -4 65 -5 66 -6 67 -7 68 -8 69 -9 70 -10 71 -11 72 -12 73 -13 74 -14 75 -15 76 -16 77 -17 78 -18 79 -19 81 -1 82 -2 83 -3 84 -4 85 -5 86 -6 87 -7 88 -8 89 -9 90 -10 91 -11 92 -12 93 -13 94 -14 95 -15 96 -16 97 -17 98 -18 99 -19 101 -1 102 -2 103 -3 104 -4 105 -5 106 -6 107 -7 108 -8 109 -9 110 -10 111 -11 112 -12 113 -13 114 -14 115 -15 116 -16 117 -17 118 -18 119 -19 121 -1 122 -2 123 -3 124 -4 125 -5 126 -6 127 -7 128 -8 129 -9 130 -10 131 -11 132 -12 133 -13 134 -14 135 -15 136 -16 137 -17 138 -18 139 -19 141 -1 142 -2 143 -3 144 -4 145 -5 146 -6 147 -7 148 -8 149 -9 150 -10 151 -11 152 -12 153 -13 154 -14 155 -15 156 -16 157 -17 158 -18 159 -19 161 -1 162 -2 163 -3 164 -4 165 -5 166 -6 167 -7 168 -8 169 -9 170 -10 171 -11 172 -12 173 -13 174 -14 175 -15 176 -16 177 -17 178 -18 179 -19 181 -1 182 -2 183 -3 184 -4 185 -5 186 -6 187 -7 188 -8 189 -9 190 -10 191 -11 192 -12 193 -13 194 -14 195 -15 196 -16 197 -17 198 -18 199 -19 201 -1 202 -2 203 -3 204 -4 205 -5 206 -6 207 -7 208 -8 209 -9 210 -10 211 -11 212 -12 213 -13 214 -14 215 -15 216 -16 217 -17 218 -18 219 -19 221 -1 222 -2 223 -3 224 -4 225 -5 226 -6 227 -7 228 -8 229 -9 230 -10 231 -11 232 -12 233 -13 234 -14 235 -15 236 -16 237 -17 238 -18 239 -19
incumbent 1
0 0 0 0 0 0 0 1 0 0 0 0 0 0 0 0 0 0 0 0 0 0 0 0 0 0 0 0 1 0 0 0 0 0 0 0 0 0 0 0 0 0 0 0 0 0 0 0 1 0 0 0 0 0 0 0 0 0 0 0 0 0 0 1 0 0 0 0 0 0 0 0 0 0 0 0 0 0 0 0 0 0 1 0 0 0 0 0 0 0 0 0 0 0 0 0 0 0 0 0 0 0 0 1 0 0 0 0 0 0 0 0 0 0 0 0 0 0 0 0 0 0 0 1 0 0 0 0 0 0 0 0 0 0 0 0 0 0 0 0 0 0 0 0 0 1 0 0 0 0 0 0 0 0 0 0 0 0 0 0 0 0 0 0 0 0 0 0 1 0 0 0 0 0 0 0 0 0 0 0 0 0 0 0 0 0 0 0 1 0 0 0 0 0 0 0 0 0 0 0 0 0 0 0 0 0 0 0 1 0 0 0 0 0 0 0 0 0 0 0 0 0 0 0 0 0 0 1 0 0 0 0 0 0 0 0 0 0 0 0
