200 100
-28 -8 -10 -22 -38 -44 -7 -34 -27 -22 -23 -48 -30 -26 -36 -27 -35 -33 -39 -38 -41 -25 -23 -11 -39 -19 -43 -38 -18 -42 -26 -15 -45 -46 -18 -47 -20 -6 -21 -48 -7 -27 -13 -48 -33 -8 -6 -38 -31 -47 -8 -38 -6 -44 -9 -25 -13 -15 -15 -41 -8 -8 -23 -22 -5 -18 -24 -31 -32 -27 -33 -34 -40 -28 -47 -27 -48 -33 -48 -44 -8 -37 -15 -46 -18 -14 -35 -12 -42 -21 -9 -29 -41 -23 -50 -24 -24 -43 -40 -10 -38 -6 -36 -19 -34 -33 -25 -42 -6 -9 -22 -39 -23 -44 -44 -44 -49 -10 -5 -34 -41 -22 -8 -43 -20 -6 -13 -25 -45 -36 -41 -39 -33 -25 -40 -30 -41 -37 -41 -11 -5 -5 -24 -26 -31 -49 -16 -29 -16 -12 -41 -41 -44 -47 -22 -33 -21 -15 -47 -42 -15 -48 -12 -33 -39 -27 -32 -43 -32 -6 -42 -18 -21 -22 -41 -34 -7 -32 -44 -27 -23 -48 -26 -30 -40 -45 -19 -43 -48 -30 -35 -34 -40 -42 -16 -5 -35 -6 -23 -26
-1 5 36 -1 68 -1 118 -1 122 -1 195 -1
-1 2 29 -1 181 -1
-1 4 68 -1 124 -1 188 -1 196 -1
-1 3 46 -1 122 -1 131 -1
-1 1 44 -1
-1 5 69 -1 91 -1 181 -1 193 -1 195 -1
-1 3 24 -1 97 -1 165 -1
-1 5 20 -1 50 -1 121 -1 172 -1 188 -1
-1 2 82 -1 126 -1
-1 5 34 -1 159 -1 162 -1 170 -1 183 -1
-1 6 3 -1 24 -1 45 -1 149 -1 165 -1 184 -1
-1 9 26 -1 63 -1 110 -1 116 -1 118 -1 129 -1 167 -1 173 -1 181 -1
-1 2 48 -1 63 -1
-1 8 2 -1 5 -1 16 -1 66 -1 87 -1 157 -1 167 -1 184 -1
-1 3 73 -1 158 -1 176 -1
-1 6 55 -1 58 -1 63 -1 78 -1 125 -1 144 -1
-1 9 21 -1 25 -1 51 -1 73 -1 124 -1 154 -1 159 -1 187 -1 193 -1
-1 7 31 -1 68 -1 80 -1 103 -1 119 -1 137 -1 162 -1
-1 2 39 -1 195 -1
-1 10 34 -1 39 -1 40 -1 41 -1 42 -1 49 -1 70 -1 111 -1 118 -1 191 -1
-1 4 6 -1 102 -1 129 -1 151 -1
-1 5 70 -1 112 -1 120 -1 128 -1 143 -1
-1 3 67 -1 174 -1 186 -1
-1 3 0 -1 7 -1 130 -1
-1 4 1 -1 2 -1 6 -1 17 -1
-1 7 49 -1 67 -1 79 -1 83 -1 97 -1 102 -1 153 -1
-1 4 18 -1 38 -1 60 -1 93 -1
-1 10 11 -1 17 -1 79 -1 89 -1 115 -1 121 -1 139 -1 148 -1 166 -1 188 -1
-1 4 99 -1 138 -1 147 -1 199 -1
-1 5 1 -1 30 -1 142 -1 170 -1 183 -1
-1 5 31 -1 98 -1 136 -1 150 -1 179 -1
-1 6 2 -1 10 -1 65 -1 76 -1 101 -1 152 -1
-1 6 72 -1 75 -1 92 -1 99 -1 137 -1 150 -1
-1 4 7 -1 12 -1 85 -1 180 -1
-1 2 1 -1 113 -1
-1 2 12 -1 88 -1
-1 4 33 -1 81 -1 135 -1 172 -1
-1 5 15 -1 33 -1 142 -1 147 -1 194 -1
-1 8 16 -1 37 -1 68 -1 89 -1 131 -1 153 -1 156 -1 162 -1
-1 7 9 -1 53 -1 60 -1 86 -1 94 -1 113 -1 147 -1
-1 4 3 -1 19 -1 53 -1 84 -1
-1 6 20 -1 26 -1 33 -1 143 -1 154 -1 179 -1
-1 5 94 -1 114 -1 133 -1 155 -1 183 -1
-1 1 115 -1
-1 2 26 -1 39 -1
-1 6 13 -1 101 -1 104 -1 125 -1 159 -1 196 -1
-1 6 54 -1 69 -1 76 -1 82 -1 150 -1 186 -1
-1 8 3 -1 5 -1 35 -1 58 -1 61 -1 149 -1 156 -1 163 -1
-1 4 71 -1 79 -1 131 -1 187 -1
-1 7 18 -1 29 -1 58 -1 115 -1 137 -1 146 -1 164 -1
-1 0
-1 10 20 -1 30 -1 31 -1 34 -1 91 -1 103 -1 147 -1 151 -1 152 -1 186 -1
-1 3 77 -1 105 -1 140 -1
-1 5 12 -1 85 -1 144 -1 171 -1 184 -1
-1 7 52 -1 105 -1 117 -1 161 -1 180 -1 182 -1 194 -1
-1 4 54 -1 102 -1 109 -1 186 -1
-1 3 42 -1 88 -1 157 -1
-1 6 19 -1 54 -1 57 -1 165 -1 167 -1 182 -1
-1 2 49 -1 116 -1
-1 7 0 -1 57 -1 69 -1 90 -1 128 -1 189 -1 194 -1
-1 4 98 -1 177 -1 189 -1 196 -1
-1 6 13 -1 28 -1 42 -1 78 -1 104 -1 160 -1
-1 4 75 -1 145 -1 149 -1 161 -1
-1 5 28 -1 73 -1 104 -1 127 -1 141 -1
-1 4 23 -1 32 -1 83 -1 188 -1
-1 3 32 -1 53 -1 102 -1
-1 5 8 -1 43 -1 84 -1 142 -1 180 -1
-1 7 22 -1 60 -1 88 -1 103 -1 120 -1 162 -1 199 -1
-1 2 26 -1 157 -1
-1 5 35 -1 95 -1 128 -1 175 -1 194 -1
-1 6 14 -1 24 -1 110 -1 115 -1 168 -1 198 -1
-1 3 15 -1 77 -1 85 -1
-1 4 130 -1 143 -1 146 -1 150 -1
-1 5 62 -1 81 -1 113 -1 144 -1 165 -1
-1 7 28 -1 39 -1 75 -1 100 -1 103 -1 119 -1 155 -1
-1 5 15 -1 78 -1 87 -1 105 -1 173 -1
-1 7 12 -1 36 -1 43 -1 109 -1 114 -1 155 -1 184 -1
-1 4 16 -1 55 -1 172 -1 179 -1
-1 0
-1 6 44 -1 53 -1 82 -1 130 -1 154 -1 173 -1
-1 8 32 -1 48 -1 49 -1 54 -1 59 -1 93 -1 161 -1 173 -1
-1 3 57 -1 176 -1 192 -1
-1 5 27 -1 42 -1 185 -1 187 -1 189 -1
-1 5 30 -1 78 -1 96 -1 106 -1 196 -1
-1 2 30 -1 195 -1
-1 1 127 -1
-1 7 64 -1 69 -1 110 -1 119 -1 131 -1 146 -1 171 -1
-1 3 123 -1 158 -1 189 -1
-1 1 90 -1
-1 8 71 -1 77 -1 94 -1 110 -1 113 -1 122 -1 123 -1 142 -1
-1 5 14 -1 64 -1 108 -1 112 -1 190 -1
-1 6 34 -1 70 -1 79 -1 95 -1 168 -1 169 -1
-1 4 137 -1 163 -1 178 -1 197 -1
-1 7 33 -1 44 -1 50 -1 74 -1 95 -1 134 -1 149 -1
-1 8 21 -1 63 -1 97 -1 104 -1 127 -1 141 -1 143 -1 174 -1
-1 4 2 -1 4 -1 146 -1 172 -1
-1 8 10 -1 24 -1 25 -1 47 -1 50 -1 70 -1 107 -1 132 -1
-1 4 55 -1 88 -1 91 -1 156 -1
-1 3 56 -1 89 -1 106 -1
-1 4 75 -1 154 -1 176 -1 185 -1
incumbent 1
0 0 0 0 1 0 0 1 1 0 0 1 0 0 0 0 0 0 0 1 0 0 1 1 0 0 0 1 0 0 0 0 0 0 0 0 1 0 1 0 0 0 0 0 0 1 1 0 0 0 0 1 0 0 0 1 1 0 0 1 0 1 1 0 0 0 1 0 0 0 0 1 0 0 1 0 1 0 0 0 1 0 0 0 0 0 1 0 0 0 1 0 1 0 0 0 1 0 0 0 1 0 0 0 0 1 0 1 0 0 0 1 0 0 0 0 1 0 0 0 0 0 0 0 0 0 1 0 0 0 0 0 0 1 0 1 1 0 1 0 0 0 0 0 0 1 0 0 0 0 0 1 0 1 0 0 0 0 1 0 1 0 0 0 1 0 0 0 0 1 1 1 0 0 1 1 0 1 1 0 0 0 0 0 0 0 0 0 0 0 1 0 1 0 0 0 0 0 1 0
