288 332
1 11 6 15 6 25 10 15 13 10 17 20 16 18 25 3 4 7 12 9 24 17 3 9 10 13 12 10 7 19 10 19 7 6 6 20 19 14 7 8 4 9 3 3 10 19 17 15 15 19 6 19 14 18 18 9 19 8 15 14 3 13 10 7 10 16 4 10 19 9 2 24 5 10 25 7 14 22 9 5 6 18 11 23 4 2 7 18 7 25 2 1 11 16 14 10 4 5 18 13 18 16 13 13 23 17 7 7 2 6 12 2 18 17 5 15 11 5 11 14 2 15 14 5 12 20 1 8 14 5 9 15 10 4 16 8 20 24 6 10 10 5 9 21 17 4 11 17 5 16 13 15 20 3 8 8 18 7 13 7 2 9 9 2 13 8 10 13 16 17 25 5 2 19 2 4 19 8 2 11 15 5 8 6 10 15 12 6 20 13 15 6 18 11 14 9 8 6 16 16 20 2 20 24 17 13 16 16 1 14 5 8 13 1 17 16 8 8 14 16 17 20 8 8 10 14 12 25 10 7 9 11 1 24 11 1 7 8 17 18 12 13 16 14 3 20 13 6 21 8 8 9 6 2 9 14 12 21 9 12 17 7 17 24 7 15 23 16 1 24 9 9 7 9 4 11 4 1 21 5 10 23 8 2 7 16 7 21
-1 3 0 -1 1 -1 2 -1
-1 3 3 -1 4 -1 5 -1
-1 3 6 -1 7 -1 8 -1
-1 3 9 -1 10 -1 11 -1
-1 3 12 -1 13 -1 14 -1
-1 3 15 -1 16 -1 17 -1
-1 3 18 -1 19 -1 20 -1
-1 3 21 -1 22 -1 23 -1
-1 3 24 -1 25 -1 26 -1
-1 3 27 -1 28 -1 29 -1
-1 3 30 -1 31 -1 32 -1
-1 3 33 -1 34 -1 35 -1
-6 36 0 -1 1 -1 2 -1 3 -1 4 -1 5 -1 6 -1 7 -1 8 -1 9 -1 10 -1 11 -1 12 -1 13 -1 14 -1 15 -1 16 -1 17 -1 18 -1 19 -1 20 -1 21 -1 22 -1 23 -1 24 -1 25 -1 26 -1 27 -1 28 -1 29 -1 30 -1 31 -1 32 -1 33 -1 34 -1 35 -1
-2 9 0 -1 1 -1 2 -1 3 -1 4 -1 5 -1 6 -1 7 -1 8 -1
-2 9 3 -1 4 -1 5 -1 6 -1 7 -1 8 -1 9 -1 10 -1 11 -1
-2 9 6 -1 7 -1 8 -1 9 -1 10 -1 11 -1 12 -1 13 -1 14 -1
-2 9 9 -1 10 -1 11 -1 12 -1 13 -1 14 -1 15 -1 16 -1 17 -1
-2 9 12 -1 13 -1 14 -1 15 -1 16 -1 17 -1 18 -1 19 -1 20 -1
-2 9 15 -1 16 -1 17 -1 18 -1 19 -1 20 -1 21 -1 22 -1 23 -1
-2 9 18 -1 19 -1 20 -1 21 -1 22 -1 23 -1 24 -1 25 -1 26 -1
-2 9 21 -1 22 -1 23 -1 24 -1 25 -1 26 -1 27 -1 28 -1 29 -1
-2 9 24 -1 25 -1 26 -1 27 -1 28 -1 29 -1 30 -1 31 -1 32 -1
-2 9 27 -1 28 -1 29 -1 30 -1 31 -1 32 -1 33 -1 34 -1 35 -1
-1 2 2 -1 3 -1
-1 2 5 -1 6 -1
-1 2 8 -1 9 -1
-1 2 11 -1 12 -1
-1 2 14 -1 15 -1
-1 2 17 -1 18 -1
-1 2 20 -1 21 -1
-1 2 23 -1 24 -1
-1 2 26 -1 27 -1
-1 2 29 -1 30 -1
-1 2 32 -1 33 -1
-1 3 36 -1 37 -1 38 -1
-1 3 39 -1 40 -1 41 -1
-1 3 42 -1 43 -1 44 -1
-1 3 45 -1 46 -1 47 -1
-1 3 48 -1 49 -1 50 -1
-1 3 51 -1 52 -1 53 -1
-1 3 54 -1 55 -1 56 -1
-1 3 57 -1 58 -1 59 -1
-1 3 60 -1 61 -1 62 -1
-1 3 63 -1 64 -1 65 -1
-1 3 66 -1 67 -1 68 -1
-1 3 69 -1 70 -1 71 -1
-6 36 36 -1 37 -1 38 -1 39 -1 40 -1 41 -1 42 -1 43 -1 44 -1 45 -1 46 -1 47 -1 48 -1 49 -1 50 -1 51 -1 52 -1 53 -1 54 -1 55 -1 56 -1 57 -1 58 -1 59 -1 60 -1 61 -1 62 -1 63 -1 64 -1 65 -1 66 -1 67 -1 68 -1 69 -1 70 -1 71 -1
-2 9 36 -1 37 -1 38 -1 39 -1 40 -1 41 -1 42 -1 43 -1 44 -1
-2 9 39 -1 40 -1 41 -1 42 -1 43 -1 44 -1 45 -1 46 -1 47 -1
-2 9 42 -1 43 -1 44 -1 45 -1 46 -1 47 -1 48 -1 49 -1 50 -1
-2 9 45 -1 46 -1 47 -1 48 -1 49 -1 50 -1 51 -1 52 -1 53 -1
-2 9 48 -1 49 -1 50 -1 51 -1 52 -1 53 -1 54 -1 55 -1 56 -1
-2 9 51 -1 52 -1 53 -1 54 -1 55 -1 56 -1 57 -1 58 -1 59 -1
-2 9 54 -1 55 -1 56 -1 57 -1 58 -1 59 -1 60 -1 61 -1 62 -1
-2 9 57 -1 58 -1 59 -1 60 -1 61 -1 62 -1 63 -1 64 -1 65 -1
-2 9 60 -1 61 -1 62 -1 63 -1 64 -1 65 -1 66 -1 67 -1 68 -1
-2 9 63 -1 64 -1 65 -1 66 -1 67 -1 68 -1 69 -1 70 -1 71 -1
-1 2 38 -1 39 -1
-1 2 41 -1 42 -1
-1 2 44 -1 45 -1
-1 2 47 -1 48 -1
-1 2 50 -1 51 -1
-1 2 53 -1 54 -1
-1 2 56 -1 57 -1
-1 2 59 -1 60 -1
-1 2 62 -1 63 -1
-1 2 65 -1 66 -1
-1 2 68 -1 69 -1
-1 3 72 -1 73 -1 74 -1
-1 3 75 -1 76 -1 77 -1
-1 3 78 -1 79 -1 80 -1
-1 3 81 -1 82 -1 83 -1
-1 3 84 -1 85 -1 86 -1
-1 3 87 -1 88 -1 89 -1
-1 3 90 -1 91 -1 92 -1
-1 3 93 -1 94 -1 95 -1
-1 3 96 -1 97 -1 98 -1
-1 3 99 -1 100 -1 101 -1
-1 3 102 -1 103 -1 104 -1
-1 3 105 -1 106 -1 107 -1
-6 36 72 -1 73 -1 74 -1 75 -1 76 -1 77 -1 78 -1 79 -1 80 -1 81 -1 82 -1 83 -1 84 -1 85 -1 86 -1 87 -1 88 -1 89 -1 90 -1 91 -1 92 -1 93 -1 94 -1 95 -1 96 -1 97 -1 98 -1 99 -1 100 -1 101 -1 102 -1 103 -1 104 -1 105 -1 106 -1 107 -1
-2 9 72 -1 73 -1 74 -1 75 -1 76 -1 77 -1 78 -1 79 -1 80 -1
-2 9 75 -1 76 -1 77 -1 78 -1 79 -1 80 -1 81 -1 82 -1 83 -1
-2 9 78 -1 79 -1 80 -1 81 -1 82 -1 83 -1 84 -1 85 -1 86 -1
-2 9 81 -1 82 -1 83 -1 84 -1 85 -1 86 -1 87 -1 88 -1 89 -1
-2 9 84 -1 85 -1 86 -1 87 -1 88 -1 89 -1 90 -1 91 -1 92 -1
-2 9 87 -1 88 -1 89 -1 90 -1 91 -1 92 -1 93 -1 94 -1 95 -1
-2 9 90 -1 91 -1 92 -1 93 -1 94 -1 95 -1 96 -1 97 -1 98 -1
-2 9 93 -1 94 -1 95 -1 96 -1 97 -1 98 -1 99 -1 100 -1 101 -1
-2 9 96 -1 97 -1 98 -1 99 -1 100 -1 101 -1 102 -1 103 -1 104 -1
-2 9 99 -1 100 -1 101 -1 102 -1 103 -1 104 -1 105 -1 106 -1 107 -1
-1 2 74 -1 75 -1
-1 2 77 -1 78 -1
-1 2 80 -1 81 -1
-1 2 83 -1 84 -1
-1 2 86 -1 87 -1
-1 2 89 -1 90 -1
-1 2 92 -1 93 -1
-1 2 95 -1 96 -1
-1 2 98 -1 99 -1
-1 2 101 -1 102 -1
-1 2 104 -1 105 -1
-1 3 108 -1 109 -1 110 -1
-1 3 111 -1 112 -1 113 -1
-1 3 114 -1 115 -1 116 -1
-1 3 117 -1 118 -1 119 -1
-1 3 120 -1 121 -1 122 -1
-1 3 123 -1 124 -1 125 -1
-1 3 126 -1 127 -1 128 -1
-1 3 129 -1 130 -1 131 -1
-1 3 132 -1 133 -1 134 -1
-1 3 135 -1 136 -1 137 -1
-1 3 138 -1 139 -1 140 -1
-1 3 141 -1 142 -1 143 -1
-6 36 108 -1 109 -1 110 -1 111 -1 112 -1 113 -1 114 -1 115 -1 116 -1 117 -1 118 -1 119 -1 120 -1 121 -1 122 -1 123 -1 124 -1 125 -1 126 -1 127 -1 128 -1 129 -1 130 -1 131 -1 132 -1 133 -1 134 -1 135 -1 136 -1 137 -1 138 -1 139 -1 140 -1 141 -1 142 -1 143 -1
-2 9 108 -1 109 -1 110 -1 111 -1 112 -1 113 -1 114 -1 115 -1 116 -1
-2 9 111 -1 112 -1 113 -1 114 -1 115 -1 116 -1 117 -1 118 -1 119 -1
-2 9 114 -1 115 -1 116 -1 117 -1 118 -1 119 -1 120 -1 121 -1 122 -1
-2 9 117 -1 118 -1 119 -1 120 -1 121 -1 122 -1 123 -1 124 -1 125 -1
-2 9 120 -1 121 -1 122 -1 123 -1 124 -1 125 -1 126 -1 127 -1 128 -1
-2 9 123 -1 124 -1 125 -1 126 -1 127 -1 128 -1 129 -1 130 -1 131 -1
-2 9 126 -1 127 -1 128 -1 129 -1 130 -1 131 -1 132 -1 133 -1 134 -1
-2 9 129 -1 130 -1 131 -1 132 -1 133 -1 134 -1 135 -1 136 -1 137 -1
-2 9 132 -1 133 -1 134 -1 135 -1 136 -1 137 -1 138 -1 139 -1 140 -1
-2 9 135 -1 136 -1 137 -1 138 -1 139 -1 140 -1 141 -1 142 -1 143 -1
-1 2 110 -1 111 -1
-1 2 113 -1 114 -1
-1 2 116 -1 117 -1
-1 2 119 -1 120 -1
-1 2 122 -1 123 -1
-1 2 125 -1 126 -1
-1 2 128 -1 129 -1
-1 2 131 -1 132 -1
-1 2 134 -1 135 -1
-1 2 137 -1 138 -1
-1 2 140 -1 141 -1
-1 3 144 -1 145 -1 146 -1
-1 3 147 -1 148 -1 149 -1
-1 3 150 -1 151 -1 152 -1
-1 3 153 -1 154 -1 155 -1
-1 3 156 -1 157 -1 158 -1
-1 3 159 -1 160 -1 161 -1
-1 3 162 -1 163 -1 164 -1
-1 3 165 -1 166 -1 167 -1
-1 3 168 -1 169 -1 170 -1
-1 3 171 -1 172 -1 173 -1
-1 3 174 -1 175 -1 176 -1
-1 3 177 -1 178 -1 179 -1
-6 36 144 -1 145 -1 146 -1 147 -1 148 -1 149 -1 150 -1 151 -1 152 -1 153 -1 154 -1 155 -1 156 -1 157 -1 158 -1 159 -1 160 -1 161 -1 162 -1 163 -1 164 -1 165 -1 166 -1 167 -1 168 -1 169 -1 170 -1 171 -1 172 -1 173 -1 174 -1 175 -1 176 -1 177 -1 178 -1 179 -1
-2 9 144 -1 145 -1 146 -1 147 -1 148 -1 149 -1 150 -1 151 -1 152 -1
-2 9 147 -1 148 -1 149 -1 150 -1 151 -1 152 -1 153 -1 154 -1 155 -1
-2 9 150 -1 151 -1 152 -1 153 -1 154 -1 155 -1 156 -1 157 -1 158 -1
-2 9 153 -1 154 -1 155 -1 156 -1 157 -1 158 -1 159 -1 160 -1 161 -1
-2 9 156 -1 157 -1 158 -1 159 -1 160 -1 161 -1 162 -1 163 -1 164 -1
-2 9 159 -1 160 -1 161 -1 162 -1 163 -1 164 -1 165 -1 166 -1 167 -1
-2 9 162 -1 163 -1 164 -1 165 -1 166 -1 167 -1 168 -1 169 -1 170 -1
-2 9 165 -1 166 -1 167 -1 168 -1 169 -1 170 -1 171 -1 172 -1 173 -1
-2 9 168 -1 169 -1 170 -1 171 -1 172 -1 173 -1 174 -1 175 -1 176 -1
-2 9 171 -1 172 -1 173 -1 174 -1 175 -1 176 -1 177 -1 178 -1 179 -1
-1 2 146 -1 147 -1
-1 2 149 -1 150 -1
-1 2 152 -1 153 -1
-1 2 155 -1 156 -1
-1 2 158 -1 159 -1
-1 2 161 -1 162 -1
-1 2 164 -1 165 -1
-1 2 167 -1 168 -1
-1 2 170 -1 171 -1
-1 2 173 -1 174 -1
-1 2 176 -1 177 -1
-1 3 180 -1 181 -1 182 -1
-1 3 183 -1 184 -1 185 -1
-1 3 186 -1 187 -1 188 -1
-1 3 189 -1 190 -1 191 -1
-1 3 192 -1 193 -1 194 -1
-1 3 195 -1 196 -1 197 -1
-1 3 198 -1 199 -1 200 -1
-1 3 201 -1 202 -1 203 -1
-1 3 204 -1 205 -1 206 -1
-1 3 207 -1 208 -1 209 -1
-1 3 210 -1 211 -1 212 -1
-1 3 213 -1 214 -1 215 -1
-6 36 180 -1 181 -1 182 -1 183 -1 184 -1 185 -1 186 -1 187 -1 188 -1 189 -1 190 -1 191 -1 192 -1 193 -1 194 -1 195 -1 196 -1 197 -1 198 -1 199 -1 200 -1 201 -1 202 -1 203 -1 204 -1 205 -1 206 -1 207 -1 208 -1 209 -1 210 -1 211 -1 212 -1 213 -1 214 -1 215 -1
-2 9 180 -1 181 -1 182 -1 183 -1 184 -1 185 -1 186 -1 187 -1 188 -1
-2 9 183 -1 184 -1 185 -1 186 -1 187 -1 188 -1 189 -1 190 -1 191 -1
-2 9 186 -1 187 -1 188 -1 189 -1 190 -1 191 -1 192 -1 193 -1 194 -1
-2 9 189 -1 190 -1 191 -1 192 -1 193 -1 194 -1 195 -1 196 -1 197 -1
-2 9 192 -1 193 -1 194 -1 195 -1 196 -1 197 -1 198 -1 199 -1 200 -1
-2 9 195 -1 196 -1 197 -1 198 -1 199 -1 200 -1 201 -1 202 -1 203 -1
-2 9 198 -1 199 -1 200 -1 201 -1 202 -1 203 -1 204 -1 205 -1 206 -1
-2 9 201 -1 202 -1 203 -1 204 -1 205 -1 206 -1 207 -1 208 -1 209 -1
-2 9 204 -1 205 -1 206 -1 207 -1 208 -1 209 -1 210 -1 211 -1 212 -1
-2 9 207 -1 208 -1 209 -1 210 -1 211 -1 212 -1 213 -1 214 -1 215 -1
-1 2 182 -1 183 -1
-1 2 185 -1 186 -1
-1 2 188 -1 189 -1
-1 2 191 -1 192 -1
-1 2 194 -1 195 -1
-1 2 197 -1 198 -1
-1 2 200 -1 201 -1
-1 2 203 -1 204 -1
-1 2 206 -1 207 -1
-1 2 209 -1 210 -1
-1 2 212 -1 213 -1
-1 3 216 -1 217 -1 218 -1
-1 3 219 -1 220 -1 221 -1
-1 3 222 -1 223 -1 224 -1
-1 3 225 -1 226 -1 227 -1
-1 3 228 -1 229 -1 230 -1
-1 3 231 -1 232 -1 233 -1
-1 3 234 -1 235 -1 236 -1
-1 3 237 -1 238 -1 239 -1
-1 3 240 -1 241 -1 242 -1
-1 3 243 -1 244 -1 245 -1
-1 3 246 -1 247 -1 248 -1
-1 3 249 -1 250 -1 251 -1
-6 36 216 -1 217 -1 218 -1 219 -1 220 -1 221 -1 222 -1 223 -1 224 -1 225 -1 226 -1 227 -1 228 -1 229 -1 230 -1 231 -1 232 -1 233 -1 234 -1 235 -1 236 -1 237 -1 238 -1 239 -1 240 -1 241 -1 242 -1 243 -1 244 -1 245 -1 246 -1 247 -1 248 -1 249 -1 250 -1 251 -1
-2 9 216 -1 217 -1 218 -1 219 -1 220 -1 221 -1 222 -1 223 -1 224 -1
-2 9 219 -1 220 -1 221 -1 222 -1 223 -1 224 -1 225 -1 226 -1 227 -1
-2 9 222 -1 223 -1 224 -1 225 -1 226 -1 227 -1 228 -1 229 -1 230 -1
-2 9 225 -1 226 -1 227 -1 228 -1 229 -1 230 -1 231 -1 232 -1 233 -1
-2 9 228 -1 229 -1 230 -1 231 -1 232 -1 233 -1 234 -1 235 -1 236 -1
-2 9 231 -1 232 -1 233 -1 234 -1 235 -1 236 -1 237 -1 238 -1 239 -1
-2 9 234 -1 235 -1 236 -1 237 -1 238 -1 239 -1 240 -1 241 -1 242 -1
-2 9 237 -1 238 -1 239 -1 240 -1 241 -1 242 -1 243 -1 244 -1 245 -1
-2 9 240 -1 241 -1 242 -1 243 -1 244 -1 245 -1 246 -1 247 -1 248 -1
-2 9 243 -1 244 -1 245 -1 246 -1 247 -1 248 -1 249 -1 250 -1 251 -1
-1 2 218 -1 219 -1
-1 2 221 -1 222 -1
-1 2 224 -1 225 -1
-1 2 227 -1 228 -1
-1 2 230 -1 231 -1
-1 2 233 -1 234 -1
-1 2 236 -1 237 -1
-1 2 239 -1 240 -1
-1 2 242 -1 243 -1
-1 2 245 -1 246 -1
-1 2 248 -1 249 -1
-1 3 252 -1 253 -1 254 -1
-1 3 255 -1 256 -1 257 -1
-1 3 258 -1 259 -1 260 -1
-1 3 261 -1 262 -1 263 -1
-1 3 264 -1 265 -1 266 -1
-1 3 267 -1 268 -1 269 -1
-1 3 270 -1 271 -1 272 -1
-1 3 273 -1 274 -1 275 -1
-1 3 276 -1 277 -1 278 -1
-1 3 279 -1 280 -1 281 -1
-1 3 282 -1 283 -1 284 -1
-1 3 285 -1 286 -1 287 -1
-6 36 252 -1 253 -1 254 -1 255 -1 256 -1 257 -1 258 -1 259 -1 260 -1 261 -1 262 -1 263 -1 264 -1 265 -1 266 -1 267 -1 268 -1 269 -1 270 -1 271 -1 272 -1 273 -1 274 -1 275 -1 276 -1 277 -1 278 -1 279 -1 280 -1 281 -1 282 -1 283 -1 284 -1 285 -1 286 -1 287 -1
-2 9 252 -1 253 -1 254 -1 255 -1 256 -1 257 -1 258 -1 259 -1 260 -1
-2 9 255 -1 256 -1 257 -1 258 -1 259 -1 260 -1 261 -1 262 -1 263 -1
-2 9 258 -1 259 -1 260 -1 261 -1 262 -1 263 -1 264 -1 265 -1 266 -1
-2 9 261 -1 262 -1 263 -1 264 -1 265 -1 266 -1 267 -1 268 -1 269 -1
-2 9 264 -1 265 -1 266 -1 267 -1 268 -1 269 -1 270 -1 271 -1 272 -1
-2 9 267 -1 268 -1 269 -1 270 -1 271 -1 272 -1 273 -1 274 -1 275 -1
-2 9 270 -1 271 -1 272 -1 273 -1 274 -1 275 -1 276 -1 277 -1 278 -1
-2 9 273 -1 274 -1 275 -1 276 -1 277 -1 278 -1 279 -1 280 -1 281 -1
-2 9 276 -1 277 -1 278 -1 279 -1 280 -1 281 -1 282 -1 283 -1 284 -1
-2 9 279 -1 280 -1 281 -1 282 -1 283 -1 284 -1 285 -1 286 -1 287 -1
-1 2 254 -1 255 -1
-1 2 257 -1 258 -1
-1 2 260 -1 261 -1
-1 2 263 -1 264 -1
-1 2 266 -1 267 -1
-1 2 269 -1 270 -1
-1 2 272 -1 273 -1
-1 2 275 -1 276 -1
-1 2 278 -1 279 -1
-1 2 281 -1 282 -1
-1 2 284 -1 285 -1
1 8 0 1 36 1 72 1 108 1 144 1 180 1 216 1 252 1
1 8 1 1 37 1 73 1 109 1 145 1 181 1 217 1 253 1
1 8 2 1 38 1 74 1 110 1 146 1 182 1 218 1 254 1
1 8 3 1 39 1 75 1 111 1 147 1 183 1 219 1 255 1
1 8 4 1 40 1 76 1 112 1 148 1 184 1 220 1 256 1
1 8 5 1 41 1 77 1 113 1 149 1 185 1 221 1 257 1
1 8 6 1 42 1 78 1 114 1 150 1 186 1 222 1 258 1
1 8 7 1 43 1 79 1 115 1 151 1 187 1 223 1 259 1
1 8 8 1 44 1 80 1 116 1 152 1 188 1 224 1 260 1
1 8 9 1 45 1 81 1 117 1 153 1 189 1 225 1 261 1
1 8 10 1 46 1 82 1 118 1 154 1 190 1 226 1 262 1
1 8 11 1 47 1 83 1 119 1 155 1 191 1 227 1 263 1
1 8 12 1 48 1 84 1 120 1 156 1 192 1 228 1 264 1
1 8 13 1 49 1 85 1 121 1 157 1 193 1 229 1 265 1
1 8 14 1 50 1 86 1 122 1 158 1 194 1 230 1 266 1
1 8 15 1 51 1 87 1 123 1 159 1 195 1 231 1 267 1
1 8 16 1 52 1 88 1 124 1 160 1 196 1 232 1 268 1
1 8 17 1 53 1 89 1 125 1 161 1 197 1 233 1 269 1
1 8 18 1 54 1 90 1 126 1 162 1 198 1 234 1 270 1
1 8 19 1 55 1 91 1 127 1 163 1 199 1 235 1 271 1
1 8 20 1 56 1 92 1 128 1 164 1 200 1 236 1 272 1
1 8 21 1 57 1 93 1 129 1 165 1 201 1 237 1 273 1
1 8 22 1 58 1 94 1 130 1 166 1 202 1 238 1 274 1
1 8 23 1 59 1 95 1 131 1 167 1 203 1 239 1 275 1
1 8 24 1 60 1 96 1 132 1 168 1 204 1 240 1 276 1
1 8 25 1 61 1 97 1 133 1 169 1 205 1 241 1 277 1
1 8 26 1 62 1 98 1 134 1 170 1 206 1 242 1 278 1
1 8 27 1 63 1 99 1 135 1 171 1 207 1 243 1 279 1
1 8 28 1 64 1 100 1 136 1 172 1 208 1 244 1 280 1
1 8 29 1 65 1 101 1 137 1 173 1 209 1 245 1 281 1
1 8 30 1 66 1 102 1 138 1 174 1 210 1 246 1 282 1
1 8 31 1 67 1 103 1 139 1 175 1 211 1 247 1 283 1
1 8 32 1 68 1 104 1 140 1 176 1 212 1 248 1 284 1
1 8 33 1 69 1 105 1 141 1 177 1 213 1 249 1 285 1
1 8 34 1 70 1 106 1 142 1 178 1 214 1 250 1 286 1
1 8 35 1 71 1 107 1 143 1 179 1 215 1 251 1 287 1
0 1 4 -1
0 1 8 -1
0 1 13 -1
0 1 30 -1
0 1 34 -1
0 1 45 -1
0 1 55 -1
0 1 56 -1
0 1 65 -1
0 1 72 -1
0 1 92 -1
0 1 114 -1
0 1 127 -1
0 1 142 -1
0 1 152 -1
0 1 168 -1
0 1 173 -1
0 1 180 -1
0 1 190 -1
0 1 230 -1
0 1 239 -1
0 1 245 -1
0 1 261 -1
0 1 273 -1
incumbent 1
0 1 0 0 0 0 0 0 0 1 0 0 0 0 0 0 0 1 0 0 0 0 0 0 0 1 0 0 0 0 0 0 0 1 0 0 0 0 1 0 0 0 0 0 0 0 1 0 0 0 0 0 0 0 1 0 0 0 0 0 0 0 1 0 0 0 0 0 0 0 1 0 0 0 0 1 0 0 0 0 0 0 0 1 0 0 0 0 0 0 0 1 0 0 0 0 0 0 0 1 0 0 0 0 0 0 0 1 0 0 0 0 0 1 0 0 0 0 0 0 0 1 0 0 0 0 0 0 0 1 0 0 0 0 0 0 0 1 0 0 0 0 0 0 0 0 0 0 0 0 0 1 0 0 0 0 0 0 0 1 0 0 0 0 0 0 0 1 0 0 0 0 0 0 0 1 0 0 0 0 0 0 0 0 1 0 0 0 0 0 0 0 1 0 0 0 0 0 0 0 1 0 0 0 0 0 0 0 1 0 0 0 0 0 0 0 1 0 0 0 0 0 0 0 1 0 0 0 0 0 0 0 1 0 0 0 0 0 0 0 1 0 0 0 0 0 0 0 1 0 0 0 0 0 0 0 0 0 1 0 0 0 0 0 0 0 1 0 0 0 0 0 0 0 1 0 0 0 0 0 0 0 1 0 0 0 0 0
