200 60
5 24 27 15 28 4 14 4 22 11 1 25 7 10 20 28 9 10 24 14 1 30 29 26 12 16 25 28 3 8 15 27 6 10 25 21 27 11 28 27 30 15 8 23 26 16 28 11 30 8 8 29 8 29 14 28 28 6 10 7 16 12 2 21 19 8 9 27 15 30 13 7 24 18 6 17 20 7 15 24 20 15 18 23 27 25 7 15 27 8 7 23 6 11 5 14 10 5 13 30 9 21 8 12 23 4 18 21 12 25 14 7 8 27 5 23 8 25 7 11 28 4 10 28 19 1 30 27 15 1 6 12 28 6 12 9 17 14 9 16 26 10 10 19 4 26 10 4 18 17 16 1 4 24 19 18 1 19 16 15 19 9 12 16 6 19 11 15 9 16 30 1 28 10 28 12 18 30 23 7 26 21 9 1 3 20 29 29 5 20 29 13 29 13 5 8 14 11 25 24
1 42 0 1 5 1 8 1 9 1 11 1 13 1 21 1 24 1 27 1 29 1 30 1 32 1 35 1 55 1 61 1 64 1 65 1 71 1 93 1 105 1 113 1 117 1 119 1 123 1 128 1 135 1 136 1 137 1 139 1 140 1 142 1 151 1 160 1 161 1 165 1 172 1 182 1 183 1 186 1 190 1 193 1 196 1
1 40 0 1 3 1 5 1 9 1 10 1 12 1 14 1 15 1 19 1 26 1 31 1 36 1 41 1 45 1 50 1 55 1 66 1 73 1 76 1 80 1 86 1 90 1 92 1 97 1 99 1 102 1 109 1 110 1 113 1 117 1 129 1 131 1 147 1 153 1 155 1 179 1 181 1 185 1 191 1 196 1
1 44 0 1 3 1 6 1 9 1 10 1 12 1 14 1 15 1 16 1 18 1 23 1 27 1 37 1 40 1 41 1 43 1 53 1 59 1 64 1 75 1 83 1 95 1 98 1 100 1 101 1 105 1 107 1 111 1 114 1 115 1 118 1 119 1 120 1 123 1 129 1 132 1 134 1 147 1 160 1 162 1 167 1 176 1 183 1 197 1
1 45 3 1 5 1 7 1 8 1 19 1 20 1 22 1 25 1 26 1 49 1 54 1 55 1 69 1 73 1 74 1 80 1 81 1 83 1 84 1 85 1 87 1 89 1 90 1 93 1 101 1 102 1 106 1 108 1 110 1 112 1 122 1 124 1 126 1 128 1 134 1 135 1 149 1 156 1 165 1 167 1 169 1 174 1 191 1 196 1 199 1
1 57 7 1 9 1 11 1 14 1 17 1 21 1 28 1 29 1 33 1 34 1 35 1 37 1 41 1 43 1 46 1 49 1 50 1 53 1 56 1 57 1 59 1 60 1 61 1 63 1 68 1 73 1 81 1 83 1 89 1 90 1 93 1 95 1 99 1 105 1 108 1 111 1 116 1 117 1 118 1 119 1 122 1 123 1 131 1 133 1 136 1 144 1 145 1 156 1 162 1 170 1 173 1 174 1 176 1 177 1 180 1 190 1 191 1
1 45 0 1 4 1 15 1 16 1 20 1 23 1 32 1 48 1 50 1 52 1 56 1 61 1 66 1 70 1 76 1 78 1 79 1 80 1 87 1 92 1 100 1 102 1 103 1 117 1 120 1 128 1 129 1 136 1 150 1 151 1 153 1 158 1 159 1 163 1 164 1 165 1 173 1 175 1 177 1 178 1 179 1 186 1 189 1 198 1 199 1
1 48 6 1 8 1 9 1 11 1 12 1 24 1 26 1 28 1 29 1 30 1 32 1 33 1 35 1 37 1 40 1 45 1 57 1 59 1 60 1 62 1 64 1 67 1 71 1 75 1 81 1 84 1 99 1 106 1 109 1 110 1 113 1 121 1 126 1 137 1 138 1 140 1 142 1 144 1 150 1 156 1 164 1 169 1 176 1 177 1 180 1 181 1 196 1 199 1
1 40 0 1 5 1 27 1 28 1 29 1 33 1 50 1 51 1 55 1 72 1 73 1 75 1 77 1 78 1 95 1 96 1 97 1 99 1 102 1 109 1 111 1 113 1 118 1 129 1 132 1 135 1 136 1 137 1 142 1 162 1 175 1 180 1 181 1 183 1 184 1 188 1 192 1 193 1 195 1 197 1
1 40 3 1 5 1 6 1 11 1 13 1 18 1 20 1 33 1 40 1 46 1 48 1 56 1 57 1 58 1 63 1 65 1 69 1 70 1 73 1 80 1 88 1 99 1 113 1 120 1 125 1 127 1 132 1 136 1 138 1 153 1 159 1 162 1 165 1 166 1 172 1 179 1 186 1 187 1 189 1 194 1
1 49 0 1 3 1 4 1 9 1 11 1 13 1 15 1 27 1 34 1 36 1 39 1 49 1 50 1 53 1 55 1 58 1 61 1 68 1 73 1 74 1 77 1 80 1 84 1 92 1 97 1 98 1 106 1 107 1 116 1 117 1 120 1 121 1 123 1 130 1 133 1 136 1 137 1 138 1 147 1 149 1 150 1 161 1 163 1 168 1 172 1 174 1 179 1 183 1 189 1
1 45 5 1 6 1 13 1 18 1 19 1 27 1 37 1 42 1 60 1 61 1 66 1 68 1 69 1 74 1 75 1 81 1 85 1 90 1 92 1 93 1 100 1 105 1 112 1 113 1 114 1 117 1 122 1 132 1 136 1 139 1 140 1 141 1 145 1 147 1 156 1 160 1 163 1 166 1 167 1 171 1 172 1 189 1 193 1 195 1 198 1
1 44 2 1 3 1 7 1 9 1 13 1 20 1 26 1 27 1 30 1 32 1 34 1 44 1 45 1 54 1 59 1 63 1 64 1 65 1 71 1 79 1 82 1 83 1 87 1 92 1 93 1 94 1 107 1 110 1 118 1 121 1 123 1 129 1 141 1 150 1 151 1 153 1 157 1 158 1 160 1 170 1 173 1 192 1 193 1 197 1
1 50 0 1 4 1 6 1 10 1 13 1 22 1 24 1 29 1 31 1 33 1 36 1 41 1 43 1 44 1 52 1 53 1 60 1 62 1 63 1 69 1 70 1 73 1 74 1 80 1 81 1 85 1 90 1 106 1 108 1 111 1 117 1 136 1 140 1 141 1 145 1 146 1 147 1 151 1 153 1 156 1 158 1 161 1 162 1 168 1 173 1 174 1 175 1 179 1 182 1 186 1
1 40 1 1 9 1 11 1 16 1 17 1 22 1 26 1 30 1 32 1 45 1 48 1 54 1 63 1 73 1 74 1 88 1 93 1 96 1 102 1 105 1 106 1 108 1 112 1 120 1 122 1 129 1 131 1 133 1 140 1 144 1 145 1 147 1 148 1 152 1 154 1 155 1 158 1 161 1 189 1 191 1
1 31 11 1 14 1 26 1 37 1 38 1 39 1 40 1 54 1 67 1 70 1 75 1 80 1 86 1 93 1 105 1 107 1 114 1 115 1 118 1 119 1 122 1 128 1 130 1 131 1 132 1 134 1 143 1 157 1 195 1 196 1 198 1
1 38 12 1 17 1 21 1 26 1 30 1 37 1 38 1 42 1 48 1 49 1 52 1 53 1 59 1 60 1 66 1 69 1 77 1 84 1 85 1 91 1 99 1 106 1 110 1 118 1 127 1 132 1 140 1 146 1 154 1 155 1 158 1 163 1 164 1 169 1 180 1 187 1 191 1 197 1
1 45 7 1 9 1 15 1 16 1 21 1 27 1 35 1 38 1 46 1 52 1 57 1 60 1 61 1 64 1 68 1 74 1 85 1 88 1 90 1 92 1 103 1 104 1 115 1 116 1 122 1 124 1 125 1 128 1 133 1 134 1 135 1 138 1 142 1 144 1 148 1 151 1 153 1 155 1 158 1 161 1 173 1 174 1 175 1 178 1 188 1
1 65 7 1 10 1 11 1 16 1 20 1 21 1 22 1 26 1 32 1 35 1 36 1 39 1 43 1 45 1 46 1 49 1 53 1 54 1 55 1 56 1 57 1 62 1 64 1 68 1 70 1 72 1 79 1 82 1 87 1 89 1 91 1 92 1 96 1 102 1 103 1 107 1 108 1 124 1 127 1 128 1 129 1 131 1 137 1 139 1 141 1 143 1 147 1 149 1 154 1 157 1 160 1 162 1 163 1 164 1 166 1 173 1 174 1 176 1 184 1 187 1 189 1 190 1 195 1 196 1 199 1
1 47 2 1 3 1 8 1 10 1 13 1 19 1 23 1 28 1 30 1 36 1 37 1 38 1 40 1 44 1 47 1 52 1 80 1 85 1 91 1 92 1 94 1 95 1 99 1 106 1 110 1 111 1 125 1 129 1 133 1 135 1 137 1 140 1 142 1 143 1 150 1 155 1 156 1 158 1 162 1 164 1 166 1 167 1 175 1 188 1 189 1 191 1 197 1
1 45 4 1 8 1 9 1 16 1 19 1 20 1 21 1 26 1 29 1 30 1 31 1 38 1 45 1 54 1 60 1 61 1 71 1 92 1 96 1 98 1 102 1 104 1 113 1 121 1 123 1 126 1 129 1 130 1 134 1 142 1 147 1 148 1 152 1 153 1 154 1 156 1 158 1 159 1 168 1 179 1 186 1 190 1 193 1 197 1 198 1
1 47 7 1 9 1 12 1 13 1 21 1 22 1 33 1 37 1 40 1 54 1 55 1 56 1 59 1 60 1 61 1 62 1 63 1 72 1 73 1 74 1 75 1 78 1 82 1 86 1 88 1 89 1 91 1 93 1 99 1 109 1 116 1 117 1 118 1 119 1 123 1 130 1 147 1 153 1 158 1 159 1 163 1 170 1 173 1 174 1 175 1 184 1 196 1
1 45 2 1 7 1 8 1 17 1 20 1 22 1 26 1 30 1 31 1 34 1 36 1 39 1 41 1 45 1 62 1 64 1 74 1 76 1 87 1 92 1 95 1 101 1 106 1 110 1 112 1 113 1 126 1 137 1 143 1 146 1 152 1 161 1 166 1 168 1 171 1 175 1 177 1 178 1 180 1 185 1 186 1 189 1 191 1 196 1 197 1
1 40 1 1 22 1 23 1 24 1 32 1 33 1 38 1 43 1 50 1 57 1 58 1 60 1 61 1 63 1 65 1 69 1 74 1 77 1 88 1 91 1 93 1 107 1 112 1 116 1 128 1 132 1 141 1 143 1 144 1 148 1 152 1 159 1 161 1 164 1 170 1 175 1 177 1 178 1 195 1 199 1
1 45 3 1 12 1 17 1 18 1 19 1 20 1 21 1 24 1 26 1 30 1 33 1 46 1 47 1 51 1 67 1 71 1 76 1 77 1 79 1 80 1 82 1 83 1 84 1 86 1 91 1 94 1 101 1 103 1 108 1 113 1 114 1 128 1 129 1 138 1 142 1 148 1 151 1 152 1 154 1 164 1 167 1 174 1 181 1 188 1 198 1
1 41 3 1 5 1 7 1 10 1 14 1 27 1 31 1 32 1 47 1 62 1 68 1 79 1 83 1 84 1 88 1 94 1 96 1 104 1 105 1 110 1 113 1 115 1 122 1 135 1 138 1 146 1 149 1 151 1 155 1 158 1 171 1 173 1 178 1 179 1 182 1 183 1 188 1 189 1 190 1 191 1 196 1
1 50 10 1 11 1 18 1 19 1 20 1 21 1 22 1 30 1 36 1 44 1 50 1 53 1 60 1 62 1 66 1 79 1 90 1 91 1 93 1 95 1 102 1 104 1 105 1 108 1 118 1 121 1 125 1 127 1 134 1 135 1 142 1 143 1 144 1 146 1 148 1 149 1 153 1 155 1 156 1 164 1 165 1 166 1 172 1 175 1 180 1 184 1 188 1 191 1 194 1 196 1
1 45 1 1 2 1 4 1 14 1 15 1 20 1 22 1 23 1 27 1 28 1 29 1 32 1 33 1 41 1 43 1 45 1 50 1 53 1 55 1 59 1 68 1 69 1 76 1 80 1 84 1 87 1 97 1 98 1 99 1 109 1 115 1 128 1 138 1 140 1 154 1 155 1 158 1 159 1 160 1 169 1 171 1 173 1 175 1 178 1 186 1
1 48 8 1 15 1 20 1 35 1 39 1 44 1 46 1 47 1 48 1 51 1 52 1 54 1 55 1 56 1 62 1 66 1 68 1 81 1 86 1 89 1 93 1 98 1 104 1 105 1 114 1 122 1 128 1 129 1 130 1 133 1 137 1 139 1 141 1 142 1 143 1 146 1 149 1 152 1 154 1 155 1 160 1 162 1 177 1 183 1 184 1 185 1 187 1 197 1
1 45 2 1 11 1 18 1 23 1 31 1 33 1 36 1 37 1 42 1 44 1 58 1 59 1 60 1 62 1 63 1 65 1 69 1 70 1 73 1 81 1 84 1 85 1 92 1 99 1 125 1 128 1 133 1 136 1 138 1 141 1 149 1 152 1 156 1 157 1 162 1 164 1 168 1 170 1 175 1 176 1 185 1 189 1 190 1 191 1 198 1
1 45 5 1 6 1 14 1 15 1 18 1 24 1 25 1 28 1 31 1 39 1 41 1 42 1 49 1 52 1 59 1 64 1 71 1 80 1 83 1 84 1 90 1 96 1 100 1 102 1 106 1 107 1 108 1 120 1 124 1 128 1 129 1 144 1 149 1 154 1 156 1 161 1 163 1 167 1 170 1 171 1 176 1 178 1 179 1 188 1 189 1
1 46 6 1 9 1 11 1 14 1 26 1 32 1 34 1 35 1 48 1 55 1 59 1 66 1 67 1 68 1 72 1 73 1 76 1 81 1 89 1 102 1 109 1 112 1 113 1 114 1 116 1 123 1 125 1 126 1 134 1 135 1 136 1 142 1 145 1 153 1 157 1 160 1 161 1 168 1 169 1 172 1 173 1 174 1 186 1 187 1 193 1 194 1
1 44 2 1 7 1 9 1 11 1 12 1 13 1 25 1 26 1 27 1 29 1 40 1 42 1 45 1 53 1 55 1 63 1 64 1 69 1 73 1 81 1 83 1 98 1 105 1 109 1 114 1 126 1 132 1 139 1 142 1 153 1 155 1 156 1 158 1 162 1 164 1 167 1 169 1 170 1 173 1 175 1 180 1 186 1 197 1 198 1
1 53 3 1 9 1 17 1 19 1 22 1 25 1 31 1 35 1 36 1 38 1 41 1 44 1 45 1 50 1 54 1 55 1 57 1 58 1 61 1 63 1 76 1 80 1 81 1 90 1 92 1 94 1 98 1 99 1 124 1 125 1 131 1 133 1 135 1 142 1 146 1 147 1 149 1 150 1 152 1 153 1 155 1 157 1 166 1 167 1 168 1 169 1 176 1 178 1 183 1 187 1 190 1 194 1 196 1
1 42 2 1 3 1 4 1 12 1 13 1 24 1 52 1 57 1 62 1 67 1 70 1 74 1 75 1 77 1 80 1 88 1 96 1 98 1 100 1 101 1 102 1 104 1 107 1 109 1 126 1 129 1 131 1 132 1 137 1 139 1 142 1 144 1 145 1 148 1 153 1 156 1 165 1 172 1 181 1 184 1 198 1 199 1
1 47 3 1 6 1 10 1 11 1 14 1 16 1 28 1 29 1 33 1 34 1 37 1 38 1 39 1 40 1 43 1 44 1 46 1 47 1 53 1 62 1 69 1 70 1 81 1 85 1 86 1 87 1 89 1 91 1 97 1 102 1 103 1 108 1 110 1 112 1 122 1 123 1 125 1 126 1 131 1 136 1 137 1 140 1 141 1 142 1 147 1 161 1 170 1
1 46 17 1 18 1 25 1 32 1 34 1 35 1 38 1 40 1 44 1 47 1 53 1 56 1 69 1 71 1 72 1 75 1 89 1 91 1 92 1 95 1 112 1 114 1 116 1 121 1 128 1 137 1 139 1 141 1 153 1 154 1 158 1 159 1 160 1 165 1 170 1 172 1 174 1 175 1 182 1 185 1 187 1 188 1 191 1 197 1 198 1 199 1
1 42 5 1 6 1 8 1 9 1 13 1 14 1 26 1 30 1 34 1 36 1 39 1 42 1 47 1 59 1 60 1 66 1 75 1 87 1 95 1 101 1 105 1 111 1 114 1 119 1 127 1 131 1 133 1 134 1 142 1 144 1 149 1 157 1 158 1 163 1 164 1 165 1 170 1 182 1 185 1 186 1 189 1 191 1
1 55 9 1 10 1 12 1 13 1 14 1 17 1 22 1 23 1 24 1 28 1 30 1 32 1 35 1 40 1 50 1 55 1 62 1 65 1 69 1 71 1 72 1 75 1 76 1 78 1 79 1 80 1 82 1 84 1 86 1 90 1 92 1 96 1 98 1 104 1 106 1 107 1 115 1 121 1 134 1 138 1 142 1 151 1 152 1 153 1 160 1 162 1 164 1 166 1 167 1 168 1 177 1 183 1 190 1 191 1 195 1
1 39 4 1 8 1 11 1 28 1 29 1 39 1 41 1 50 1 57 1 58 1 59 1 62 1 64 1 66 1 79 1 80 1 82 1 84 1 88 1 104 1 105 1 113 1 116 1 120 1 123 1 129 1 132 1 144 1 152 1 153 1 154 1 157 1 158 1 179 1 185 1 187 1 195 1 196 1 199 1
1 50 5 1 10 1 17 1 20 1 22 1 23 1 26 1 30 1 45 1 47 1 48 1 51 1 52 1 55 1 56 1 59 1 62 1 65 1 68 1 69 1 79 1 84 1 87 1 90 1 97 1 100 1 107 1 108 1 109 1 118 1 120 1 125 1 127 1 128 1 130 1 131 1 134 1 139 1 145 1 147 1 149 1 155 1 159 1 176 1 178 1 180 1 183 1 189 1 190 1 193 1
1 51 2 1 14 1 15 1 18 1 20 1 26 1 30 1 32 1 37 1 39 1 42 1 45 1 47 1 48 1 55 1 59 1 61 1 69 1 80 1 81 1 82 1 86 1 89 1 90 1 93 1 95 1 98 1 99 1 100 1 106 1 108 1 111 1 117 1 121 1 122 1 128 1 138 1 142 1 150 1 157 1 159 1 162 1 163 1 169 1 174 1 179 1 180 1 181 1 187 1 192 1 197 1
1 44 6 1 9 1 17 1 21 1 22 1 28 1 29 1 32 1 42 1 43 1 49 1 54 1 63 1 68 1 75 1 79 1 80 1 89 1 93 1 95 1 98 1 100 1 101 1 113 1 116 1 124 1 125 1 127 1 128 1 130 1 133 1 139 1 140 1 142 1 154 1 155 1 156 1 167 1 169 1 181 1 184 1 185 1 186 1 188 1
1 34 8 1 11 1 32 1 35 1 36 1 37 1 46 1 47 1 50 1 59 1 61 1 67 1 71 1 72 1 77 1 78 1 80 1 83 1 90 1 95 1 105 1 116 1 122 1 130 1 152 1 165 1 167 1 172 1 176 1 179 1 181 1 182 1 185 1 198 1
1 29 20 1 30 1 40 1 59 1 61 1 71 1 79 1 81 1 98 1 102 1 110 1 119 1 125 1 127 1 129 1 131 1 132 1 150 1 151 1 155 1 161 1 172 1 174 1 177 1 180 1 183 1 191 1 192 1 195 1
1 41 6 1 11 1 13 1 18 1 20 1 22 1 25 1 31 1 32 1 34 1 42 1 44 1 49 1 57 1 58 1 68 1 73 1 84 1 88 1 90 1 94 1 97 1 105 1 106 1 111 1 115 1 121 1 125 1 133 1 144 1 158 1 160 1 162 1 163 1 165 1 169 1 172 1 180 1 189 1 193 1 198 1
1 41 0 1 7 1 9 1 12 1 14 1 15 1 18 1 20 1 27 1 45 1 58 1 59 1 60 1 65 1 67 1 69 1 83 1 100 1 101 1 107 1 115 1 116 1 118 1 128 1 131 1 133 1 139 1 144 1 159 1 162 1 163 1 168 1 173 1 181 1 186 1 187 1 188 1 191 1 194 1 196 1 199 1
1 46 1 1 2 1 12 1 15 1 20 1 21 1 22 1 25 1 26 1 34 1 38 1 43 1 47 1 49 1 61 1 65 1 77 1 80 1 84 1 87 1 90 1 95 1 103 1 104 1 115 1 119 1 124 1 136 1 138 1 139 1 146 1 148 1 156 1 157 1 158 1 160 1 163 1 165 1 172 1 176 1 181 1 182 1 184 1 185 1 188 1 198 1
1 42 2 1 3 1 9 1 12 1 14 1 29 1 30 1 33 1 39 1 41 1 45 1 46 1 47 1 53 1 56 1 72 1 79 1 80 1 83 1 89 1 90 1 92 1 95 1 102 1 104 1 105 1 109 1 110 1 117 1 124 1 130 1 133 1 139 1 150 1 157 1 159 1 168 1 183 1 189 1 190 1 195 1 197 1
1 47 7 1 10 1 26 1 40 1 41 1 49 1 53 1 55 1 57 1 60 1 66 1 68 1 70 1 72 1 73 1 76 1 79 1 89 1 90 1 93 1 103 1 111 1 113 1 115 1 116 1 122 1 124 1 131 1 134 1 140 1 144 1 149 1 159 1 162 1 164 1 167 1 168 1 172 1 174 1 181 1 185 1 187 1 188 1 196 1 197 1 198 1 199 1
1 44 3 1 7 1 8 1 12 1 16 1 23 1 28 1 29 1 30 1 33 1 41 1 50 1 51 1 53 1 58 1 67 1 70 1 78 1 79 1 83 1 86 1 91 1 97 1 98 1 103 1 108 1 120 1 123 1 125 1 128 1 130 1 134 1 139 1 141 1 146 1 149 1 151 1 154 1 161 1 162 1 168 1 177 1 186 1 197 1
1 55 3 1 6 1 7 1 10 1 11 1 15 1 21 1 22 1 31 1 35 1 37 1 38 1 39 1 53 1 56 1 60 1 64 1 71 1 73 1 76 1 91 1 94 1 98 1 99 1 102 1 103 1 109 1 110 1 111 1 117 1 120 1 122 1 124 1 125 1 133 1 135 1 138 1 141 1 143 1 147 1 152 1 159 1 160 1 161 1 162 1 165 1 168 1 171 1 182 1 184 1 191 1 194 1 195 1 197 1 198 1
1 60 3 1 4 1 6 1 15 1 18 1 19 1 21 1 23 1 27 1 29 1 33 1 37 1 38 1 39 1 40 1 44 1 49 1 50 1 51 1 53 1 57 1 63 1 67 1 70 1 76 1 77 1 81 1 89 1 90 1 100 1 103 1 104 1 105 1 109 1 114 1 115 1 117 1 118 1 125 1 133 1 135 1 136 1 138 1 141 1 147 1 150 1 160 1 165 1 166 1 167 1 173 1 174 1 176 1 180 1 181 1 184 1 190 1 191 1 193 1 198 1
1 44 0 1 2 1 4 1 5 1 18 1 19 1 27 1 31 1 37 1 38 1 47 1 48 1 56 1 57 1 58 1 67 1 77 1 79 1 80 1 83 1 89 1 90 1 98 1 107 1 116 1 117 1 132 1 138 1 144 1 153 1 157 1 160 1 165 1 172 1 177 1 178 1 183 1 184 1 185 1 187 1 190 1 193 1 195 1 196 1
1 52 0 1 6 1 7 1 14 1 16 1 25 1 29 1 31 1 36 1 37 1 39 1 41 1 44 1 45 1 48 1 57 1 69 1 78 1 80 1 81 1 82 1 85 1 89 1 97 1 98 1 99 1 104 1 105 1 106 1 107 1 112 1 121 1 133 1 135 1 137 1 140 1 142 1 143 1 145 1 148 1 152 1 154 1 155 1 156 1 157 1 161 1 162 1 166 1 167 1 170 1 187 1 194 1
1 40 4 1 9 1 14 1 23 1 28 1 39 1 44 1 48 1 50 1 52 1 55 1 57 1 63 1 68 1 73 1 74 1 75 1 77 1 84 1 85 1 101 1 103 1 107 1 128 1 129 1 133 1 142 1 144 1 146 1 156 1 160 1 163 1 174 1 175 1 177 1 182 1 183 1 185 1 196 1 197 1
1 39 1 1 3 1 18 1 28 1 33 1 35 1 36 1 44 1 51 1 54 1 56 1 60 1 63 1 79 1 82 1 89 1 92 1 95 1 101 1 107 1 109 1 112 1 114 1 116 1 123 1 124 1 136 1 141 1 146 1 150 1 154 1 157 1 162 1 166 1 172 1 180 1 190 1 192 1 194 1
1 40 0 1 7 1 11 1 20 1 21 1 22 1 24 1 32 1 34 1 45 1 55 1 57 1 59 1 65 1 66 1 73 1 75 1 78 1 84 1 98 1 103 1 104 1 127 1 128 1 130 1 131 1 132 1 133 1 141 1 146 1 152 1 154 1 160 1 168 1 173 1 174 1 176 1 177 1 178 1 195 1
1 48 4 1 5 1 11 1 14 1 15 1 18 1 19 1 25 1 29 1 34 1 35 1 37 1 38 1 40 1 48 1 54 1 56 1 61 1 65 1 66 1 68 1 69 1 71 1 72 1 78 1 79 1 96 1 113 1 116 1 131 1 133 1 135 1 143 1 145 1 148 1 154 1 155 1 158 1 159 1 170 1 171 1 176 1 180 1 181 1 189 1 191 1 193 1 199 1
1 35 2 1 9 1 10 1 27 1 29 1 35 1 52 1 56 1 57 1 79 1 80 1 81 1 97 1 99 1 103 1 117 1 134 1 138 1 140 1 142 1 147 1 156 1 161 1 163 1 168 1 170 1 175 1 176 1 178 1 180 1 184 1 188 1 190 1 195 1 199 1
1 46 1 1 2 1 6 1 7 1 8 1 17 1 22 1 26 1 29 1 31 1 33 1 35 1 36 1 40 1 45 1 54 1 65 1 67 1 71 1 73 1 76 1 79 1 81 1 104 1 115 1 119 1 120 1 127 1 131 1 134 1 140 1 141 1 144 1 146 1 157 1 158 1 164 1 166 1 168 1 171 1 174 1 175 1 188 1 194 1 196 1 199 1
incumbent 1
0 0 0 0 0 0 0 0 0 0 0 0 0 0 0 0 0 0 0 0 1 0 0 0 0 0 0 0 0 0 0 0 0 0 0 0 0 0 0 0 0 0 0 0 0 0 0 0 0 0 0 0 0 0 0 0 0 0 0 0 0 0 1 0 0 0 0 0 0 0 0 0 0 0 0 0 0 0 0 0 0 0 0 0 0 0 0 0 0 0 0 0 0 0 0 0 0 0 0 0 0 0 0 0 0 0 0 0 0 0 0 0 0 0 1 0 0 0 0 0 0 0 0 0 0 1 0 0 0 1 0 0 0 0 0 0 0 0 0 0 0 0 0 0 0 0 0 0 0 0 0 0 1 0 0 0 1 0 0 0 0 0 0 0 1 0 0 0 0 0 0 1 0 0 0 0 0 0 0 0 0 0 0 1 0 0 0 0 0 0 0 0 0 0 0 0 0 0 0 0
