240 70
-16 -57 -39 -19 -11 -29 -32 -24 -6 -41 -26 -36 -37 -26 -14 -19 -31 -28 -10 -28 -7 -22 -24 -30 -29 -61 -38 -36 -27 -25 -19 -35 -19 -38 -17 -48 -23 -28 -40 -27 -43 -32 -22 -33 -42 -15 -28 -39 -34 -61 -27 -47 -19 -65 -16 -50 -37 -26 -18 -23 -51 -61 -16 -28 -23 -70 -50 -25 -50 -41 -27 -32 -38 -58 -32 -42 -25 -25 -15 -57 -15 -50 -16 -52 -18 -76 -30 -32 -31 -37 -39 -45 -37 -13 -47 -34 -48 -47 -39 -21 -15 -34 -38 -45 -26 -45 -55 -12 -47 -7 -21 -14 -39 -48 -14 -46 -32 -19 -52 -28 -49 -30 -45 -42 -53 -52 -32 -14 -13 -25 -22 -49 -32 -12 -17 -29 -19 -41 -23 -49 -53 -18 -58 -38 -25 -58 -48 -15 -23 -31 -25 -41 -44 -9 -32 -18 -54 -40 -17 -46 -19 -64 -38 -36 -52 -42 -40 -16 -38 -34 -29 -20 -14 -49 -48 -46 -23 -35 -48 -15 -20 -51 -48 -38 -29 -19 -39 -34 -33 -22 -50 -36 -44 -15 -11 -31 -29 -7 -53 -23 -39 -18 -26 -54 -43 -39 -45 -40 -53 -20 -33 -25 -20 -28 -46 -29 -35 -73 -43 -42 -34 -57 -26 -45 -41 -19 -45 -30 -44 -46 -45 -52 -26 -57 -38 -32 -7 -24 -69 -23
-1 9 0 -1 11 -1 35 -1 46 -1 50 -1 68 -1 94 -1 188 -1 196 -1
-1 9 54 -1 58 -1 72 -1 101 -1 123 -1 142 -1 151 -1 174 -1 217 -1
-1 11 51 -1 67 -1 116 -1 142 -1 178 -1 181 -1 187 -1 204 -1 216 -1 230 -1 231 -1
-1 7 13 -1 24 -1 56 -1 140 -1 175 -1 179 -1 229 -1
-1 4 47 -1 84 -1 140 -1 148 -1
-1 15 9 -1 30 -1 38 -1 50 -1 74 -1 83 -1 96 -1 123 -1 159 -1 164 -1 165 -1 166 -1 171 -1 199 -1 233 -1
-1 13 9 -1 24 -1 124 -1 132 -1 143 -1 166 -1 178 -1 186 -1 191 -1 197 -1 203 -1 234 -1 238 -1
-1 16 10 -1 26 -1 40 -1 69 -1 79 -1 91 -1 118 -1 143 -1 145 -1 165 -1 168 -1 175 -1 220 -1 221 -1 224 -1 233 -1
-1 12 1 -1 35 -1 41 -1 53 -1 69 -1 104 -1 128 -1 151 -1 162 -1 170 -1 215 -1 218 -1
-1 10 25 -1 68 -1 85 -1 91 -1 152 -1 154 -1 174 -1 183 -1 203 -1 231 -1
-1 12 2 -1 11 -1 37 -1 48 -1 68 -1 89 -1 96 -1 99 -1 103 -1 108 -1 177 -1 216 -1
-1 17 12 -1 16 -1 20 -1 51 -1 72 -1 86 -1 89 -1 103 -1 148 -1 171 -1 177 -1 195 -1 208 -1 220 -1 223 -1 229 -1 237 -1
-1 11 21 -1 22 -1 51 -1 122 -1 130 -1 137 -1 142 -1 150 -1 217 -1 221 -1 228 -1
-1 6 14 -1 96 -1 126 -1 137 -1 141 -1 206 -1
-1 5 173 -1 184 -1 201 -1 213 -1 237 -1
-1 10 12 -1 61 -1 79 -1 103 -1 105 -1 110 -1 133 -1 192 -1 199 -1 204 -1
-1 11 6 -1 13 -1 66 -1 91 -1 94 -1 112 -1 121 -1 145 -1 165 -1 184 -1 203 -1
-1 13 5 -1 17 -1 27 -1 33 -1 43 -1 59 -1 63 -1 83 -1 120 -1 124 -1 136 -1 182 -1 189 -1
-1 10 17 -1 42 -1 79 -1 132 -1 174 -1 176 -1 200 -1 211 -1 217 -1 233 -1
-1 13 3 -1 40 -1 44 -1 47 -1 48 -1 90 -1 113 -1 122 -1 186 -1 190 -1 220 -1 233 -1 234 -1
-1 11 23 -1 25 -1 39 -1 70 -1 82 -1 85 -1 94 -1 154 -1 157 -1 208 -1 219 -1
-1 9 5 -1 12 -1 43 -1 77 -1 103 -1 105 -1 146 -1 159 -1 174 -1
-1 8 31 -1 71 -1 81 -1 135 -1 140 -1 168 -1 175 -1 181 -1
-1 8 9 -1 55 -1 65 -1 89 -1 90 -1 92 -1 97 -1 232 -1
-1 13 32 -1 49 -1 61 -1 92 -1 111 -1 113 -1 142 -1 161 -1 203 -1 206 -1 214 -1 230 -1 238 -1
-1 10 28 -1 31 -1 97 -1 106 -1 124 -1 164 -1 200 -1 217 -1 218 -1 232 -1
-1 10 73 -1 83 -1 105 -1 114 -1 138 -1 145 -1 161 -1 163 -1 207 -1 223 -1
-1 9 21 -1 71 -1 90 -1 93 -1 152 -1 157 -1 177 -1 185 -1 220 -1
-1 7 48 -1 53 -1 56 -1 106 -1 159 -1 161 -1 175 -1
-1 9 16 -1 55 -1 57 -1 86 -1 102 -1 109 -1 118 -1 177 -1 186 -1
-1 11 7 -1 8 -1 25 -1 37 -1 41 -1 110 -1 140 -1 192 -1 223 -1 230 -1 237 -1
-1 5 13 -1 36 -1 58 -1 77 -1 153 -1
-1 7 26 -1 134 -1 146 -1 160 -1 184 -1 206 -1 221 -1
-1 16 4 -1 35 -1 50 -1 60 -1 71 -1 83 -1 91 -1 107 -1 141 -1 158 -1 178 -1 183 -1 192 -1 196 -1 205 -1 231 -1
-1 9 37 -1 52 -1 66 -1 73 -1 75 -1 90 -1 162 -1 173 -1 227 -1
-1 7 6 -1 56 -1 87 -1 131 -1 157 -1 204 -1 224 -1
-1 7 79 -1 116 -1 139 -1 166 -1 186 -1 213 -1 228 -1
-1 10 1 -1 64 -1 67 -1 85 -1 97 -1 207 -1 209 -1 217 -1 226 -1 235 -1
-1 4 19 -1 203 -1 216 -1 226 -1
-1 13 13 -1 27 -1 62 -1 78 -1 87 -1 97 -1 113 -1 118 -1 138 -1 166 -1 214 -1 221 -1 224 -1
-1 15 26 -1 61 -1 66 -1 80 -1 95 -1 108 -1 112 -1 123 -1 156 -1 164 -1 167 -1 170 -1 190 -1 195 -1 205 -1
-1 9 15 -1 38 -1 43 -1 45 -1 92 -1 122 -1 198 -1 210 -1 227 -1
-1 7 49 -1 83 -1 120 -1 159 -1 193 -1 214 -1 238 -1
-1 12 32 -1 41 -1 44 -1 49 -1 68 -1 72 -1 93 -1 119 -1 173 -1 177 -1 180 -1 210 -1
-1 13 1 -1 59 -1 108 -1 118 -1 168 -1 169 -1 172 -1 180 -1 186 -1 187 -1 192 -1 224 -1 229 -1
-1 6 2 -1 47 -1 65 -1 73 -1 124 -1 125 -1
-1 16 2 -1 23 -1 28 -1 53 -1 56 -1 127 -1 131 -1 146 -1 159 -1 164 -1 176 -1 183 -1 188 -1 191 -1 194 -1 236 -1
-1 15 7 -1 12 -1 62 -1 74 -1 76 -1 101 -1 106 -1 129 -1 131 -1 137 -1 140 -1 195 -1 204 -1 206 -1 231 -1
-1 7 103 -1 117 -1 150 -1 152 -1 156 -1 207 -1 215 -1
-1 8 18 -1 106 -1 113 -1 181 -1 182 -1 190 -1 223 -1 225 -1
-1 13 47 -1 54 -1 60 -1 81 -1 89 -1 100 -1 106 -1 108 -1 119 -1 171 -1 173 -1 228 -1 230 -1
-1 10 30 -1 72 -1 75 -1 102 -1 131 -1 146 -1 188 -1 202 -1 219 -1 221 -1
-1 12 25 -1 38 -1 55 -1 74 -1 149 -1 156 -1 163 -1 190 -1 198 -1 226 -1 229 -1 239 -1
-1 7 85 -1 98 -1 126 -1 156 -1 178 -1 181 -1 238 -1
-1 11 24 -1 71 -1 75 -1 78 -1 88 -1 105 -1 123 -1 125 -1 126 -1 166 -1 215 -1
-1 10 12 -1 16 -1 29 -1 69 -1 89 -1 126 -1 143 -1 164 -1 191 -1 224 -1
-1 8 9 -1 73 -1 101 -1 121 -1 144 -1 145 -1 161 -1 190 -1
-1 10 60 -1 65 -1 81 -1 115 -1 165 -1 173 -1 182 -1 208 -1 219 -1 233 -1
-1 9 44 -1 46 -1 57 -1 97 -1 98 -1 122 -1 161 -1 191 -1 198 -1
-1 13 23 -1 29 -1 43 -1 69 -1 72 -1 74 -1 104 -1 108 -1 155 -1 178 -1 187 -1 188 -1 235 -1
-1 12 1 -1 34 -1 41 -1 51 -1 53 -1 61 -1 66 -1 95 -1 143 -1 146 -1 163 -1 222 -1
-1 12 1 -1 16 -1 68 -1 96 -1 112 -1 147 -1 149 -1 152 -1 174 -1 196 -1 208 -1 237 -1
-1 10 9 -1 52 -1 53 -1 94 -1 123 -1 131 -1 152 -1 156 -1 218 -1 234 -1
-1 11 40 -1 44 -1 55 -1 65 -1 87 -1 95 -1 118 -1 125 -1 129 -1 139 -1 157 -1
-1 10 40 -1 61 -1 75 -1 88 -1 115 -1 144 -1 151 -1 198 -1 213 -1 238 -1
-1 12 6 -1 11 -1 33 -1 49 -1 57 -1 90 -1 96 -1 112 -1 125 -1 192 -1 208 -1 212 -1
-1 10 27 -1 60 -1 76 -1 92 -1 139 -1 162 -1 205 -1 214 -1 222 -1 229 -1
-1 8 49 -1 65 -1 66 -1 86 -1 113 -1 169 -1 210 -1 211 -1
-1 11 25 -1 35 -1 85 -1 98 -1 102 -1 115 -1 120 -1 145 -1 185 -1 223 -1 234 -1
-1 6 19 -1 48 -1 112 -1 167 -1 184 -1 195 -1
incumbent 1
1 0 0 1 0 0 0 1 0 0 1 0 0 0 1 1 0 0 0 1 1 0 1 0 0 0 0 0 0 0 0 0 0 0 1 0 1 0 0 1 0 0 1 0 0 0 0 0 0 0 0 0 0 0 0 0 0 0 0 0 0 0 0 1 1 0 0 0 0 0 0 0 0 0 0 0 0 0 0 0 1 0 0 0 1 0 0 0 1 0 0 0 0 1 0 0 0 0 1 1 1 0 0 0 0 0 0 0 0 1 0 1 0 0 1 0 0 1 0 0 0 1 0 0 0 0 0 1 0 0 0 0 0 1 0 1 0 0 0 1 0 0 0 0 0 0 0 1 0 0 0 0 0 0 0 1 0 0 1 0 1 0 0 0 0 0 0 0 0 1 0 0 0 0 0 0 0 0 0 1 0 0 0 0 0 0 0 0 0 0 0 0 0 1 0 0 0 1 0 0 0 1 1 0 0 0 0 0 0 0 0 0 1 0 0 0 0 0 1 0 0 0 0 0 0 1 0 0 0 0 0 0 0 0 0 0 0 0 0 1
