200 100
-47 -13 -6 -21 -28 -42 -7 -14 -24 -35 -14 -5 -26 -29 -18 -34 -48 -19 -20 -7 -23 -34 -35 -8 -28 -50 -46 -43 -41 -49 -38 -32 -10 -5 -11 -7 -46 -43 -29 -25 -46 -41 -33 -32 -43 -26 -48 -25 -28 -45 -17 -45 -34 -37 -47 -38 -47 -38 -16 -44 -42 -43 -45 -46 -28 -16 -47 -6 -17 -37 -27 -46 -38 -25 -28 -47 -8 -43 -25 -24 -11 -34 -24 -41 -25 -45 -37 -17 -43 -29 -9 -35 -45 -40 -18 -8 -22 -13 -35 -27 -6 -12 -27 -32 -42 -50 -13 -5 -46 -48 -30 -32 -10 -6 -28 -46 -49 -32 -47 -35 -24 -29 -28 -16 -8 -14 -14 -10 -13 -43 -11 -21 -35 -47 -28 -43 -19 -29 -22 -21 -25 -12 -9 -47 -5 -40 -45 -36 -39 -26 -37 -40 -45 -32 -8 -30 -21 -46 -30 -36 -15 -35 -8 -45 -43 -15 -12 -24 -8 -15 -33 -12 -8 -14 -30 -8 -8 -23 -32 -27 -32 -30 -41 -32 -32 -38 -38 -9 -35 -16 -45 -20 -21 -44 -34 -42 -16 -27 -29 -21
-1 7 14 -1 47 -1 61 -1 91 -1 163 -1 168 -1 199 -1
-1 7 7 -1 16 -1 33 -1 72 -1 96 -1 124 -1 148 -1
-1 6 84 -1 120 -1 132 -1 148 -1 152 -1 185 -1
-1 9 3 -1 46 -1 50 -1 57 -1 78 -1 118 -1 138 -1 185 -1 197 -1
-1 6 18 -1 35 -1 132 -1 141 -1 156 -1 163 -1
-1 6 21 -1 37 -1 56 -1 90 -1 92 -1 195 -1
-1 3 26 -1 42 -1 105 -1
-1 6 77 -1 85 -1 89 -1 98 -1 141 -1 180 -1
-1 5 6 -1 114 -1 131 -1 190 -1 194 -1
-1 1 150 -1
-1 6 40 -1 53 -1 58 -1 82 -1 89 -1 156 -1
-1 6 0 -1 46 -1 47 -1 50 -1 161 -1 188 -1
-1 7 12 -1 70 -1 72 -1 125 -1 145 -1 176 -1 187 -1
-1 8 14 -1 54 -1 57 -1 84 -1 149 -1 159 -1 178 -1 192 -1
-1 4 8 -1 46 -1 102 -1 171 -1
-1 7 116 -1 131 -1 157 -1 168 -1 176 -1 182 -1 193 -1
-1 3 20 -1 33 -1 182 -1
-1 3 31 -1 43 -1 150 -1
-1 1 127 -1
-1 6 25 -1 53 -1 59 -1 133 -1 152 -1 174 -1
-1 5 33 -1 36 -1 88 -1 112 -1 128 -1
-1 3 17 -1 53 -1 151 -1
-1 2 63 -1 133 -1
-1 3 49 -1 98 -1 165 -1
-1 4 77 -1 82 -1 126 -1 145 -1
-1 5 11 -1 34 -1 141 -1 150 -1 158 -1
-1 4 44 -1 147 -1 166 -1 172 -1
-1 6 18 -1 22 -1 35 -1 51 -1 75 -1 140 -1
-1 7 25 -1 67 -1 71 -1 102 -1 117 -1 144 -1 167 -1
-1 6 16 -1 77 -1 167 -1 176 -1 187 -1 198 -1
-1 2 12 -1 121 -1
-1 6 21 -1 48 -1 91 -1 106 -1 121 -1 151 -1
-1 5 13 -1 36 -1 72 -1 117 -1 130 -1
-1 8 17 -1 49 -1 95 -1 123 -1 137 -1 150 -1 178 -1 192 -1
-1 7 61 -1 84 -1 98 -1 99 -1 124 -1 126 -1 138 -1
-1 5 59 -1 60 -1 122 -1 182 -1 193 -1
-1 3 90 -1 183 -1 188 -1
-1 3 58 -1 71 -1 153 -1
-1 7 27 -1 57 -1 62 -1 86 -1 123 -1 146 -1 176 -1
-1 2 110 -1 122 -1
-1 5 32 -1 40 -1 72 -1 123 -1 148 -1
-1 3 98 -1 153 -1 182 -1
-1 9 9 -1 64 -1 110 -1 139 -1 142 -1 154 -1 162 -1 177 -1 179 -1
-1 2 120 -1 174 -1
-1 5 3 -1 76 -1 94 -1 117 -1 130 -1
-1 3 62 -1 100 -1 181 -1
-1 7 28 -1 42 -1 46 -1 128 -1 155 -1 161 -1 162 -1
-1 3 61 -1 103 -1 128 -1
-1 3 0 -1 22 -1 135 -1
-1 5 2 -1 12 -1 29 -1 129 -1 180 -1
-1 3 23 -1 89 -1 119 -1
-1 4 19 -1 26 -1 108 -1 194 -1
-1 1 27 -1
-1 4 0 -1 16 -1 97 -1 120 -1
-1 3 11 -1 71 -1 189 -1
-1 3 56 -1 85 -1 178 -1
-1 7 48 -1 69 -1 81 -1 109 -1 113 -1 118 -1 196 -1
-1 11 0 -1 43 -1 110 -1 111 -1 114 -1 121 -1 143 -1 152 -1 154 -1 173 -1 175 -1
-1 4 4 -1 17 -1 43 -1 184 -1
-1 5 36 -1 60 -1 134 -1 137 -1 141 -1
-1 8 47 -1 48 -1 73 -1 81 -1 103 -1 106 -1 119 -1 198 -1
-1 7 18 -1 34 -1 37 -1 52 -1 101 -1 154 -1 185 -1
-1 3 105 -1 111 -1 116 -1
-1 6 31 -1 42 -1 50 -1 57 -1 126 -1 186 -1
-1 1 125 -1
-1 6 28 -1 34 -1 42 -1 58 -1 76 -1 181 -1
-1 4 29 -1 30 -1 75 -1 89 -1
-1 4 58 -1 66 -1 80 -1 106 -1
-1 3 44 -1 114 -1 133 -1
-1 3 14 -1 92 -1 186 -1
-1 5 27 -1 32 -1 101 -1 145 -1 167 -1
-1 6 29 -1 101 -1 102 -1 128 -1 132 -1 170 -1
-1 4 95 -1 154 -1 184 -1 187 -1
-1 3 91 -1 115 -1 160 -1
-1 5 26 -1 119 -1 163 -1 170 -1 190 -1
-1 1 142 -1
-1 7 68 -1 69 -1 101 -1 130 -1 148 -1 180 -1 191 -1
-1 6 34 -1 40 -1 45 -1 55 -1 179 -1 191 -1
-1 5 59 -1 65 -1 74 -1 161 -1 172 -1
-1 4 68 -1 93 -1 162 -1 164 -1
-1 6 48 -1 49 -1 109 -1 123 -1 135 -1 172 -1
-1 4 53 -1 82 -1 138 -1 184 -1
-1 4 16 -1 41 -1 45 -1 164 -1
-1 6 66 -1 68 -1 109 -1 118 -1 132 -1 161 -1
-1 3 2 -1 30 -1 187 -1
-1 8 10 -1 28 -1 55 -1 80 -1 104 -1 124 -1 135 -1 190 -1
-1 4 15 -1 118 -1 135 -1 152 -1
-1 10 5 -1 64 -1 78 -1 83 -1 136 -1 145 -1 149 -1 166 -1 171 -1 189 -1
-1 6 10 -1 12 -1 39 -1 66 -1 114 -1 186 -1
-1 5 47 -1 91 -1 142 -1 155 -1 178 -1
-1 5 50 -1 82 -1 106 -1 147 -1 149 -1
-1 6 22 -1 43 -1 44 -1 81 -1 115 -1 195 -1
-1 5 29 -1 69 -1 76 -1 166 -1 195 -1
-1 4 10 -1 22 -1 37 -1 39 -1
-1 9 20 -1 27 -1 44 -1 70 -1 79 -1 107 -1 124 -1 180 -1 191 -1
-1 5 1 -1 55 -1 119 -1 122 -1 164 -1
-1 2 38 -1 163 -1
-1 9 24 -1 37 -1 95 -1 134 -1 139 -1 146 -1 168 -1 169 -1 198 -1
-1 7 7 -1 68 -1 87 -1 111 -1 166 -1 171 -1 198 -1
-1 2 14 -1 39 -1
incumbent 1
0 1 0 0 1 1 1 0 1 1 0 0 0 1 0 1 0 0 0 0 0 0 0 1 1 1 0 0 0 0 1 1 0 0 0 0 0 0 1 1 1 1 0 0 0 0 0 0 0 0 0 1 1 0 1 0 1 0 0 0 1 0 0 1 0 0 0 0 0 0 0 0 0 1 1 0 0 1 0 1 0 0 0 0 0 0 1 1 1 0 0 0 0 1 1 0 1 1 0 1 0 0 0 0 1 1 0 0 1 1 0 0 0 0 0 1 0 0 0 0 0 0 0 0 0 1 0 1 0 1 0 0 0 0 0 0 0 0 0 0 0 0 0 1 0 0 0 1 0 0 0 1 0 1 0 1 0 1 1 0 0 0 0 0 0 1 0 0 0 0 1 0 0 0 0 0 0 0 0 0 0 1 0 1 0 0 0 0 0 0 0 0 0 0 0 0 0 1 0 1
