280 117
27 35 54 40 25 4 49 29 36 38 63 52 61 58 44 17 16 65 30 34 3 1 52 49 2 7 35 37 60 19 24 33 32 54 62 68 24 25 70 12 33 58 34 3 24 19 37 38 21 2 59 61 39 44 23 1 57 8 54 54 26 25 29 4 27 7 18 65 18 69 68 38 29 47 18 40 4 55 27 30 64 23 56 37 42 64 59 36 15 65 3 59 21 38 70 8 1 64 13 68 65 40 33 22 29 70 66 13 9 48 46 51 5 45 57 66 68 20 51 31 43 24 40 19 5 36 23 16 26 18 51 24 12 67 52 46 63 15 49 38 23 15 30 33 13 54 68 68 4 16 59 64 61 44 9 32 13 60 68 13 8 5 23 17 28 13 69 35 4 27 16 56 24 35 61 66 1 53 31 37 2 25 18 62 36 53 31 43 49 65 25 37 29 5 23 59 70 69 35 15 7 11 36 50 46 40 54 14 64 62 11 23 68 63 32 63 20 15 5 45 32 15 50 40 5 49 38 49 9 13 36 61 20 63 68 60 8 7 29 67 43 33 38 40 50 4 63 70 64 8 50 14 43 64 16 3 4 34 22 22 28 36 28 28 27 13 6 30 50 31 17 70 5 15 23 21 50 12 8 10
1 5 0 1 1 1 2 1 3 1 4 1
-1 5 0 -1 1 -1 2 -1 3 -1 4 -1
1 5 5 1 6 1 7 1 8 1 9 1
-1 5 5 -1 6 -1 7 -1 8 -1 9 -1
1 5 10 1 11 1 12 1 13 1 14 1
-1 5 10 -1 11 -1 12 -1 13 -1 14 -1
1 5 15 1 16 1 17 1 18 1 19 1
-1 5 15 -1 16 -1 17 -1 18 -1 19 -1
1 5 20 1 21 1 22 1 23 1 24 1
-1 5 20 -1 21 -1 22 -1 23 -1 24 -1
1 5 25 1 26 1 27 1 28 1 29 1
-1 5 25 -1 26 -1 27 -1 28 -1 29 -1
1 5 30 1 31 1 32 1 33 1 34 1
-1 5 30 -1 31 -1 32 -1 33 -1 34 -1
1 5 35 1 36 1 37 1 38 1 39 1
-1 5 35 -1 36 -1 37 -1 38 -1 39 -1
1 5 40 1 41 1 42 1 43 1 44 1
-1 5 40 -1 41 -1 42 -1 43 -1 44 -1
1 5 45 1 46 1 47 1 48 1 49 1
-1 5 45 -1 46 -1 47 -1 48 -1 49 -1
1 5 50 1 51 1 52 1 53 1 54 1
-1 5 50 -1 51 -1 52 -1 53 -1 54 -1
1 5 55 1 56 1 57 1 58 1 59 1
-1 5 55 -1 56 -1 57 -1 58 -1 59 -1
1 5 60 1 61 1 62 1 63 1 64 1
-1 5 60 -1 61 -1 62 -1 63 -1 64 -1
1 5 65 1 66 1 67 1 68 1 69 1
-1 5 65 -1 66 -1 67 -1 68 -1 69 -1
1 5 70 1 71 1 72 1 73 1 74 1
-1 5 70 -1 71 -1 72 -1 73 -1 74 -1
1 5 75 1 76 1 77 1 78 1 79 1
-1 5 75 -1 76 -1 77 -1 78 -1 79 -1
1 5 80 1 81 1 82 1 83 1 84 1
-1 5 80 -1 81 -1 82 -1 83 -1 84 -1
1 5 85 1 86 1 87 1 88 1 89 1
-1 5 85 -1 86 -1 87 -1 88 -1 89 -1
1 5 90 1 91 1 92 1 93 1 94 1
-1 5 90 -1 91 -1 92 -1 93 -1 94 -1
1 5 95 1 96 1 97 1 98 1 99 1
-1 5 95 -1 96 -1 97 -1 98 -1 99 -1
1 5 100 1 101 1 102 1 103 1 104 1
-1 5 100 -1 101 -1 102 -1 103 -1 104 -1
1 5 105 1 106 1 107 1 108 1 109 1
-1 5 105 -1 106 -1 107 -1 108 -1 109 -1
1 5 110 1 111 1 112 1 113 1 114 1
-1 5 110 -1 111 -1 112 -1 113 -1 114 -1
1 5 115 1 116 1 117 1 118 1 119 1
-1 5 115 -1 116 -1 117 -1 118 -1 119 -1
1 5 120 1 121 1 122 1 123 1 124 1
-1 5 120 -1 121 -1 122 -1 123 -1 124 -1
1 5 125 1 126 1 127 1 128 1 129 1
-1 5 125 -1 126 -1 127 -1 128 -1 129 -1
1 5 130 1 131 1 132 1 133 1 134 1
-1 5 130 -1 131 -1 132 -1 133 -1 134 -1
1 5 135 1 136 1 137 1 138 1 139 1
-1 5 135 -1 136 -1 137 -1 138 -1 139 -1
1 5 140 1 141 1 142 1 143 1 144 1
-1 5 140 -1 141 -1 142 -1 143 -1 144 -1
1 5 145 1 146 1 147 1 148 1 149 1
-1 5 145 -1 146 -1 147 -1 148 -1 149 -1
1 5 150 1 151 1 152 1 153 1 154 1
-1 5 150 -1 151 -1 152 -1 153 -1 154 -1
1 5 155 1 156 1 157 1 158 1 159 1
-1 5 155 -1 156 -1 157 -1 158 -1 159 -1
1 5 160 1 161 1 162 1 163 1 164 1
-1 5 160 -1 161 -1 162 -1 163 -1 164 -1
1 5 165 1 166 1 167 1 168 1 169 1
-1 5 165 -1 166 -1 167 -1 168 -1 169 -1
1 5 170 1 171 1 172 1 173 1 174 1
-1 5 170 -1 171 -1 172 -1 173 -1 174 -1
1 5 175 1 176 1 177 1 178 1 179 1
-1 5 175 -1 176 -1 177 -1 178 -1 179 -1
1 5 180 1 181 1 182 1 183 1 184 1
-1 5 180 -1 181 -1 182 -1 183 -1 184 -1
1 5 185 1 186 1 187 1 188 1 189 1
-1 5 185 -1 186 -1 187 -1 188 -1 189 -1
1 5 190 1 191 1 192 1 193 1 194 1
-1 5 190 -1 191 -1 192 -1 193 -1 194 -1
1 5 195 1 196 1 197 1 198 1 199 1
-1 5 195 -1 196 -1 197 -1 198 -1 199 -1
1 5 200 1 201 1 202 1 203 1 204 1
-1 5 200 -1 201 -1 202 -1 203 -1 204 -1
1 5 205 1 206 1 207 1 208 1 209 1
-1 5 205 -1 206 -1 207 -1 208 -1 209 -1
1 5 210 1 211 1 212 1 213 1 214 1
-1 5 210 -1 211 -1 212 -1 213 -1 214 -1
1 5 215 1 216 1 217 1 218 1 219 1
-1 5 215 -1 216 -1 217 -1 218 -1 219 -1
1 5 220 1 221 1 222 1 223 1 224 1
-1 5 220 -1 221 -1 222 -1 223 -1 224 -1
1 5 225 1 226 1 227 1 228 1 229 1
-1 5 225 -1 226 -1 227 -1 228 -1 229 -1
1 5 230 1 231 1 232 1 233 1 234 1
-1 5 230 -1 231 -1 232 -1 233 -1 234 -1
1 5 235 1 236 1 237 1 238 1 239 1
-1 5 235 -1 236 -1 237 -1 238 -1 239 -1
1 5 240 1 241 1 242 1 243 1 244 1
-1 5 240 -1 241 -1 242 -1 243 -1 244 -1
1 5 245 1 246 1 247 1 248 1 249 1
-1 5 245 -1 246 -1 247 -1 248 -1 249 -1
1 5 250 1 251 1 252 1 253 1 254 1
-1 5 250 -1 251 -1 252 -1 253 -1 254 -1
1 5 255 1 256 1 257 1 258 1 259 1
-1 5 255 -1 256 -1 257 -1 258 -1 259 -1
1 5 260 1 261 1 262 1 263 1 264 1
-1 5 260 -1 261 -1 262 -1 263 -1 264 -1
1 5 265 1 266 1 267 1 268 1 269 1
-1 5 265 -1 266 -1 267 -1 268 -1 269 -1
1 5 270 1 271 1 272 1 273 1 274 1
-1 5 270 -1 271 -1 272 -1 273 -1 274 -1
1 5 275 1 276 1 277 1 278 1 279 1
-1 5 275 -1 276 -1 277 -1 278 -1 279 -1
-68 56 0 -3 5 -3 10 -10 15 -6 20 -7 25 -10 30 -5 35 -5 40 -3 45 -2 50 -7 55 -1 60 -4 65 -5 70 -4 75 -10 80 -2 85 -7 90 -5 95 -1 100 -2 105 -1 110 -6 115 -3 120 -1 125 -5 130 -5 135 -4 140 -3 145 -6 150 -2 155 -3 160 -5 165 -3 170 -3 175 -10 180 -8 185 -10 190 -1 195 -10 200 -9 205 -3 210 -10 215 -8 220 -2 225 -6 230 -9 235 -1 240 -2 245 -2 250 -4 255 -10 260 -4 265 -5 270 -10 275 -4
-76 56 1 -1 6 -8 11 -10 16 -4 21 -6 26 -9 31 -9 36 -9 41 -10 46 -5 51 -5 56 -1 61 -1 66 -6 71 -2 76 -5 81 -4 86 -5 91 -6 96 -8 101 -9 106 -7 111 -7 116 -9 121 -3 126 -4 131 -10 136 -3 141 -7 146 -1 151 -5 156 -9 161 -6 166 -1 171 -6 176 -5 181 -9 186 -9 191 -5 196 -7 201 -4 206 -9 211 -9 216 -5 221 -9 226 -7 231 -2 236 -9 241 -9 246 -1 251 -5 256 -8 261 -10 266 -10 271 -7 276 -10
-59 56 2 -8 7 -4 12 -1 17 -1 22 -3 27 -2 32 -7 37 -7 42 -5 47 -2 52 -10 57 -9 62 -3 67 -7 72 -1 77 -7 82 -10 87 -10 92 -2 97 -1 102 -5 107 -6 112 -3 117 -9 122 -1 127 -2 132 -7 137 -1 142 -8 147 -8 152 -7 157 -10 162 -10 167 -8 172 -4 177 -1 182 -10 187 -5 192 -2 197 -1 202 -10 207 -3 212 -7 217 -7 222 -10 227 -4 232 -8 237 -1 242 -3 247 -2 252 -2 257 -1 262 -2 267 -6 272 -8 277 -3
-64 56 3 -9 8 -7 13 -7 18 -7 23 -7 28 -10 33 -5 38 -3 43 -2 48 -9 53 -7 58 -2 63 -10 68 -7 73 -10 78 -7 83 -2 88 -2 93 -8 98 -9 103 -9 108 -7 113 -7 118 -2 123 -5 128 -4 133 -1 138 -1 143 -1 148 -3 153 -1 158 -10 163 -4 168 -10 173 -6 178 -2 183 -4 188 -4 193 -7 198 -5 203 -5 208 -5 213 -7 218 -1 223 -3 228 -1 233 -1 238 -8 243 -9 248 -8 253 -8 258 -6 263 -3 268 -2 273 -3 278 -5
-50 56 4 -5 9 -10 14 -10 19 -9 24 -7 29 -4 34 -5 39 -8 44 -2 49 -10 54 -10 59 -3 64 -9 69 -6 74 -10 79 -9 84 -5 89 -8 94 -6 99 -2 104 -9 109 -1 114 -6 119 -9 124 -4 129 -6 134 -2 139 -5 144 -5 149 -7 154 -5 159 -8 164 -8 169 -1 174 -1 179 -1 184 -3 189 -7 194 -10 199 -2 204 -10 209 -2 214 -9 219 -9 224 -4 229 -3 234 -1 239 -1 244 -10 249 -4 254 -4 259 -1 264 -2 269 -2 274 -6 279 -4
incumbent 1
0 1 0 0 0 0 0 1 0 0 0 1 0 0 0 1 0 0 0 0 0 1 0 0 0 1 0 0 0 0 0 0 0 1 0 0 0 0 0 1 0 0 0 1 0 1 0 0 0 0 0 0 1 0 0 1 0 0 0 0 0 0 0 1 0 1 0 0 0 0 0 0 1 0 0 0 1 0 0 0 0 1 0 0 0 0 0 0 1 0 1 0 0 0 0 1 0 0 0 0 0 0 0 1 0 0 0 0 1 0 0 0 1 0 0 0 0 1 0 0 0 0 0 0 1 0 0 1 0 0 0 0 0 0 1 0 0 1 0 0 1 0 0 0 0 0 0 0 1 0 0 0 0 0 1 0 1 0 0 0 1 0 0 0 0 0 0 0 1 0 0 0 0 1 0 0 1 0 0 0 1 0 0 0 0 0 1 0 0 0 1 0 0 0 0 0 0 0 0 1 1 0 0 0 0 0 0 1 0 0 1 0 0 0 0 0 0 0 1 0 0 0 0 0 1 0 0 0 1 0 0 0 1 0 0 0 0 1 0 0 0 1 0 0 0 1 0 0 0 0 0 1 0 0 0 0 0 0 0 1 0 0 0 0 1 0 1 0 0 0 0 0 1 0 0 0 0 0 1 0
