240 70
-62 -53 -48 -19 -48 -18 -35 -25 -18 -54 -27 -49 -14 -57 -42 -31 -66 -62 -46 -24 -35 -63 -50 -54 -35 -35 -15 -23 -53 -13 -35 -23 -26 -54 -59 -42 -53 -75 -22 -36 -29 -20 -15 -45 -58 -36 -57 -24 -40 -39 -51 -28 -30 -32 -32 -32 -37 -29 -40 -15 -65 -39 -30 -28 -13 -17 -67 -17 -56 -60 -79 -28 -68 -19 -16 -72 -60 -43 -15 -31 -41 -37 -25 -36 -59 -71 -42 -16 -25 -59 -50 -25 -51 -47 -43 -77 -75 -47 -30 -54 -28 -57 -45 -44 -24 -37 -39 -45 -53 -46 -71 -7 -30 -38 -49 -30 -32 -62 -46 -6 -34 -18 -58 -54 -62 -45 -24 -46 -38 -21 -14 -43 -52 -69 -46 -75 -21 -20 -27 -33 -48 -18 -22 -20 -34 -17 -27 -40 -15 -43 -23 -15 -27 -44 -41 -46 -25 -54 -47 -51 -22 -41 -31 -27 -36 -32 -52 -23 -48 -26 -27 -66 -32 -29 -38 -38 -58 -29 -47 -55 -30 -64 -37 -15 -41 -14 -54 -43 -22 -33 -24 -41 -32 -29 -19 -45 -23 -36 -53 -81 -66 -25 -39 -53 -61 -14 -53 -33 -15 -38 -37 -37 -19 -18 -51 -35 -35 -31 -15 -27 -21 -50 -39 -38 -13 -52 -35 -76 -13 -37 -29 -67 -64 -64 -38 -63 -45 -35 -38 -21
-1 12 4 -1 44 -1 87 -1 99 -1 109 -1 122 -1 124 -1 149 -1 155 -1 195 -1 198 -1 200 -1
-1 10 4 -1 15 -1 18 -1 61 -1 106 -1 180 -1 181 -1 187 -1 220 -1 237 -1
-1 11 22 -1 69 -1 70 -1 76 -1 84 -1 85 -1 96 -1 104 -1 192 -1 219 -1 231 -1
-1 11 8 -1 9 -1 37 -1 39 -1 86 -1 110 -1 125 -1 143 -1 167 -1 176 -1 217 -1
-1 8 3 -1 46 -1 54 -1 73 -1 76 -1 101 -1 158 -1 200 -1
-1 17 10 -1 21 -1 27 -1 36 -1 64 -1 76 -1 91 -1 107 -1 150 -1 166 -1 170 -1 198 -1 199 -1 201 -1 202 -1 217 -1 237 -1
-1 7 34 -1 116 -1 131 -1 149 -1 181 -1 221 -1 227 -1
-1 10 0 -1 3 -1 63 -1 95 -1 110 -1 151 -1 169 -1 186 -1 212 -1 229 -1
-1 10 11 -1 16 -1 37 -1 69 -1 90 -1 110 -1 177 -1 195 -1 206 -1 227 -1
-1 10 37 -1 75 -1 84 -1 114 -1 122 -1 135 -1 164 -1 172 -1 189 -1 197 -1
-1 8 15 -1 21 -1 76 -1 86 -1 112 -1 154 -1 155 -1 211 -1
-1 12 20 -1 74 -1 92 -1 112 -1 115 -1 118 -1 127 -1 141 -1 174 -1 186 -1 203 -1 219 -1
-1 9 6 -1 17 -1 18 -1 72 -1 83 -1 101 -1 133 -1 199 -1 223 -1
-1 16 1 -1 13 -1 25 -1 28 -1 33 -1 46 -1 48 -1 50 -1 86 -1 135 -1 165 -1 178 -1 183 -1 213 -1 233 -1 236 -1
-1 7 4 -1 35 -1 74 -1 106 -1 124 -1 131 -1 211 -1
-1 11 14 -1 46 -1 72 -1 85 -1 100 -1 122 -1 123 -1 128 -1 132 -1 196 -1 225 -1
-1 11 2 -1 17 -1 31 -1 35 -1 68 -1 89 -1 102 -1 115 -1 168 -1 199 -1 200 -1
-1 8 13 -1 23 -1 40 -1 72 -1 94 -1 106 -1 207 -1 220 -1
-1 12 44 -1 66 -1 70 -1 77 -1 84 -1 99 -1 101 -1 124 -1 171 -1 179 -1 199 -1 226 -1
-1 6 101 -1 102 -1 159 -1 162 -1 190 -1 191 -1
-1 15 9 -1 17 -1 20 -1 36 -1 37 -1 43 -1 66 -1 89 -1 102 -1 103 -1 105 -1 124 -1 159 -1 209 -1 237 -1
-1 12 33 -1 66 -1 75 -1 80 -1 85 -1 94 -1 95 -1 96 -1 144 -1 147 -1 216 -1 232 -1
-1 6 14 -1 34 -1 133 -1 168 -1 179 -1 234 -1
-1 13 1 -1 12 -1 33 -1 35 -1 38 -1 58 -1 86 -1 139 -1 172 -1 175 -1 184 -1 216 -1 222 -1
-1 6 80 -1 85 -1 110 -1 140 -1 166 -1 233 -1
-1 10 16 -1 23 -1 106 -1 123 -1 134 -1 175 -1 192 -1 198 -1 210 -1 228 -1
-1 12 17 -1 24 -1 44 -1 57 -1 108 -1 117 -1 119 -1 136 -1 147 -1 160 -1 168 -1 217 -1
-1 8 52 -1 60 -1 71 -1 79 -1 161 -1 224 -1 234 -1 235 -1
-1 17 4 -1 9 -1 15 -1 24 -1 33 -1 35 -1 59 -1 68 -1 80 -1 93 -1 99 -1 116 -1 158 -1 160 -1 171 -1 193 -1 229 -1
-1 9 38 -1 53 -1 57 -1 95 -1 171 -1 181 -1 222 -1 230 -1 231 -1
-1 10 21 -1 22 -1 33 -1 93 -1 101 -1 114 -1 117 -1 118 -1 140 -1 160 -1
-1 8 58 -1 61 -1 67 -1 97 -1 108 -1 113 -1 135 -1 184 -1
-1 5 27 -1 40 -1 49 -1 133 -1 141 -1
-1 11 32 -1 34 -1 69 -1 126 -1 129 -1 158 -1 164 -1 187 -1 191 -1 221 -1 239 -1
-1 7 41 -1 60 -1 96 -1 152 -1 154 -1 176 -1 232 -1
-1 1 236 -1
-1 10 2 -1 11 -1 56 -1 71 -1 75 -1 90 -1 127 -1 147 -1 187 -1 232 -1
-1 7 24 -1 70 -1 92 -1 125 -1 133 -1 137 -1 221 -1
-1 10 23 -1 44 -1 133 -1 158 -1 161 -1 171 -1 180 -1 211 -1 214 -1 235 -1
-1 9 17 -1 23 -1 24 -1 56 -1 93 -1 126 -1 166 -1 187 -1 234 -1
-1 11 18 -1 23 -1 55 -1 62 -1 72 -1 76 -1 89 -1 118 -1 167 -1 204 -1 205 -1
-1 10 49 -1 82 -1 120 -1 132 -1 146 -1 157 -1 184 -1 204 -1 210 -1 216 -1
-1 23 28 -1 34 -1 39 -1 47 -1 50 -1 58 -1 68 -1 72 -1 92 -1 108 -1 136 -1 149 -1 174 -1 179 -1 182 -1 194 -1 200 -1 203 -1 206 -1 207 -1 225 -1 231 -1 232 -1
-1 10 0 -1 21 -1 26 -1 32 -1 77 -1 94 -1 99 -1 140 -1 182 -1 238 -1
-1 7 22 -1 30 -1 45 -1 95 -1 123 -1 134 -1 204 -1
-1 9 37 -1 50 -1 54 -1 88 -1 107 -1 124 -1 156 -1 218 -1 231 -1
-1 6 48 -1 60 -1 69 -1 163 -1 210 -1 229 -1
-1 10 0 -1 16 -1 79 -1 105 -1 108 -1 114 -1 117 -1 147 -1 157 -1 203 -1
-1 14 66 -1 88 -1 90 -1 98 -1 109 -1 118 -1 132 -1 158 -1 173 -1 179 -1 190 -1 201 -1 223 -1 239 -1
-1 13 6 -1 16 -1 28 -1 34 -1 51 -1 75 -1 125 -1 132 -1 188 -1 209 -1 214 -1 230 -1 238 -1
-1 12 13 -1 61 -1 65 -1 75 -1 85 -1 92 -1 97 -1 110 -1 153 -1 173 -1 178 -1 206 -1
-1 11 47 -1 48 -1 65 -1 84 -1 112 -1 150 -1 154 -1 166 -1 174 -1 202 -1 235 -1
-1 11 2 -1 11 -1 62 -1 103 -1 131 -1 142 -1 153 -1 154 -1 157 -1 159 -1 221 -1
-1 10 1 -1 49 -1 69 -1 77 -1 93 -1 97 -1 120 -1 146 -1 202 -1 225 -1
-1 8 1 -1 20 -1 50 -1 78 -1 97 -1 112 -1 206 -1 236 -1
-1 8 0 -1 7 -1 116 -1 131 -1 138 -1 185 -1 203 -1 215 -1
-1 11 9 -1 19 -1 91 -1 125 -1 126 -1 130 -1 191 -1 202 -1 208 -1 225 -1 233 -1
-1 13 0 -1 10 -1 53 -1 62 -1 90 -1 93 -1 96 -1 100 -1 111 -1 148 -1 157 -1 170 -1 235 -1
-1 17 14 -1 16 -1 46 -1 52 -1 70 -1 81 -1 83 -1 95 -1 109 -1 121 -1 134 -1 186 -1 197 -1 199 -1 203 -1 215 -1 233 -1
-1 11 1 -1 13 -1 30 -1 35 -1 36 -1 45 -1 127 -1 161 -1 168 -1 178 -1 214 -1
-1 5 22 -1 42 -1 79 -1 175 -1 236 -1
-1 11 19 -1 38 -1 52 -1 71 -1 81 -1 121 -1 125 -1 178 -1 195 -1 223 -1 231 -1
-1 6 113 -1 135 -1 186 -1 189 -1 204 -1 227 -1
-1 14 51 -1 56 -1 70 -1 84 -1 97 -1 135 -1 159 -1 166 -1 172 -1 187 -1 200 -1 214 -1 226 -1 238 -1
-1 13 7 -1 19 -1 30 -1 54 -1 81 -1 89 -1 103 -1 109 -1 117 -1 144 -1 155 -1 159 -1 176 -1
-1 14 4 -1 5 -1 8 -1 15 -1 25 -1 29 -1 45 -1 55 -1 89 -1 98 -1 123 -1 176 -1 193 -1 235 -1
-1 12 60 -1 63 -1 96 -1 107 -1 117 -1 122 -1 127 -1 128 -1 165 -1 181 -1 222 -1 227 -1
-1 10 44 -1 90 -1 99 -1 116 -1 131 -1 138 -1 139 -1 164 -1 191 -1 217 -1
-1 9 9 -1 43 -1 51 -1 58 -1 145 -1 171 -1 176 -1 184 -1 197 -1
-1 10 2 -1 11 -1 43 -1 68 -1 139 -1 153 -1 162 -1 175 -1 181 -1 227 -1
incumbent 1
0 0 0 0 0 1 0 0 0 0 0 0 1 0 0 0 0 0 0 0 0 0 0 0 0 0 0 0 0 0 0 1 0 0 0 0 0 0 0 0 1 0 1 0 0 0 0 0 0 0 0 0 0 1 0 0 0 0 0 1 0 0 0 0 0 0 0 0 0 0 0 0 0 1 0 0 0 0 1 0 0 0 1 1 0 0 0 0 0 0 0 0 0 0 0 0 0 0 0 0 0 0 0 0 1 1 0 0 0 0 0 0 0 1 0 0 0 0 0 1 0 0 0 0 0 0 0 1 0 1 0 0 0 0 0 0 0 1 0 0 1 0 1 1 1 1 0 0 0 0 0 0 1 0 0 0 1 0 0 0 0 0 1 1 0 0 0 0 0 1 0 0 0 1 0 0 0 1 0 0 1 0 0 0 0 1 0 0 1 0 0 0 0 0 1 0 1 0 1 0 0 0 0 0 0 1 0 0 1 0 0 0 0 1 0 0 0 0 0 0 0 0 0 0 1 0 1 0 0 0 0 0 0 0 0 0 0 0 0 0
