180 56
12 15 11 13 5 22 22 27 21 10 22 15 20 29 17 8 17 8 2 4 17 7 12 1 1 10 13 16 11 11 30 10 2 8 29 19 7 13 24 6 12 18 25 26 8 28 23 27 8 21 16 8 25 21 29 8 21 11 20 2 3 30 26 20 5 18 19 24 30 18 3 20 14 17 5 25 11 13 9 8 27 24 19 9 4 28 16 22 9 13 26 10 21 15 19 18 3 27 9 12 24 9 8 4 25 28 10 3 25 11 26 18 20 19 13 5 10 1 19 15 11 9 27 8 21 16 10 29 16 1 21 27 8 20 22 7 23 16 26 10 18 12 26 3 16 13 30 28 5 24 19 5 5 23 1 30 10 28 26 13 8 6 27 25 16 4 16 2 27 28 5 29 2 5 18 9 23 7 10 6
3 53 0 1 4 1 6 1 7 1 8 1 10 1 18 1 20 1 21 1 23 1 24 1 26 1 29 1 31 1 32 1 40 1 42 1 43 1 45 1 47 1 48 1 52 1 59 1 71 1 79 1 82 1 86 1 88 1 96 1 97 1 99 1 103 1 104 1 105 1 111 1 116 1 119 1 121 1 124 1 128 1 129 1 130 1 133 1 144 1 147 1 148 1 156 1 158 1 168 1 172 1 176 1 177 1 179 1
3 45 1 1 2 1 10 1 18 1 19 1 20 1 21 1 22 1 25 1 26 1 30 1 33 1 36 1 38 1 45 1 56 1 57 1 61 1 63 1 64 1 78 1 84 1 85 1 86 1 91 1 93 1 101 1 102 1 108 1 116 1 117 1 118 1 121 1 131 1 139 1 140 1 143 1 146 1 148 1 159 1 162 1 167 1 170 1 171 1 179 1
3 53 0 1 2 1 4 1 9 1 18 1 20 1 21 1 25 1 28 1 32 1 33 1 38 1 41 1 44 1 46 1 48 1 49 1 50 1 51 1 56 1 60 1 61 1 68 1 70 1 75 1 78 1 82 1 84 1 89 1 92 1 94 1 98 1 101 1 103 1 107 1 108 1 110 1 111 1 112 1 113 1 114 1 115 1 117 1 121 1 140 1 141 1 145 1 146 1 163 1 165 1 170 1 172 1 173 1
3 38 2 1 4 1 12 1 15 1 19 1 21 1 24 1 30 1 34 1 37 1 50 1 56 1 86 1 101 1 102 1 103 1 109 1 111 1 112 1 119 1 123 1 124 1 129 1 130 1 131 1 133 1 139 1 140 1 144 1 145 1 150 1 152 1 156 1 158 1 160 1 163 1 167 1 176 1
3 51 1 1 10 1 12 1 13 1 14 1 15 1 16 1 23 1 32 1 34 1 35 1 36 1 39 1 40 1 43 1 52 1 53 1 54 1 55 1 56 1 64 1 68 1 69 1 70 1 72 1 74 1 76 1 80 1 86 1 88 1 90 1 112 1 119 1 125 1 126 1 130 1 133 1 134 1 135 1 137 1 138 1 140 1 147 1 149 1 153 1 158 1 161 1 163 1 164 1 166 1 179 1
3 50 2 1 10 1 11 1 18 1 27 1 31 1 41 1 50 1 51 1 57 1 62 1 64 1 70 1 75 1 78 1 80 1 86 1 92 1 95 1 97 1 99 1 101 1 102 1 107 1 112 1 114 1 115 1 116 1 118 1 123 1 124 1 125 1 126 1 127 1 132 1 133 1 135 1 138 1 141 1 144 1 149 1 152 1 153 1 156 1 157 1 171 1 174 1 176 1 177 1 178 1
3 40 0 1 17 1 18 1 20 1 27 1 28 1 31 1 34 1 36 1 46 1 53 1 58 1 61 1 71 1 80 1 82 1 85 1 91 1 97 1 102 1 110 1 116 1 121 1 123 1 125 1 127 1 134 1 136 1 137 1 141 1 142 1 147 1 152 1 154 1 155 1 161 1 165 1 173 1 176 1 178 1
3 50 0 1 1 1 9 1 15 1 16 1 17 1 19 1 23 1 24 1 28 1 29 1 30 1 31 1 33 1 37 1 40 1 45 1 46 1 51 1 52 1 54 1 56 1 64 1 68 1 73 1 77 1 81 1 90 1 92 1 96 1 97 1 100 1 103 1 107 1 118 1 120 1 121 1 131 1 134 1 135 1 136 1 138 1 147 1 149 1 158 1 160 1 165 1 167 1 172 1 173 1
3 41 2 1 7 1 10 1 13 1 15 1 24 1 32 1 34 1 36 1 43 1 49 1 58 1 59 1 60 1 72 1 73 1 83 1 87 1 92 1 93 1 96 1 101 1 104 1 122 1 126 1 130 1 134 1 136 1 138 1 141 1 143 1 145 1 147 1 149 1 160 1 163 1 170 1 171 1 173 1 176 1 179 1
3 46 5 1 11 1 12 1 13 1 17 1 22 1 32 1 33 1 34 1 39 1 44 1 46 1 53 1 55 1 62 1 68 1 72 1 75 1 79 1 85 1 90 1 91 1 94 1 95 1 96 1 98 1 100 1 102 1 103 1 106 1 111 1 112 1 116 1 120 1 123 1 125 1 128 1 132 1 138 1 142 1 145 1 147 1 148 1 149 1 158 1 179 1
3 52 0 1 8 1 12 1 14 1 22 1 23 1 25 1 31 1 34 1 35 1 36 1 37 1 38 1 55 1 62 1 66 1 67 1 69 1 70 1 74 1 77 1 79 1 82 1 83 1 84 1 91 1 92 1 99 1 107 1 109 1 111 1 120 1 121 1 127 1 132 1 136 1 138 1 139 1 140 1 141 1 145 1 147 1 153 1 154 1 155 1 156 1 162 1 167 1 168 1 169 1 173 1 177 1
3 55 3 1 4 1 5 1 6 1 7 1 14 1 20 1 21 1 22 1 26 1 33 1 34 1 36 1 37 1 42 1 43 1 45 1 48 1 52 1 53 1 56 1 59 1 64 1 69 1 71 1 72 1 73 1 74 1 78 1 81 1 84 1 85 1 87 1 88 1 91 1 94 1 98 1 107 1 111 1 113 1 114 1 121 1 131 1 138 1 146 1 148 1 150 1 160 1 162 1 166 1 167 1 171 1 175 1 176 1 177 1
3 52 3 1 5 1 6 1 11 1 14 1 15 1 20 1 23 1 24 1 25 1 30 1 38 1 43 1 45 1 46 1 47 1 57 1 58 1 60 1 62 1 63 1 68 1 69 1 71 1 75 1 78 1 79 1 80 1 92 1 95 1 97 1 98 1 108 1 116 1 127 1 131 1 132 1 136 1 141 1 148 1 149 1 152 1 154 1 160 1 161 1 168 1 169 1 170 1 172 1 173 1 174 1 175 1
3 62 8 1 13 1 16 1 18 1 19 1 23 1 25 1 26 1 27 1 28 1 30 1 43 1 44 1 45 1 46 1 50 1 51 1 53 1 55 1 58 1 60 1 63 1 65 1 66 1 67 1 69 1 70 1 72 1 73 1 74 1 78 1 85 1 87 1 90 1 96 1 99 1 103 1 106 1 110 1 111 1 112 1 117 1 119 1 120 1 122 1 130 1 134 1 135 1 139 1 141 1 144 1 153 1 156 1 157 1 163 1 166 1 167 1 171 1 174 1 176 1 177 1 178 1
3 50 3 1 5 1 11 1 12 1 15 1 20 1 32 1 38 1 39 1 42 1 43 1 47 1 51 1 53 1 55 1 58 1 61 1 63 1 67 1 68 1 69 1 72 1 76 1 80 1 81 1 82 1 84 1 86 1 91 1 92 1 95 1 96 1 98 1 105 1 120 1 128 1 131 1 133 1 134 1 137 1 144 1 149 1 159 1 161 1 164 1 167 1 173 1 175 1 176 1 178 1
3 51 2 1 4 1 9 1 10 1 19 1 20 1 23 1 24 1 27 1 30 1 40 1 46 1 50 1 53 1 54 1 55 1 59 1 69 1 70 1 71 1 78 1 80 1 83 1 87 1 91 1 98 1 103 1 105 1 106 1 107 1 112 1 116 1 121 1 122 1 128 1 131 1 135 1 138 1 141 1 142 1 144 1 145 1 151 1 152 1 161 1 166 1 168 1 169 1 173 1 174 1 179 1
3 42 4 1 9 1 19 1 28 1 30 1 32 1 35 1 41 1 51 1 54 1 58 1 68 1 81 1 82 1 84 1 85 1 86 1 91 1 93 1 101 1 104 1 112 1 113 1 116 1 117 1 123 1 124 1 128 1 129 1 133 1 149 1 150 1 153 1 154 1 157 1 158 1 165 1 166 1 167 1 172 1 173 1 174 1
3 57 0 1 2 1 5 1 7 1 24 1 28 1 32 1 38 1 43 1 47 1 51 1 52 1 54 1 57 1 58 1 59 1 64 1 65 1 66 1 68 1 81 1 86 1 92 1 93 1 95 1 97 1 100 1 102 1 103 1 104 1 110 1 111 1 112 1 116 1 117 1 118 1 119 1 121 1 124 1 128 1 130 1 135 1 138 1 140 1 141 1 144 1 146 1 147 1 149 1 154 1 155 1 156 1 157 1 167 1 176 1 178 1 179 1
3 56 2 1 3 1 4 1 5 1 6 1 7 1 10 1 12 1 14 1 16 1 21 1 24 1 31 1 33 1 37 1 44 1 46 1 49 1 54 1 55 1 56 1 58 1 62 1 71 1 73 1 80 1 84 1 89 1 95 1 98 1 99 1 101 1 103 1 109 1 110 1 112 1 115 1 120 1 121 1 129 1 131 1 132 1 133 1 136 1 141 1 142 1 146 1 147 1 149 1 157 1 159 1 165 1 167 1 170 1 171 1 172 1
3 52 4 1 5 1 6 1 7 1 11 1 12 1 15 1 21 1 24 1 27 1 41 1 43 1 46 1 48 1 51 1 53 1 55 1 57 1 58 1 59 1 61 1 66 1 75 1 84 1 86 1 91 1 92 1 98 1 100 1 104 1 109 1 111 1 117 1 123 1 126 1 133 1 135 1 137 1 138 1 139 1 141 1 151 1 153 1 155 1 158 1 163 1 167 1 169 1 170 1 174 1 176 1 177 1
3 54 2 1 3 1 5 1 7 1 9 1 12 1 15 1 19 1 24 1 26 1 31 1 37 1 40 1 42 1 46 1 67 1 70 1 71 1 75 1 76 1 81 1 82 1 83 1 85 1 86 1 89 1 91 1 98 1 99 1 103 1 111 1 113 1 114 1 116 1 118 1 121 1 136 1 139 1 144 1 148 1 152 1 153 1 154 1 155 1 156 1 157 1 159 1 161 1 166 1 167 1 168 1 169 1 174 1 177 1
3 44 2 1 9 1 12 1 13 1 14 1 18 1 19 1 29 1 38 1 41 1 49 1 55 1 56 1 58 1 59 1 60 1 61 1 62 1 63 1 68 1 72 1 73 1 78 1 87 1 93 1 94 1 95 1 96 1 109 1 110 1 111 1 113 1 117 1 123 1 127 1 133 1 135 1 137 1 151 1 152 1 157 1 162 1 163 1 178 1
3 49 0 1 10 1 17 1 20 1 21 1 22 1 32 1 33 1 35 1 43 1 48 1 55 1 57 1 59 1 65 1 69 1 77 1 78 1 79 1 85 1 86 1 87 1 91 1 95 1 106 1 107 1 108 1 113 1 115 1 118 1 121 1 124 1 125 1 139 1 141 1 145 1 148 1 150 1 154 1 156 1 158 1 160 1 161 1 164 1 165 1 166 1 171 1 172 1 174 1
3 51 0 1 9 1 20 1 21 1 26 1 30 1 37 1 44 1 47 1 54 1 57 1 58 1 64 1 65 1 66 1 70 1 71 1 73 1 81 1 82 1 88 1 90 1 91 1 95 1 99 1 100 1 102 1 105 1 109 1 111 1 115 1 118 1 120 1 124 1 127 1 128 1 129 1 135 1 141 1 143 1 144 1 157 1 158 1 159 1 160 1 161 1 164 1 169 1 173 1 176 1 179 1
3 56 6 1 10 1 15 1 16 1 17 1 19 1 22 1 23 1 25 1 31 1 33 1 37 1 42 1 43 1 44 1 48 1 55 1 56 1 58 1 62 1 64 1 66 1 70 1 71 1 73 1 76 1 77 1 78 1 79 1 82 1 86 1 89 1 91 1 92 1 93 1 95 1 96 1 97 1 115 1 120 1 122 1 130 1 136 1 137 1 143 1 146 1 149 1 150 1 153 1 159 1 162 1 163 1 164 1 165 1 166 1 175 1
3 46 2 1 3 1 9 1 12 1 15 1 16 1 17 1 21 1 23 1 25 1 26 1 31 1 33 1 47 1 48 1 50 1 58 1 62 1 69 1 73 1 77 1 86 1 87 1 89 1 93 1 98 1 104 1 110 1 114 1 122 1 124 1 126 1 131 1 135 1 140 1 142 1 145 1 147 1 151 1 157 1 159 1 160 1 168 1 169 1 177 1 178 1
3 41 0 1 6 1 8 1 12 1 13 1 15 1 16 1 22 1 24 1 25 1 29 1 32 1 33 1 34 1 39 1 40 1 45 1 47 1 48 1 55 1 56 1 57 1 60 1 64 1 65 1 77 1 81 1 92 1 96 1 124 1 131 1 135 1 136 1 139 1 141 1 149 1 151 1 154 1 159 1 160 1 170 1
3 55 0 1 1 1 2 1 12 1 18 1 22 1 25 1 26 1 29 1 31 1 32 1 33 1 34 1 35 1 39 1 53 1 54 1 57 1 58 1 60 1 61 1 66 1 71 1 75 1 79 1 80 1 82 1 84 1 89 1 102 1 106 1 112 1 114 1 115 1 116 1 117 1 118 1 119 1 122 1 131 1 140 1 142 1 143 1 145 1 151 1 153 1 155 1 158 1 164 1 165 1 166 1 170 1 171 1 173 1 174 1
3 47 1 1 3 1 10 1 19 1 21 1 24 1 25 1 28 1 32 1 33 1 34 1 35 1 36 1 51 1 52 1 55 1 57 1 64 1 66 1 73 1 75 1 76 1 80 1 82 1 86 1 91 1 93 1 96 1 105 1 114 1 116 1 117 1 121 1 124 1 125 1 126 1 131 1 136 1 141 1 148 1 153 1 155 1 163 1 166 1 170 1 171 1 172 1
3 47 1 1 5 1 7 1 8 1 10 1 14 1 16 1 20 1 26 1 31 1 33 1 35 1 43 1 46 1 47 1 48 1 49 1 52 1 60 1 61 1 70 1 72 1 74 1 75 1 77 1 80 1 81 1 82 1 83 1 87 1 88 1 90 1 95 1 109 1 114 1 118 1 127 1 128 1 134 1 138 1 141 1 155 1 159 1 162 1 166 1 169 1 179 1
3 41 4 1 11 1 14 1 17 1 25 1 28 1 33 1 34 1 35 1 41 1 44 1 60 1 61 1 64 1 66 1 67 1 69 1 73 1 77 1 86 1 88 1 90 1 100 1 101 1 105 1 112 1 116 1 130 1 136 1 139 1 141 1 146 1 148 1 151 1 152 1 156 1 157 1 159 1 169 1 170 1 178 1
3 53 0 1 3 1 5 1 11 1 12 1 18 1 23 1 27 1 32 1 38 1 41 1 44 1 45 1 47 1 51 1 55 1 57 1 58 1 59 1 63 1 66 1 70 1 71 1 77 1 79 1 84 1 88 1 92 1 96 1 100 1 103 1 105 1 106 1 107 1 109 1 113 1 117 1 121 1 125 1 127 1 128 1 137 1 139 1 140 1 148 1 155 1 158 1 161 1 162 1 164 1 172 1 173 1 179 1
3 63 2 1 4 1 5 1 7 1 9 1 13 1 24 1 30 1 32 1 35 1 39 1 46 1 47 1 49 1 54 1 60 1 64 1 65 1 70 1 71 1 76 1 82 1 84 1 85 1 86 1 89 1 92 1 95 1 97 1 102 1 104 1 106 1 109 1 110 1 111 1 113 1 118 1 121 1 122 1 123 1 125 1 126 1 127 1 130 1 131 1 134 1 135 1 137 1 138 1 139 1 147 1 148 1 150 1 152 1 153 1 155 1 157 1 159 1 161 1 164 1 167 1 168 1 175 1
3 54 3 1 4 1 5 1 7 1 23 1 24 1 27 1 29 1 32 1 33 1 42 1 45 1 47 1 48 1 49 1 52 1 54 1 55 1 59 1 60 1 62 1 72 1 76 1 77 1 87 1 91 1 99 1 100 1 103 1 104 1 105 1 106 1 107 1 108 1 123 1 127 1 134 1 136 1 146 1 147 1 148 1 149 1 154 1 157 1 159 1 161 1 162 1 163 1 166 1 168 1 171 1 173 1 174 1 179 1
3 48 3 1 5 1 7 1 8 1 9 1 12 1 29 1 30 1 31 1 35 1 40 1 44 1 50 1 51 1 55 1 61 1 62 1 63 1 68 1 70 1 79 1 80 1 83 1 92 1 96 1 102 1 104 1 110 1 112 1 115 1 118 1 124 1 129 1 134 1 136 1 138 1 139 1 140 1 142 1 146 1 148 1 151 1 159 1 166 1 167 1 171 1 173 1 175 1
3 57 1 1 3 1 7 1 9 1 10 1 12 1 19 1 21 1 22 1 23 1 24 1 28 1 31 1 33 1 41 1 43 1 48 1 49 1 50 1 51 1 52 1 53 1 58 1 65 1 67 1 69 1 70 1 73 1 75 1 76 1 79 1 85 1 91 1 95 1 97 1 98 1 104 1 111 1 117 1 120 1 123 1 129 1 133 1 134 1 139 1 144 1 148 1 150 1 151 1 152 1 165 1 166 1 169 1 170 1 174 1 176 1 178 1
3 43 7 1 10 1 13 1 18 1 22 1 28 1 30 1 32 1 34 1 37 1 42 1 44 1 48 1 49 1 51 1 57 1 73 1 77 1 80 1 83 1 90 1 92 1 95 1 96 1 101 1 109 1 110 1 111 1 113 1 117 1 121 1 127 1 138 1 139 1 141 1 143 1 144 1 146 1 147 1 148 1 158 1 165 1 171 1
3 41 4 1 5 1 10 1 18 1 21 1 26 1 29 1 31 1 33 1 40 1 55 1 58 1 62 1 64 1 68 1 69 1 73 1 81 1 84 1 89 1 92 1 93 1 105 1 109 1 110 1 113 1 114 1 118 1 119 1 124 1 125 1 129 1 132 1 137 1 143 1 144 1 154 1 158 1 164 1 175 1 178 1
3 50 0 1 2 1 4 1 6 1 8 1 12 1 15 1 18 1 25 1 26 1 30 1 31 1 33 1 37 1 44 1 53 1 56 1 58 1 62 1 70 1 74 1 77 1 86 1 88 1 96 1 99 1 100 1 102 1 103 1 106 1 108 1 119 1 122 1 124 1 125 1 127 1 136 1 139 1 141 1 144 1 147 1 152 1 154 1 157 1 163 1 166 1 169 1 171 1 173 1 177 1
3 46 6 1 9 1 12 1 13 1 23 1 29 1 35 1 47 1 48 1 53 1 54 1 55 1 58 1 59 1 66 1 67 1 68 1 69 1 72 1 75 1 76 1 80 1 88 1 89 1 95 1 98 1 99 1 103 1 128 1 131 1 141 1 142 1 143 1 145 1 148 1 153 1 158 1 159 1 161 1 162 1 165 1 166 1 167 1 172 1 175 1 177 1
3 45 6 1 11 1 12 1 17 1 22 1 24 1 25 1 28 1 33 1 39 1 49 1 50 1 52 1 59 1 60 1 65 1 76 1 82 1 84 1 85 1 86 1 94 1 100 1 103 1 105 1 109 1 113 1 117 1 119 1 123 1 126 1 135 1 137 1 139 1 142 1 144 1 146 1 151 1 159 1 164 1 168 1 169 1 175 1 178 1 179 1
3 50 4 1 6 1 12 1 13 1 19 1 20 1 22 1 27 1 28 1 31 1 32 1 35 1 37 1 39 1 47 1 52 1 58 1 59 1 62 1 66 1 69 1 73 1 79 1 81 1 89 1 98 1 99 1 110 1 111 1 112 1 113 1 115 1 116 1 119 1 121 1 122 1 126 1 129 1 133 1 137 1 138 1 140 1 143 1 151 1 155 1 156 1 158 1 162 1 165 1 168 1
3 43 0 1 2 1 9 1 11 1 24 1 25 1 26 1 29 1 32 1 38 1 40 1 46 1 53 1 55 1 57 1 58 1 66 1 68 1 70 1 76 1 84 1 86 1 98 1 102 1 106 1 107 1 116 1 120 1 123 1 124 1 127 1 130 1 131 1 133 1 136 1 139 1 145 1 147 1 151 1 164 1 167 1 173 1 177 1
3 54 0 1 3 1 5 1 7 1 10 1 15 1 16 1 19 1 22 1 24 1 29 1 32 1 43 1 45 1 50 1 52 1 54 1 61 1 66 1 75 1 78 1 80 1 88 1 89 1 93 1 94 1 97 1 98 1 100 1 102 1 104 1 105 1 110 1 112 1 114 1 120 1 125 1 130 1 131 1 133 1 135 1 138 1 155 1 160 1 163 1 164 1 165 1 169 1 170 1 171 1 173 1 175 1 177 1 178 1
3 45 2 1 6 1 8 1 9 1 10 1 11 1 27 1 30 1 47 1 50 1 52 1 54 1 55 1 56 1 60 1 68 1 72 1 74 1 75 1 76 1 82 1 90 1 98 1 105 1 106 1 107 1 120 1 124 1 126 1 129 1 131 1 138 1 140 1 144 1 145 1 151 1 152 1 154 1 156 1 158 1 169 1 170 1 172 1 175 1 179 1
3 54 0 1 3 1 6 1 7 1 20 1 24 1 27 1 37 1 42 1 44 1 46 1 47 1 55 1 57 1 61 1 63 1 64 1 68 1 73 1 74 1 77 1 87 1 89 1 91 1 98 1 108 1 114 1 116 1 119 1 121 1 123 1 124 1 126 1 130 1 131 1 134 1 137 1 141 1 145 1 146 1 148 1 149 1 154 1 155 1 158 1 159 1 166 1 167 1 169 1 170 1 171 1 173 1 174 1 176 1
3 39 3 1 5 1 7 1 15 1 18 1 20 1 22 1 25 1 29 1 36 1 47 1 50 1 51 1 70 1 71 1 83 1 86 1 87 1 90 1 97 1 100 1 105 1 106 1 113 1 115 1 118 1 120 1 122 1 125 1 126 1 135 1 138 1 139 1 144 1 149 1 152 1 161 1 163 1 179 1
3 57 0 1 2 1 6 1 11 1 13 1 18 1 21 1 25 1 28 1 29 1 30 1 35 1 37 1 38 1 39 1 40 1 43 1 47 1 55 1 59 1 64 1 66 1 70 1 72 1 73 1 77 1 82 1 88 1 90 1 91 1 92 1 95 1 97 1 99 1 100 1 104 1 105 1 106 1 110 1 112 1 117 1 124 1 126 1 129 1 135 1 142 1 143 1 145 1 147 1 149 1 151 1 156 1 164 1 167 1 173 1 174 1 179 1
3 54 0 1 2 1 5 1 8 1 12 1 13 1 14 1 17 1 19 1 20 1 25 1 27 1 35 1 40 1 42 1 47 1 48 1 53 1 56 1 60 1 65 1 67 1 68 1 74 1 75 1 78 1 81 1 82 1 83 1 90 1 92 1 93 1 105 1 107 1 116 1 117 1 119 1 121 1 126 1 127 1 132 1 135 1 138 1 142 1 144 1 151 1 153 1 154 1 161 1 169 1 170 1 171 1 174 1 177 1
3 40 3 1 6 1 10 1 14 1 26 1 27 1 38 1 39 1 42 1 43 1 45 1 49 1 56 1 60 1 69 1 73 1 85 1 96 1 100 1 116 1 118 1 120 1 121 1 122 1 126 1 127 1 128 1 134 1 140 1 149 1 151 1 155 1 160 1 162 1 163 1 164 1 168 1 172 1 176 1 178 1
3 45 2 1 14 1 29 1 31 1 38 1 41 1 42 1 44 1 47 1 51 1 52 1 61 1 62 1 64 1 67 1 68 1 69 1 71 1 72 1 73 1 78 1 82 1 85 1 86 1 88 1 89 1 100 1 101 1 104 1 105 1 106 1 110 1 111 1 118 1 120 1 135 1 137 1 138 1 141 1 151 1 154 1 155 1 165 1 172 1 178 1
3 40 0 1 2 1 6 1 20 1 27 1 28 1 29 1 32 1 39 1 40 1 43 1 44 1 49 1 55 1 56 1 67 1 75 1 76 1 79 1 84 1 90 1 95 1 96 1 99 1 106 1 114 1 126 1 127 1 132 1 138 1 139 1 141 1 143 1 146 1 153 1 164 1 167 1 177 1 178 1 179 1
3 49 5 1 6 1 7 1 26 1 29 1 42 1 46 1 47 1 63 1 65 1 66 1 67 1 68 1 69 1 71 1 77 1 78 1 79 1 82 1 83 1 86 1 87 1 88 1 93 1 94 1 95 1 96 1 97 1 101 1 105 1 106 1 109 1 110 1 115 1 123 1 126 1 128 1 131 1 132 1 134 1 144 1 145 1 149 1 153 1 154 1 158 1 165 1 170 1 172 1
3 44 8 1 10 1 15 1 16 1 19 1 20 1 28 1 29 1 30 1 33 1 37 1 43 1 47 1 52 1 57 1 59 1 65 1 72 1 76 1 79 1 80 1 88 1 89 1 94 1 104 1 105 1 106 1 107 1 112 1 113 1 123 1 125 1 126 1 137 1 141 1 155 1 157 1 158 1 163 1 164 1 167 1 175 1 177 1 178 1
3 48 4 1 5 1 6 1 8 1 9 1 10 1 14 1 16 1 29 1 37 1 41 1 42 1 43 1 50 1 53 1 55 1 58 1 59 1 61 1 66 1 67 1 69 1 72 1 95 1 105 1 107 1 108 1 111 1 112 1 114 1 118 1 122 1 128 1 131 1 135 1 137 1 138 1 139 1 141 1 144 1 150 1 151 1 159 1 166 1 168 1 173 1 177 1 178 1
3 48 6 1 10 1 14 1 15 1 17 1 21 1 27 1 31 1 37 1 41 1 49 1 59 1 61 1 66 1 76 1 77 1 88 1 95 1 99 1 102 1 103 1 104 1 106 1 110 1 111 1 112 1 116 1 117 1 118 1 119 1 123 1 124 1 126 1 127 1 129 1 130 1 132 1 134 1 135 1 140 1 141 1 143 1 146 1 150 1 151 1 160 1 161 1 163 1
incumbent 1
0 0 0 0 0 0 0 0 0 0 0 0 0 0 0 0 0 1 1 0 0 0 0 0 1 0 0 0 0 0 0 0 1 1 0 0 0 0 0 0 0 0 0 0 0 0 0 0 0 0 0 0 0 0 0 0 0 0 0 1 1 0 0 0 0 0 0 0 0 0 1 0 0 0 0 0 0 0 0 0 0 0 0 0 0 0 0 0 0 0 0 0 0 0 0 0 1 0 0 0 0 0 0 0 0 0 0 1 0 0 0 0 0 0 0 0 0 0 0 0 0 0 0 0 0 0 0 0 0 1 0 0 0 0 0 1 0 0 0 0 0 0 0 0 0 0 0 0 0 0 0 0 0 0 1 0 0 0 0 0 0 0 0 0 0 0 0 1 0 0 0 0 1 0 0 0 0 0 0 0
