200 60
12 18 25 9 30 13 24 28 20 9 4 4 20 26 14 25 1 21 13 2 20 15 26 2 10 8 1 14 14 7 2 1 29 28 13 9 1 28 16 16 27 10 24 6 25 13 6 3 25 5 4 8 11 24 15 23 4 15 13 22 7 4 8 2 23 11 24 19 8 7 29 16 7 23 23 22 28 29 7 10 25 26 29 2 22 9 8 10 24 12 15 24 20 26 14 14 7 7 25 29 25 11 21 1 20 20 16 17 12 18 15 18 5 24 9 21 2 30 2 22 23 5 12 24 14 17 19 26 11 30 25 13 29 17 30 18 11 12 5 16 18 2 29 19 8 30 25 20 4 19 27 25 27 27 9 1 27 3 1 1 16 28 10 7 11 14 4 10 11 3 30 25 13 1 11 24 28 7 18 28 13 17 24 24 3 15 15 29 25 8 18 23 8 10 15 21 4 9 20 11
1 48 2 1 7 1 8 1 10 1 11 1 14 1 15 1 16 1 18 1 26 1 28 1 30 1 37 1 39 1 41 1 46 1 49 1 52 1 54 1 56 1 58 1 63 1 65 1 67 1 78 1 84 1 87 1 94 1 96 1 97 1 108 1 109 1 110 1 117 1 130 1 131 1 132 1 135 1 142 1 144 1 158 1 170 1 171 1 174 1 182 1 185 1 192 1 193 1
1 51 1 1 4 1 6 1 10 1 15 1 18 1 19 1 27 1 29 1 34 1 40 1 46 1 50 1 51 1 56 1 59 1 63 1 64 1 66 1 70 1 71 1 72 1 74 1 75 1 77 1 84 1 86 1 88 1 95 1 97 1 110 1 111 1 114 1 133 1 142 1 144 1 146 1 150 1 156 1 157 1 165 1 174 1 175 1 183 1 184 1 185 1 186 1 189 1 190 1 191 1 199 1
1 39 0 1 2 1 15 1 29 1 36 1 41 1 50 1 52 1 63 1 67 1 68 1 77 1 81 1 82 1 85 1 90 1 97 1 101 1 104 1 105 1 109 1 115 1 122 1 126 1 132 1 138 1 145 1 151 1 156 1 159 1 161 1 164 1 165 1 170 1 189 1 193 1 195 1 196 1 199 1
1 32 1 1 4 1 7 1 16 1 20 1 28 1 30 1 38 1 42 1 53 1 54 1 63 1 64 1 72 1 73 1 75 1 80 1 95 1 99 1 111 1 113 1 123 1 126 1 129 1 138 1 139 1 143 1 151 1 173 1 183 1 196 1 197 1
1 35 0 1 13 1 17 1 19 1 24 1 25 1 31 1 36 1 53 1 54 1 60 1 62 1 65 1 73 1 77 1 79 1 85 1 89 1 91 1 95 1 104 1 108 1 119 1 120 1 136 1 144 1 150 1 152 1 167 1 171 1 172 1 175 1 188 1 192 1 193 1
1 51 0 1 2 1 7 1 11 1 17 1 20 1 21 1 22 1 29 1 33 1 39 1 46 1 52 1 55 1 56 1 65 1 75 1 77 1 82 1 85 1 86 1 89 1 92 1 93 1 94 1 97 1 99 1 102 1 108 1 110 1 112 1 114 1 116 1 120 1 124 1 130 1 131 1 136 1 149 1 155 1 157 1 158 1 162 1 167 1 178 1 180 1 182 1 183 1 185 1 187 1 192 1
1 49 1 1 14 1 17 1 22 1 23 1 27 1 29 1 31 1 32 1 34 1 47 1 50 1 58 1 64 1 65 1 67 1 72 1 79 1 83 1 84 1 91 1 102 1 107 1 108 1 109 1 126 1 131 1 140 1 141 1 143 1 146 1 152 1 154 1 159 1 164 1 165 1 166 1 168 1 173 1 174 1 176 1 180 1 181 1 184 1 185 1 187 1 191 1 194 1 197 1
1 56 1 1 9 1 14 1 16 1 18 1 20 1 26 1 27 1 31 1 35 1 38 1 39 1 45 1 48 1 56 1 61 1 64 1 66 1 71 1 79 1 80 1 81 1 83 1 88 1 92 1 93 1 94 1 97 1 101 1 107 1 109 1 110 1 114 1 117 1 121 1 124 1 126 1 127 1 129 1 133 1 134 1 135 1 136 1 144 1 154 1 155 1 158 1 160 1 164 1 174 1 187 1 189 1 191 1 192 1 195 1 198 1
1 38 5 1 13 1 22 1 24 1 25 1 26 1 30 1 35 1 36 1 38 1 50 1 55 1 56 1 60 1 70 1 71 1 75 1 77 1 79 1 81 1 90 1 94 1 99 1 100 1 113 1 118 1 132 1 145 1 149 1 164 1 170 1 172 1 175 1 179 1 180 1 183 1 184 1 198 1
1 45 10 1 12 1 19 1 27 1 29 1 37 1 46 1 51 1 55 1 57 1 61 1 67 1 69 1 74 1 75 1 76 1 83 1 86 1 87 1 90 1 91 1 98 1 100 1 101 1 106 1 107 1 108 1 109 1 112 1 113 1 116 1 125 1 130 1 132 1 138 1 156 1 159 1 161 1 164 1 167 1 179 1 191 1 194 1 196 1 198 1
1 44 2 1 3 1 14 1 15 1 26 1 32 1 33 1 38 1 42 1 43 1 44 1 57 1 60 1 67 1 79 1 87 1 89 1 95 1 97 1 105 1 106 1 112 1 113 1 126 1 127 1 128 1 134 1 137 1 138 1 139 1 140 1 151 1 158 1 163 1 164 1 170 1 172 1 177 1 179 1 183 1 185 1 194 1 196 1 198 1
1 42 18 1 20 1 23 1 24 1 30 1 37 1 40 1 41 1 44 1 45 1 46 1 48 1 53 1 56 1 58 1 61 1 76 1 77 1 83 1 95 1 97 1 99 1 109 1 114 1 116 1 117 1 118 1 121 1 124 1 125 1 129 1 136 1 143 1 158 1 167 1 176 1 179 1 181 1 188 1 189 1 192 1 199 1
1 37 1 1 5 1 9 1 16 1 17 1 22 1 27 1 40 1 52 1 55 1 56 1 68 1 79 1 89 1 92 1 95 1 104 1 109 1 113 1 114 1 116 1 124 1 126 1 130 1 131 1 144 1 152 1 156 1 158 1 166 1 171 1 175 1 178 1 182 1 190 1 192 1 198 1
1 44 0 1 8 1 9 1 21 1 24 1 25 1 27 1 40 1 42 1 46 1 53 1 64 1 74 1 78 1 79 1 82 1 91 1 92 1 96 1 97 1 98 1 99 1 105 1 109 1 121 1 124 1 125 1 129 1 131 1 145 1 146 1 155 1 159 1 161 1 166 1 176 1 177 1 181 1 182 1 183 1 185 1 191 1 192 1 199 1
1 46 15 1 16 1 21 1 23 1 35 1 37 1 38 1 41 1 44 1 54 1 55 1 56 1 59 1 63 1 67 1 70 1 73 1 75 1 79 1 90 1 91 1 93 1 96 1 97 1 100 1 101 1 107 1 110 1 120 1 121 1 125 1 134 1 146 1 150 1 152 1 154 1 156 1 157 1 173 1 180 1 183 1 186 1 187 1 189 1 193 1 199 1
1 43 7 1 14 1 15 1 16 1 20 1 26 1 27 1 41 1 43 1 50 1 54 1 56 1 57 1 66 1 70 1 72 1 74 1 75 1 77 1 82 1 87 1 88 1 89 1 90 1 100 1 113 1 126 1 128 1 132 1 141 1 145 1 147 1 151 1 153 1 158 1 163 1 166 1 169 1 171 1 179 1 190 1 192 1 198 1
1 55 4 1 5 1 8 1 13 1 17 1 18 1 31 1 33 1 37 1 45 1 46 1 47 1 49 1 54 1 64 1 66 1 69 1 72 1 73 1 74 1 82 1 83 1 87 1 88 1 90 1 92 1 93 1 95 1 98 1 104 1 114 1 115 1 117 1 125 1 128 1 129 1 144 1 145 1 148 1 151 1 152 1 155 1 161 1 164 1 165 1 166 1 167 1 171 1 174 1 175 1 178 1 185 1 191 1 193 1 195 1
1 51 0 1 2 1 5 1 9 1 11 1 14 1 15 1 22 1 29 1 31 1 35 1 37 1 40 1 41 1 43 1 49 1 52 1 54 1 56 1 60 1 61 1 62 1 63 1 66 1 68 1 73 1 75 1 77 1 82 1 87 1 96 1 100 1 104 1 106 1 116 1 124 1 136 1 137 1 142 1 146 1 149 1 151 1 152 1 156 1 159 1 170 1 171 1 183 1 185 1 190 1 191 1
1 49 0 1 2 1 5 1 6 1 8 1 10 1 15 1 18 1 28 1 31 1 34 1 37 1 40 1 42 1 43 1 53 1 67 1 69 1 74 1 87 1 89 1 92 1 93 1 94 1 95 1 99 1 101 1 109 1 112 1 130 1 134 1 136 1 137 1 139 1 141 1 142 1 143 1 146 1 147 1 162 1 166 1 170 1 173 1 175 1 179 1 182 1 187 1 188 1 194 1
1 49 3 1 6 1 12 1 17 1 25 1 28 1 31 1 33 1 34 1 43 1 47 1 51 1 55 1 56 1 59 1 62 1 72 1 73 1 75 1 78 1 80 1 81 1 86 1 87 1 91 1 96 1 100 1 102 1 103 1 107 1 115 1 120 1 125 1 126 1 134 1 148 1 151 1 153 1 156 1 157 1 158 1 161 1 167 1 171 1 175 1 180 1 195 1 196 1 199 1
1 53 5 1 6 1 14 1 20 1 31 1 37 1 39 1 42 1 44 1 47 1 48 1 49 1 51 1 52 1 53 1 65 1 74 1 77 1 81 1 88 1 89 1 92 1 98 1 105 1 107 1 110 1 111 1 114 1 115 1 116 1 126 1 127 1 129 1 133 1 134 1 136 1 140 1 146 1 147 1 154 1 157 1 163 1 165 1 166 1 173 1 174 1 179 1 180 1 182 1 189 1 197 1 198 1 199 1
1 27 6 1 32 1 33 1 38 1 52 1 61 1 72 1 78 1 96 1 101 1 103 1 113 1 124 1 136 1 137 1 141 1 144 1 159 1 160 1 165 1 166 1 167 1 171 1 178 1 180 1 182 1 199 1
1 42 2 1 3 1 4 1 6 1 10 1 13 1 27 1 38 1 44 1 45 1 62 1 63 1 64 1 66 1 68 1 74 1 97 1 99 1 101 1 110 1 115 1 116 1 117 1 119 1 121 1 126 1 128 1 130 1 133 1 135 1 136 1 137 1 146 1 148 1 157 1 170 1 179 1 181 1 185 1 188 1 195 1 196 1
1 52 3 1 6 1 12 1 16 1 21 1 22 1 24 1 27 1 32 1 34 1 40 1 43 1 51 1 59 1 60 1 63 1 64 1 65 1 66 1 68 1 71 1 75 1 86 1 87 1 90 1 102 1 104 1 109 1 115 1 134 1 137 1 139 1 141 1 142 1 146 1 152 1 162 1 163 1 164 1 165 1 167 1 173 1 174 1 178 1 180 1 182 1 184 1 188 1 189 1 191 1 193 1 194 1
1 46 3 1 5 1 6 1 9 1 10 1 13 1 22 1 25 1 28 1 30 1 32 1 42 1 43 1 44 1 54 1 59 1 60 1 70 1 77 1 83 1 84 1 86 1 90 1 100 1 103 1 105 1 108 1 110 1 111 1 115 1 129 1 132 1 135 1 143 1 144 1 151 1 152 1 154 1 158 1 165 1 174 1 175 1 181 1 183 1 189 1 190 1
1 44 2 1 3 1 4 1 16 1 17 1 21 1 27 1 34 1 44 1 46 1 50 1 53 1 57 1 59 1 68 1 69 1 72 1 74 1 80 1 84 1 85 1 91 1 106 1 111 1 112 1 118 1 124 1 127 1 141 1 143 1 152 1 153 1 157 1 159 1 162 1 166 1 173 1 174 1 179 1 181 1 184 1 193 1 194 1 199 1
1 51 5 1 6 1 7 1 10 1 12 1 15 1 17 1 19 1 23 1 26 1 31 1 37 1 41 1 45 1 62 1 70 1 72 1 76 1 79 1 84 1 85 1 86 1 87 1 91 1 98 1 105 1 111 1 113 1 116 1 126 1 128 1 129 1 132 1 134 1 135 1 136 1 137 1 138 1 140 1 142 1 143 1 147 1 149 1 151 1 165 1 169 1 173 1 176 1 184 1 186 1 196 1
1 59 4 1 7 1 11 1 12 1 19 1 24 1 25 1 26 1 35 1 37 1 42 1 48 1 52 1 54 1 55 1 58 1 59 1 62 1 66 1 68 1 70 1 73 1 77 1 78 1 79 1 86 1 87 1 88 1 90 1 91 1 100 1 102 1 109 1 116 1 123 1 124 1 129 1 130 1 133 1 135 1 142 1 144 1 151 1 152 1 153 1 154 1 159 1 163 1 165 1 167 1 178 1 181 1 183 1 184 1 186 1 193 1 196 1 198 1 199 1
1 31 3 1 20 1 22 1 23 1 30 1 34 1 37 1 50 1 56 1 60 1 64 1 69 1 70 1 71 1 78 1 81 1 89 1 105 1 118 1 120 1 130 1 131 1 145 1 155 1 158 1 166 1 169 1 176 1 183 1 185 1 198 1
1 48 0 1 4 1 5 1 7 1 15 1 16 1 20 1 22 1 24 1 36 1 38 1 43 1 44 1 48 1 59 1 62 1 66 1 68 1 77 1 85 1 88 1 91 1 93 1 96 1 97 1 104 1 114 1 124 1 125 1 128 1 130 1 143 1 147 1 158 1 160 1 161 1 164 1 167 1 168 1 173 1 177 1 181 1 187 1 188 1 189 1 192 1 196 1 199 1
1 38 0 1 6 1 9 1 17 1 20 1 30 1 31 1 39 1 44 1 53 1 61 1 74 1 86 1 87 1 93 1 102 1 103 1 107 1 108 1 112 1 120 1 122 1 129 1 134 1 138 1 142 1 144 1 146 1 147 1 154 1 159 1 160 1 164 1 177 1 178 1 183 1 185 1 192 1
1 46 3 1 7 1 18 1 19 1 20 1 24 1 27 1 33 1 34 1 37 1 39 1 40 1 43 1 45 1 52 1 53 1 59 1 64 1 67 1 68 1 71 1 73 1 78 1 84 1 86 1 89 1 95 1 99 1 111 1 113 1 117 1 120 1 128 1 139 1 141 1 143 1 154 1 159 1 175 1 181 1 182 1 187 1 192 1 194 1 196 1 198 1
1 44 6 1 8 1 10 1 16 1 18 1 20 1 21 1 23 1 32 1 36 1 45 1 50 1 57 1 69 1 80 1 82 1 84 1 87 1 89 1 94 1 99 1 102 1 109 1 112 1 114 1 121 1 134 1 142 1 145 1 152 1 153 1 160 1 163 1 167 1 171 1 174 1 176 1 178 1 186 1 187 1 188 1 191 1 193 1 194 1
1 41 10 1 13 1 14 1 16 1 23 1 32 1 33 1 34 1 37 1 40 1 41 1 55 1 57 1 61 1 73 1 76 1 77 1 88 1 92 1 94 1 96 1 104 1 109 1 110 1 118 1 122 1 123 1 124 1 133 1 134 1 136 1 143 1 153 1 165 1 167 1 169 1 171 1 177 1 178 1 194 1 198 1
1 40 7 1 12 1 13 1 14 1 29 1 34 1 39 1 41 1 50 1 55 1 65 1 70 1 75 1 77 1 78 1 79 1 88 1 89 1 94 1 95 1 97 1 108 1 109 1 110 1 112 1 120 1 123 1 124 1 127 1 138 1 146 1 150 1 155 1 156 1 159 1 167 1 172 1 178 1 191 1 192 1
1 49 7 1 14 1 21 1 25 1 27 1 31 1 32 1 33 1 36 1 43 1 45 1 48 1 51 1 53 1 56 1 68 1 72 1 79 1 85 1 89 1 90 1 91 1 103 1 105 1 109 1 114 1 118 1 119 1 120 1 121 1 127 1 128 1 129 1 131 1 134 1 138 1 144 1 153 1 172 1 175 1 180 1 182 1 184 1 185 1 186 1 188 1 191 1 198 1 199 1
1 45 1 1 7 1 8 1 26 1 30 1 36 1 41 1 46 1 53 1 58 1 63 1 71 1 80 1 83 1 84 1 87 1 91 1 94 1 97 1 103 1 105 1 109 1 111 1 115 1 118 1 119 1 123 1 124 1 131 1 137 1 146 1 149 1 155 1 157 1 159 1 165 1 172 1 176 1 177 1 178 1 179 1 180 1 187 1 192 1 195 1
1 56 3 1 11 1 16 1 21 1 23 1 26 1 27 1 40 1 41 1 42 1 47 1 50 1 53 1 55 1 60 1 63 1 66 1 70 1 73 1 78 1 80 1 90 1 94 1 97 1 103 1 106 1 110 1 111 1 115 1 116 1 117 1 118 1 122 1 123 1 126 1 129 1 131 1 134 1 135 1 138 1 139 1 142 1 149 1 150 1 160 1 165 1 168 1 174 1 176 1 180 1 182 1 183 1 193 1 195 1 197 1 198 1
1 55 2 1 5 1 8 1 15 1 20 1 21 1 28 1 31 1 32 1 35 1 36 1 41 1 42 1 51 1 52 1 53 1 54 1 55 1 57 1 62 1 63 1 79 1 83 1 84 1 91 1 93 1 95 1 96 1 97 1 102 1 105 1 106 1 108 1 115 1 121 1 123 1 126 1 128 1 130 1 132 1 144 1 145 1 149 1 151 1 152 1 154 1 157 1 158 1 169 1 173 1 175 1 180 1 189 1 193 1 197 1
1 36 5 1 6 1 16 1 19 1 20 1 42 1 44 1 47 1 51 1 61 1 62 1 64 1 65 1 69 1 72 1 74 1 81 1 84 1 88 1 95 1 99 1 103 1 106 1 116 1 117 1 126 1 134 1 139 1 147 1 154 1 155 1 161 1 172 1 174 1 178 1 182 1
1 48 7 1 12 1 25 1 27 1 29 1 34 1 36 1 39 1 41 1 42 1 47 1 51 1 52 1 56 1 57 1 59 1 62 1 64 1 65 1 70 1 76 1 77 1 101 1 106 1 108 1 112 1 119 1 120 1 126 1 133 1 140 1 145 1 147 1 148 1 151 1 152 1 154 1 163 1 169 1 170 1 172 1 178 1 179 1 183 1 186 1 187 1 188 1 191 1
1 33 7 1 13 1 24 1 26 1 37 1 41 1 52 1 65 1 70 1 78 1 81 1 86 1 91 1 95 1 103 1 112 1 114 1 115 1 118 1 126 1 142 1 158 1 162 1 165 1 167 1 169 1 172 1 176 1 180 1 181 1 183 1 185 1 197 1
1 40 2 1 5 1 11 1 12 1 15 1 17 1 32 1 44 1 49 1 60 1 63 1 65 1 73 1 75 1 92 1 98 1 99 1 112 1 114 1 123 1 124 1 126 1 127 1 129 1 136 1 137 1 139 1 152 1 153 1 160 1 163 1 166 1 177 1 182 1 186 1 190 1 191 1 193 1 198 1 199 1
1 45 6 1 19 1 20 1 21 1 30 1 39 1 41 1 42 1 49 1 52 1 58 1 66 1 67 1 68 1 71 1 72 1 73 1 80 1 85 1 88 1 89 1 93 1 95 1 99 1 109 1 110 1 112 1 113 1 120 1 124 1 141 1 147 1 149 1 151 1 155 1 158 1 161 1 162 1 165 1 166 1 167 1 169 1 175 1 189 1 190 1
1 50 0 1 5 1 8 1 11 1 15 1 16 1 20 1 25 1 35 1 41 1 44 1 45 1 48 1 51 1 57 1 61 1 63 1 64 1 67 1 68 1 69 1 78 1 86 1 87 1 96 1 102 1 103 1 106 1 108 1 112 1 115 1 116 1 119 1 122 1 126 1 128 1 129 1 130 1 132 1 135 1 139 1 144 1 154 1 156 1 158 1 165 1 184 1 188 1 191 1 197 1
1 47 1 1 8 1 11 1 12 1 15 1 19 1 31 1 44 1 50 1 68 1 70 1 73 1 74 1 79 1 83 1 85 1 87 1 89 1 90 1 93 1 96 1 114 1 115 1 116 1 119 1 120 1 121 1 125 1 131 1 132 1 133 1 137 1 139 1 142 1 147 1 149 1 150 1 159 1 166 1 167 1 170 1 171 1 174 1 181 1 187 1 195 1 199 1
1 43 6 1 21 1 22 1 23 1 27 1 28 1 30 1 38 1 41 1 42 1 45 1 47 1 51 1 53 1 54 1 58 1 67 1 72 1 75 1 85 1 90 1 97 1 99 1 102 1 104 1 112 1 113 1 121 1 126 1 145 1 147 1 148 1 152 1 155 1 163 1 174 1 177 1 182 1 186 1 190 1 191 1 194 1 197 1
1 46 11 1 16 1 19 1 23 1 24 1 25 1 27 1 30 1 37 1 39 1 47 1 49 1 53 1 58 1 59 1 63 1 67 1 72 1 79 1 82 1 83 1 86 1 89 1 93 1 94 1 101 1 102 1 103 1 107 1 108 1 120 1 126 1 131 1 137 1 138 1 147 1 151 1 152 1 153 1 154 1 160 1 165 1 166 1 168 1 170 1 198 1
1 46 1 1 11 1 16 1 18 1 19 1 27 1 30 1 31 1 35 1 39 1 48 1 50 1 58 1 62 1 65 1 70 1 82 1 83 1 84 1 85 1 86 1 88 1 89 1 90 1 92 1 96 1 100 1 116 1 118 1 124 1 128 1 134 1 136 1 140 1 147 1 153 1 157 1 159 1 165 1 168 1 169 1 176 1 181 1 182 1 187 1 199 1
1 46 1 1 11 1 12 1 13 1 17 1 27 1 28 1 32 1 34 1 50 1 54 1 61 1 66 1 69 1 74 1 77 1 78 1 81 1 83 1 86 1 98 1 105 1 106 1 115 1 116 1 117 1 127 1 128 1 135 1 143 1 144 1 147 1 152 1 154 1 161 1 169 1 172 1 174 1 178 1 182 1 183 1 187 1 189 1 195 1 197 1 199 1
1 46 6 1 8 1 9 1 12 1 20 1 22 1 23 1 29 1 34 1 35 1 41 1 42 1 44 1 45 1 46 1 57 1 61 1 63 1 65 1 73 1 77 1 84 1 90 1 97 1 99 1 101 1 106 1 107 1 118 1 121 1 126 1 128 1 134 1 138 1 145 1 146 1 147 1 160 1 162 1 164 1 166 1 172 1 173 1 175 1 190 1 194 1
1 46 5 1 6 1 13 1 16 1 18 1 21 1 26 1 27 1 28 1 31 1 35 1 46 1 53 1 58 1 60 1 61 1 69 1 71 1 78 1 86 1 87 1 93 1 96 1 107 1 111 1 117 1 121 1 124 1 129 1 130 1 134 1 139 1 141 1 142 1 144 1 149 1 150 1 152 1 157 1 177 1 179 1 180 1 183 1 190 1 195 1 199 1
1 48 4 1 7 1 16 1 27 1 28 1 29 1 33 1 41 1 50 1 62 1 74 1 76 1 81 1 82 1 83 1 85 1 87 1 96 1 97 1 100 1 102 1 105 1 107 1 109 1 116 1 118 1 122 1 123 1 125 1 126 1 129 1 132 1 135 1 141 1 145 1 147 1 164 1 165 1 167 1 178 1 179 1 183 1 184 1 185 1 187 1 190 1 196 1 198 1
1 50 0 1 6 1 8 1 11 1 13 1 24 1 28 1 37 1 44 1 45 1 47 1 49 1 52 1 54 1 57 1 58 1 59 1 63 1 68 1 71 1 80 1 81 1 88 1 93 1 94 1 96 1 97 1 98 1 100 1 116 1 122 1 130 1 137 1 144 1 149 1 150 1 151 1 154 1 160 1 163 1 171 1 173 1 176 1 177 1 178 1 183 1 187 1 194 1 195 1 198 1
1 36 0 1 2 1 4 1 5 1 13 1 14 1 26 1 40 1 43 1 45 1 48 1 53 1 61 1 71 1 83 1 89 1 100 1 101 1 104 1 116 1 117 1 137 1 140 1 147 1 148 1 150 1 156 1 157 1 160 1 167 1 178 1 188 1 189 1 191 1 192 1 196 1
1 47 0 1 4 1 14 1 21 1 23 1 28 1 29 1 31 1 37 1 41 1 43 1 46 1 49 1 52 1 57 1 59 1 65 1 66 1 72 1 77 1 87 1 94 1 100 1 106 1 119 1 122 1 125 1 127 1 129 1 136 1 141 1 142 1 143 1 147 1 149 1 150 1 153 1 170 1 172 1 174 1 182 1 183 1 185 1 189 1 191 1 193 1 195 1
1 42 6 1 10 1 13 1 19 1 20 1 25 1 32 1 35 1 38 1 39 1 44 1 46 1 47 1 50 1 59 1 61 1 72 1 77 1 89 1 92 1 93 1 94 1 100 1 107 1 108 1 110 1 119 1 121 1 125 1 133 1 134 1 143 1 154 1 155 1 156 1 159 1 162 1 165 1 178 1 181 1 191 1 193 1
1 43 0 1 14 1 18 1 24 1 39 1 41 1 45 1 47 1 49 1 58 1 70 1 74 1 77 1 78 1 80 1 81 1 89 1 95 1 101 1 103 1 105 1 109 1 112 1 116 1 121 1 128 1 132 1 134 1 137 1 140 1 146 1 147 1 153 1 154 1 162 1 165 1 177 1 178 1 182 1 187 1 188 1 191 1 198 1
1 40 4 1 5 1 13 1 21 1 24 1 26 1 38 1 42 1 44 1 56 1 62 1 66 1 69 1 71 1 73 1 74 1 78 1 83 1 88 1 89 1 103 1 108 1 112 1 114 1 117 1 121 1 123 1 124 1 126 1 130 1 133 1 140 1 143 1 144 1 162 1 165 1 167 1 173 1 174 1 187 1
1 44 1 1 2 1 4 1 20 1 22 1 24 1 27 1 29 1 32 1 34 1 40 1 43 1 57 1 58 1 65 1 66 1 67 1 71 1 82 1 83 1 85 1 86 1 88 1 92 1 106 1 108 1 115 1 121 1 124 1 136 1 143 1 151 1 153 1 166 1 167 1 169 1 174 1 177 1 179 1 182 1 188 1 191 1 196 1 199 1
incumbent 1
0 0 0 0 0 0 0 0 0 0 0 0 0 0 0 0 1 0 0 0 0 0 0 0 0 0 0 0 0 0 0 1 0 0 0 0 1 0 0 0 0 0 0 0 0 0 0 0 0 0 0 0 0 0 0 0 0 0 0 0 0 0 0 1 0 0 0 0 0 0 0 0 0 0 0 0 0 0 0 0 0 0 0 1 0 0 0 0 0 0 0 0 0 0 0 0 0 0 0 0 0 0 0 1 0 0 0 0 0 0 0 0 0 0 0 0 0 0 0 0 0 0 0 0 0 0 0 0 0 0 0 0 0 0 0 0 0 0 0 0 0 0 0 0 0 0 0 0 0 0 0 0 0 0 0 1 0 0 1 1 0 0 0 0 0 0 0 0 0 0 0 0 0 0 0 0 0 0 0 0 0 0 0 0 0 0 0 0 0 0 0 0 0 0 0 0 0 0 0 0
