200 60
4 28 22 12 29 24 7 24 30 21 4 16 13 5 15 30 12 11 20 28 13 14 6 14 17 14 10 8 15 8 3 29 12 7 22 8 12 6 3 28 15 1 26 21 12 4 6 17 28 2 1 22 7 1 12 3 18 10 16 13 29 10 12 14 26 2 18 4 4 24 17 13 24 14 19 22 22 11 16 8 20 29 19 1 3 12 22 30 14 7 19 1 9 6 27 26 24 4 9 25 2 20 25 26 3 15 20 3 10 17 19 4 12 15 2 7 25 23 15 13 7 4 16 13 3 3 23 12 7 30 3 16 14 2 28 24 14 8 8 21 12 27 14 10 26 26 21 3 27 19 25 1 27 22 16 12 4 9 24 20 19 25 3 20 14 10 1 1 15 18 11 28 22 26 11 26 29 27 23 28 17 25 9 14 21 25 17 6 16 21 18 10 5 4 13 6 13 16 2 11
1 42 4 1 7 1 15 1 21 1 23 1 39 1 40 1 41 1 42 1 46 1 61 1 62 1 75 1 77 1 79 1 81 1 82 1 89 1 91 1 92 1 98 1 104 1 108 1 111 1 113 1 117 1 123 1 125 1 139 1 141 1 144 1 151 1 159 1 162 1 169 1 171 1 175 1 176 1 181 1 189 1 191 1 192 1
1 50 9 1 10 1 17 1 23 1 25 1 28 1 32 1 39 1 41 1 42 1 44 1 45 1 51 1 57 1 68 1 73 1 76 1 79 1 80 1 82 1 85 1 86 1 89 1 91 1 92 1 93 1 109 1 112 1 113 1 118 1 123 1 126 1 131 1 132 1 133 1 136 1 138 1 149 1 153 1 157 1 162 1 164 1 173 1 174 1 175 1 176 1 186 1 187 1 196 1 197 1
1 51 2 1 4 1 8 1 9 1 13 1 17 1 19 1 20 1 21 1 24 1 26 1 28 1 30 1 32 1 36 1 44 1 45 1 47 1 48 1 50 1 52 1 71 1 72 1 74 1 79 1 81 1 83 1 87 1 98 1 104 1 105 1 106 1 109 1 114 1 117 1 121 1 123 1 135 1 137 1 141 1 143 1 144 1 148 1 151 1 158 1 168 1 176 1 184 1 186 1 187 1 197 1
1 45 1 1 5 1 6 1 17 1 25 1 29 1 32 1 34 1 36 1 38 1 43 1 45 1 50 1 52 1 56 1 57 1 59 1 63 1 66 1 67 1 68 1 73 1 83 1 87 1 92 1 93 1 94 1 98 1 99 1 106 1 111 1 136 1 138 1 142 1 145 1 146 1 147 1 154 1 158 1 168 1 181 1 182 1 191 1 193 1 199 1
1 47 1 1 4 1 5 1 9 1 10 1 13 1 14 1 23 1 25 1 27 1 31 1 34 1 38 1 39 1 50 1 52 1 54 1 60 1 62 1 63 1 64 1 65 1 73 1 80 1 85 1 97 1 98 1 100 1 108 1 117 1 126 1 133 1 135 1 144 1 147 1 148 1 151 1 160 1 161 1 162 1 164 1 165 1 175 1 178 1 187 1 190 1 192 1
1 43 3 1 8 1 22 1 23 1 24 1 32 1 36 1 41 1 42 1 45 1 46 1 48 1 49 1 55 1 58 1 70 1 75 1 81 1 89 1 94 1 99 1 109 1 128 1 133 1 135 1 138 1 139 1 146 1 150 1 154 1 155 1 161 1 164 1 166 1 172 1 178 1 179 1 184 1 190 1 192 1 197 1 198 1 199 1
1 48 1 1 5 1 6 1 8 1 9 1 10 1 12 1 18 1 22 1 24 1 26 1 31 1 33 1 35 1 38 1 41 1 42 1 43 1 50 1 55 1 56 1 65 1 73 1 80 1 89 1 96 1 113 1 114 1 126 1 129 1 131 1 137 1 140 1 141 1 151 1 152 1 157 1 160 1 164 1 170 1 177 1 178 1 181 1 183 1 188 1 189 1 192 1 196 1
1 44 1 1 2 1 10 1 13 1 22 1 24 1 26 1 28 1 32 1 37 1 40 1 47 1 50 1 55 1 62 1 65 1 68 1 70 1 76 1 81 1 84 1 89 1 92 1 101 1 103 1 104 1 105 1 117 1 128 1 130 1 131 1 132 1 149 1 152 1 155 1 156 1 157 1 160 1 168 1 173 1 175 1 191 1 194 1 198 1
1 41 1 1 3 1 4 1 7 1 12 1 20 1 21 1 26 1 29 1 34 1 38 1 49 1 58 1 69 1 74 1 75 1 77 1 78 1 88 1 96 1 101 1 102 1 114 1 121 1 122 1 123 1 142 1 143 1 144 1 145 1 147 1 158 1 161 1 162 1 169 1 170 1 171 1 172 1 186 1 187 1 199 1
1 45 2 1 7 1 15 1 16 1 21 1 26 1 27 1 29 1 35 1 44 1 46 1 50 1 51 1 55 1 60 1 63 1 64 1 66 1 73 1 80 1 82 1 101 1 103 1 112 1 117 1 118 1 123 1 124 1 132 1 135 1 138 1 139 1 150 1 159 1 161 1 164 1 165 1 170 1 171 1 176 1 189 1 191 1 196 1 197 1 198 1
1 43 4 1 5 1 6 1 12 1 21 1 22 1 23 1 26 1 31 1 33 1 47 1 49 1 52 1 54 1 61 1 62 1 64 1 72 1 78 1 87 1 89 1 93 1 98 1 101 1 104 1 105 1 110 1 115 1 120 1 131 1 134 1 136 1 138 1 142 1 152 1 165 1 166 1 168 1 174 1 175 1 188 1 193 1 196 1
1 41 3 1 8 1 9 1 12 1 15 1 18 1 30 1 36 1 45 1 47 1 53 1 57 1 59 1 64 1 70 1 78 1 82 1 86 1 94 1 99 1 101 1 106 1 121 1 122 1 123 1 127 1 130 1 133 1 138 1 140 1 151 1 156 1 169 1 175 1 178 1 180 1 185 1 188 1 197 1 198 1 199 1
1 53 2 1 3 1 6 1 14 1 15 1 20 1 23 1 31 1 38 1 40 1 49 1 52 1 54 1 57 1 65 1 66 1 70 1 73 1 76 1 77 1 79 1 80 1 81 1 82 1 83 1 84 1 86 1 89 1 92 1 94 1 96 1 97 1 100 1 105 1 106 1 116 1 119 1 126 1 140 1 148 1 149 1 156 1 162 1 163 1 166 1 175 1 177 1 181 1 183 1 187 1 189 1 190 1 193 1
1 48 9 1 16 1 23 1 26 1 32 1 37 1 43 1 44 1 49 1 57 1 66 1 67 1 68 1 74 1 75 1 86 1 91 1 92 1 95 1 99 1 102 1 104 1 105 1 116 1 121 1 134 1 136 1 137 1 139 1 141 1 147 1 149 1 153 1 158 1 164 1 166 1 168 1 170 1 171 1 174 1 182 1 184 1 188 1 192 1 194 1 195 1 197 1 198 1
1 43 7 1 13 1 16 1 20 1 23 1 25 1 31 1 33 1 36 1 37 1 40 1 48 1 51 1 52 1 53 1 56 1 62 1 65 1 69 1 81 1 83 1 84 1 88 1 91 1 92 1 101 1 109 1 112 1 115 1 121 1 131 1 138 1 145 1 148 1 150 1 151 1 172 1 179 1 180 1 182 1 191 1 192 1 197 1
1 43 0 1 2 1 6 1 11 1 12 1 14 1 18 1 20 1 21 1 23 1 25 1 26 1 30 1 48 1 52 1 55 1 59 1 64 1 66 1 68 1 70 1 80 1 85 1 88 1 93 1 94 1 100 1 102 1 103 1 107 1 122 1 123 1 132 1 133 1 148 1 150 1 165 1 171 1 173 1 177 1 178 1 187 1 189 1
1 38 0 1 14 1 20 1 35 1 40 1 45 1 50 1 51 1 52 1 64 1 65 1 69 1 70 1 73 1 77 1 79 1 80 1 82 1 83 1 94 1 95 1 105 1 106 1 107 1 111 1 112 1 116 1 118 1 132 1 138 1 148 1 157 1 164 1 169 1 179 1 182 1 184 1 195 1
1 47 6 1 19 1 23 1 27 1 32 1 38 1 42 1 44 1 55 1 58 1 59 1 68 1 70 1 74 1 75 1 81 1 87 1 90 1 101 1 108 1 110 1 114 1 116 1 117 1 120 1 126 1 127 1 128 1 137 1 138 1 144 1 150 1 151 1 153 1 157 1 163 1 164 1 167 1 168 1 169 1 170 1 173 1 175 1 188 1 189 1 192 1 198 1
1 54 1 1 3 1 11 1 22 1 23 1 24 1 25 1 27 1 30 1 32 1 36 1 37 1 38 1 40 1 41 1 46 1 47 1 53 1 55 1 63 1 66 1 72 1 79 1 84 1 85 1 86 1 95 1 102 1 104 1 105 1 107 1 110 1 111 1 114 1 117 1 118 1 121 1 123 1 147 1 153 1 154 1 156 1 157 1 158 1 160 1 164 1 166 1 169 1 172 1 175 1 186 1 187 1 192 1 193 1
1 44 4 1 13 1 14 1 19 1 21 1 25 1 31 1 32 1 33 1 36 1 44 1 49 1 53 1 54 1 61 1 63 1 65 1 70 1 73 1 74 1 75 1 83 1 87 1 103 1 105 1 106 1 107 1 115 1 117 1 120 1 128 1 141 1 145 1 151 1 160 1 165 1 173 1 175 1 176 1 179 1 188 1 189 1 191 1 194 1
1 37 1 1 3 1 7 1 8 1 17 1 22 1 30 1 36 1 56 1 58 1 64 1 69 1 70 1 71 1 78 1 81 1 96 1 98 1 102 1 103 1 107 1 125 1 126 1 139 1 140 1 145 1 147 1 152 1 154 1 155 1 170 1 174 1 185 1 187 1 195 1 197 1 198 1
1 46 5 1 7 1 10 1 14 1 20 1 25 1 27 1 28 1 32 1 37 1 41 1 45 1 46 1 50 1 78 1 80 1 82 1 87 1 88 1 91 1 92 1 105 1 107 1 109 1 113 1 120 1 122 1 130 1 134 1 135 1 137 1 139 1 140 1 145 1 148 1 151 1 154 1 155 1 161 1 164 1 167 1 168 1 175 1 181 1 193 1 195 1
1 42 5 1 7 1 18 1 20 1 29 1 31 1 38 1 41 1 44 1 49 1 60 1 64 1 65 1 67 1 72 1 83 1 90 1 96 1 108 1 109 1 112 1 115 1 118 1 123 1 125 1 134 1 136 1 140 1 142 1 150 1 158 1 159 1 162 1 163 1 178 1 179 1 182 1 183 1 190 1 192 1 195 1 198 1
1 47 0 1 4 1 5 1 6 1 16 1 22 1 23 1 25 1 35 1 37 1 39 1 40 1 41 1 50 1 51 1 57 1 64 1 73 1 76 1 80 1 86 1 91 1 99 1 100 1 104 1 114 1 127 1 136 1 137 1 138 1 148 1 149 1 151 1 153 1 155 1 158 1 159 1 163 1 165 1 179 1 180 1 183 1 184 1 185 1 188 1 191 1 193 1
1 39 3 1 8 1 15 1 16 1 21 1 22 1 25 1 29 1 33 1 43 1 45 1 46 1 53 1 55 1 56 1 61 1 64 1 72 1 81 1 101 1 112 1 130 1 132 1 134 1 137 1 143 1 146 1 154 1 157 1 171 1 174 1 176 1 180 1 181 1 184 1 186 1 193 1 196 1 197 1
1 48 0 1 4 1 11 1 12 1 20 1 23 1 26 1 30 1 39 1 40 1 42 1 50 1 52 1 58 1 59 1 60 1 65 1 66 1 69 1 71 1 74 1 82 1 89 1 90 1 93 1 105 1 107 1 108 1 109 1 111 1 117 1 125 1 127 1 130 1 131 1 135 1 136 1 147 1 149 1 151 1 161 1 165 1 166 1 173 1 178 1 192 1 193 1 198 1
1 43 1 1 4 1 7 1 8 1 14 1 16 1 18 1 21 1 47 1 56 1 61 1 63 1 73 1 74 1 78 1 81 1 82 1 84 1 93 1 94 1 95 1 103 1 116 1 126 1 128 1 136 1 137 1 139 1 142 1 143 1 147 1 152 1 158 1 161 1 168 1 175 1 177 1 182 1 190 1 194 1 195 1 196 1 197 1
1 44 7 1 13 1 14 1 18 1 19 1 21 1 22 1 32 1 37 1 40 1 41 1 51 1 54 1 55 1 59 1 70 1 74 1 77 1 80 1 89 1 90 1 92 1 95 1 96 1 98 1 102 1 103 1 105 1 107 1 114 1 116 1 127 1 128 1 138 1 144 1 147 1 151 1 154 1 160 1 164 1 176 1 178 1 189 1 199 1
1 59 1 1 2 1 7 1 13 1 15 1 17 1 19 1 24 1 26 1 27 1 29 1 30 1 34 1 35 1 44 1 49 1 52 1 54 1 60 1 61 1 66 1 67 1 70 1 71 1 73 1 75 1 76 1 78 1 85 1 87 1 91 1 95 1 98 1 99 1 101 1 105 1 110 1 111 1 113 1 115 1 123 1 124 1 131 1 145 1 148 1 152 1 153 1 156 1 157 1 167 1 170 1 174 1 181 1 182 1 183 1 184 1 186 1 191 1 194 1
1 48 0 1 4 1 9 1 13 1 14 1 19 1 35 1 37 1 39 1 43 1 52 1 59 1 61 1 63 1 67 1 68 1 75 1 80 1 81 1 93 1 103 1 104 1 107 1 109 1 117 1 123 1 124 1 126 1 128 1 129 1 132 1 137 1 143 1 144 1 145 1 147 1 153 1 157 1 160 1 163 1 164 1 165 1 171 1 174 1 182 1 185 1 190 1 194 1
1 38 4 1 14 1 16 1 23 1 24 1 29 1 39 1 42 1 46 1 47 1 57 1 59 1 64 1 70 1 73 1 75 1 77 1 80 1 88 1 95 1 101 1 113 1 115 1 117 1 119 1 120 1 133 1 142 1 148 1 152 1 154 1 156 1 166 1 174 1 177 1 185 1 194 1 195 1
1 45 0 1 1 1 6 1 9 1 14 1 19 1 33 1 37 1 46 1 54 1 61 1 63 1 67 1 75 1 79 1 84 1 88 1 91 1 93 1 94 1 99 1 104 1 106 1 111 1 118 1 124 1 128 1 131 1 132 1 134 1 143 1 145 1 153 1 165 1 168 1 175 1 177 1 178 1 182 1 186 1 191 1 193 1 194 1 198 1 199 1
1 46 0 1 8 1 11 1 13 1 19 1 20 1 24 1 27 1 31 1 32 1 36 1 44 1 47 1 49 1 53 1 54 1 59 1 62 1 69 1 80 1 88 1 93 1 104 1 105 1 108 1 109 1 111 1 112 1 117 1 122 1 130 1 131 1 135 1 141 1 148 1 152 1 155 1 159 1 169 1 170 1 172 1 177 1 183 1 186 1 187 1 188 1
1 33 6 1 19 1 26 1 30 1 35 1 40 1 44 1 46 1 50 1 53 1 55 1 57 1 60 1 70 1 73 1 90 1 98 1 102 1 103 1 119 1 121 1 125 1 135 1 143 1 144 1 147 1 152 1 161 1 169 1 172 1 177 1 179 1 197 1
1 37 12 1 15 1 16 1 25 1 32 1 40 1 47 1 60 1 64 1 68 1 69 1 76 1 78 1 81 1 82 1 86 1 90 1 96 1 108 1 115 1 117 1 122 1 123 1 126 1 129 1 135 1 141 1 148 1 153 1 157 1 158 1 160 1 162 1 171 1 173 1 176 1 188 1
1 33 0 1 1 1 3 1 12 1 19 1 35 1 37 1 42 1 44 1 47 1 48 1 50 1 55 1 57 1 65 1 73 1 81 1 89 1 94 1 101 1 108 1 109 1 111 1 113 1 141 1 145 1 151 1 168 1 173 1 182 1 193 1 196 1 197 1
1 40 0 1 5 1 8 1 14 1 27 1 29 1 33 1 36 1 41 1 45 1 46 1 48 1 52 1 54 1 56 1 57 1 61 1 63 1 67 1 68 1 69 1 72 1 77 1 80 1 86 1 94 1 109 1 120 1 129 1 132 1 135 1 149 1 151 1 163 1 165 1 167 1 181 1 184 1 194 1 197 1
1 43 2 1 9 1 11 1 16 1 36 1 46 1 49 1 51 1 56 1 57 1 59 1 73 1 74 1 77 1 79 1 83 1 90 1 99 1 112 1 115 1 118 1 120 1 121 1 124 1 125 1 126 1 131 1 147 1 148 1 149 1 150 1 153 1 157 1 164 1 166 1 169 1 170 1 171 1 173 1 174 1 175 1 179 1 185 1
1 36 6 1 11 1 19 1 22 1 26 1 34 1 39 1 45 1 46 1 58 1 83 1 85 1 90 1 93 1 94 1 96 1 104 1 110 1 114 1 115 1 116 1 120 1 123 1 130 1 137 1 148 1 158 1 164 1 166 1 167 1 172 1 177 1 180 1 184 1 192 1 193 1
1 40 4 1 23 1 28 1 31 1 32 1 41 1 45 1 46 1 51 1 58 1 72 1 73 1 74 1 79 1 84 1 86 1 88 1 92 1 99 1 100 1 103 1 108 1 110 1 112 1 115 1 120 1 128 1 129 1 136 1 150 1 161 1 167 1 171 1 172 1 175 1 180 1 183 1 185 1 190 1 195 1
1 40 10 1 11 1 23 1 40 1 41 1 42 1 44 1 57 1 62 1 64 1 66 1 73 1 76 1 82 1 86 1 88 1 102 1 103 1 104 1 115 1 124 1 126 1 129 1 131 1 138 1 142 1 144 1 154 1 157 1 161 1 164 1 174 1 179 1 180 1 184 1 186 1 189 1 190 1 192 1 197 1
1 38 7 1 11 1 16 1 19 1 22 1 23 1 37 1 38 1 46 1 49 1 57 1 68 1 69 1 80 1 83 1 92 1 98 1 106 1 111 1 112 1 113 1 121 1 125 1 127 1 131 1 132 1 136 1 147 1 154 1 166 1 167 1 170 1 173 1 178 1 180 1 186 1 190 1 197 1
1 32 4 1 5 1 13 1 19 1 25 1 30 1 32 1 35 1 43 1 47 1 51 1 58 1 62 1 66 1 84 1 99 1 100 1 101 1 109 1 111 1 123 1 126 1 127 1 128 1 130 1 134 1 150 1 152 1 161 1 178 1 179 1 186 1
1 52 0 1 3 1 4 1 6 1 8 1 17 1 18 1 20 1 21 1 23 1 29 1 31 1 34 1 35 1 36 1 45 1 46 1 49 1 51 1 53 1 62 1 65 1 85 1 87 1 88 1 90 1 96 1 97 1 104 1 105 1 111 1 124 1 125 1 127 1 128 1 130 1 135 1 138 1 140 1 145 1 147 1 152 1 153 1 158 1 162 1 163 1 170 1 174 1 176 1 177 1 178 1 192 1
1 43 1 1 3 1 7 1 8 1 10 1 11 1 12 1 17 1 20 1 39 1 46 1 50 1 52 1 59 1 60 1 62 1 63 1 64 1 71 1 74 1 85 1 91 1 92 1 102 1 108 1 109 1 112 1 114 1 115 1 118 1 124 1 130 1 135 1 139 1 147 1 158 1 159 1 162 1 166 1 169 1 176 1 179 1 199 1
1 48 3 1 5 1 7 1 9 1 10 1 15 1 31 1 33 1 35 1 37 1 42 1 45 1 52 1 53 1 54 1 57 1 58 1 71 1 74 1 83 1 86 1 90 1 101 1 102 1 103 1 110 1 118 1 120 1 121 1 126 1 132 1 134 1 140 1 142 1 143 1 147 1 151 1 152 1 153 1 157 1 170 1 174 1 176 1 177 1 188 1 189 1 193 1 196 1
1 50 3 1 5 1 15 1 25 1 27 1 34 1 35 1 36 1 37 1 39 1 44 1 50 1 52 1 59 1 65 1 68 1 76 1 81 1 84 1 88 1 89 1 93 1 96 1 100 1 102 1 104 1 114 1 116 1 120 1 124 1 125 1 126 1 133 1 134 1 135 1 142 1 143 1 149 1 159 1 162 1 164 1 165 1 167 1 172 1 179 1 181 1 190 1 195 1 196 1 198 1
1 42 1 1 12 1 26 1 29 1 31 1 45 1 48 1 49 1 54 1 57 1 62 1 69 1 81 1 83 1 89 1 95 1 108 1 109 1 118 1 128 1 129 1 133 1 141 1 148 1 152 1 155 1 159 1 162 1 163 1 164 1 167 1 169 1 178 1 179 1 180 1 183 1 187 1 189 1 192 1 194 1 196 1 199 1
1 46 1 1 6 1 7 1 16 1 19 1 20 1 28 1 30 1 34 1 46 1 49 1 50 1 56 1 57 1 60 1 64 1 68 1 77 1 80 1 84 1 88 1 97 1 98 1 101 1 102 1 106 1 108 1 112 1 115 1 119 1 128 1 130 1 134 1 149 1 160 1 163 1 165 1 167 1 174 1 175 1 176 1 178 1 180 1 181 1 193 1 196 1
1 45 3 1 9 1 10 1 12 1 15 1 21 1 32 1 39 1 40 1 41 1 51 1 56 1 62 1 65 1 69 1 77 1 80 1 85 1 86 1 88 1 92 1 97 1 105 1 107 1 110 1 111 1 114 1 117 1 120 1 124 1 126 1 127 1 128 1 132 1 142 1 144 1 146 1 154 1 155 1 167 1 173 1 191 1 192 1 195 1 197 1
1 39 4 1 18 1 21 1 30 1 31 1 33 1 38 1 42 1 43 1 44 1 46 1 51 1 52 1 61 1 63 1 74 1 75 1 90 1 92 1 99 1 103 1 104 1 106 1 107 1 108 1 129 1 131 1 136 1 137 1 154 1 155 1 156 1 165 1 167 1 170 1 191 1 195 1 196 1 197 1
1 38 4 1 5 1 12 1 23 1 25 1 47 1 48 1 55 1 77 1 83 1 88 1 90 1 91 1 93 1 107 1 108 1 114 1 126 1 130 1 133 1 134 1 135 1 139 1 141 1 142 1 157 1 160 1 161 1 164 1 166 1 168 1 169 1 172 1 181 1 182 1 188 1 193 1 194 1
1 48 7 1 10 1 31 1 32 1 40 1 43 1 50 1 52 1 57 1 60 1 61 1 63 1 70 1 72 1 74 1 75 1 77 1 78 1 82 1 83 1 84 1 89 1 90 1 95 1 100 1 114 1 118 1 123 1 138 1 139 1 140 1 141 1 144 1 146 1 151 1 154 1 169 1 172 1 174 1 176 1 178 1 184 1 185 1 190 1 191 1 193 1 195 1 197 1
1 44 8 1 17 1 22 1 24 1 25 1 30 1 32 1 35 1 37 1 40 1 43 1 46 1 51 1 53 1 58 1 64 1 69 1 72 1 78 1 82 1 83 1 84 1 99 1 100 1 108 1 109 1 115 1 118 1 120 1 122 1 125 1 126 1 133 1 138 1 143 1 146 1 154 1 159 1 162 1 170 1 171 1 179 1 180 1 188 1
1 47 0 1 11 1 15 1 17 1 18 1 22 1 23 1 28 1 31 1 36 1 43 1 47 1 51 1 53 1 61 1 65 1 85 1 88 1 89 1 90 1 97 1 99 1 101 1 103 1 104 1 109 1 112 1 127 1 134 1 135 1 140 1 142 1 143 1 144 1 150 1 151 1 156 1 157 1 160 1 168 1 172 1 177 1 183 1 185 1 188 1 195 1 198 1
1 43 2 1 6 1 8 1 9 1 10 1 15 1 16 1 17 1 21 1 24 1 25 1 28 1 33 1 50 1 56 1 58 1 69 1 76 1 77 1 83 1 86 1 90 1 92 1 96 1 100 1 103 1 107 1 109 1 110 1 116 1 128 1 134 1 136 1 142 1 143 1 147 1 153 1 157 1 163 1 171 1 184 1 191 1 194 1
1 34 9 1 12 1 15 1 27 1 28 1 34 1 47 1 52 1 54 1 59 1 66 1 73 1 74 1 80 1 83 1 86 1 90 1 97 1 117 1 119 1 122 1 125 1 127 1 133 1 136 1 143 1 155 1 167 1 168 1 170 1 179 1 181 1 191 1 197 1
1 39 1 1 5 1 6 1 11 1 13 1 20 1 23 1 42 1 49 1 53 1 61 1 77 1 83 1 91 1 93 1 98 1 99 1 101 1 107 1 109 1 111 1 112 1 113 1 114 1 115 1 120 1 124 1 125 1 129 1 133 1 155 1 162 1 167 1 176 1 178 1 179 1 180 1 190 1 197 1
1 41 0 1 3 1 9 1 14 1 24 1 31 1 33 1 34 1 35 1 38 1 40 1 53 1 68 1 69 1 75 1 77 1 78 1 81 1 82 1 84 1 94 1 96 1 100 1 101 1 106 1 110 1 120 1 121 1 122 1 129 1 133 1 137 1 140 1 141 1 156 1 162 1 163 1 170 1 175 1 196 1 198 1
1 47 2 1 10 1 19 1 30 1 33 1 39 1 41 1 61 1 62 1 67 1 69 1 71 1 72 1 73 1 74 1 79 1 84 1 94 1 97 1 99 1 100 1 101 1 104 1 111 1 112 1 129 1 130 1 137 1 140 1 144 1 149 1 151 1 156 1 158 1 159 1 160 1 162 1 164 1 168 1 175 1 177 1 179 1 184 1 186 1 189 1 190 1 192 1
incumbent 1
0 0 0 0 0 0 0 0 0 0 0 0 0 0 0 0 0 0 0 0 0 0 0 0 0 0 0 0 0 0 0 0 0 0 0 0 0 0 0 0 0 1 0 0 0 0 0 0 0 0 1 0 0 1 0 0 0 0 0 0 0 0 0 0 0 0 0 0 0 0 0 0 0 0 0 0 0 0 0 0 0 0 0 0 0 0 0 0 0 0 0 1 0 0 0 0 0 0 0 0 1 0 0 0 0 0 0 0 0 0 0 0 0 0 0 0 0 0 0 0 0 0 0 0 0 0 0 0 0 0 0 0 0 0 0 0 0 0 0 0 0 0 0 0 0 0 0 1 0 0 0 0 0 0 0 0 0 0 0 0 0 0 1 0 0 0 1 1 0 0 0 0 0 0 0 0 0 0 0 0 0 0 0 0 0 0 0 0 0 0 0 0 0 0 0 0 0 0 0 0
