280 117
36 37 67 39 3 7 8 54 21 54 32 29 55 70 54 4 66 4 20 57 63 14 20 42 3 56 41 58 56 18 56 35 28 37 27 60 69 48 59 24 43 56 13 56 35 57 67 68 35 37 50 63 63 18 2 49 39 13 36 37 15 7 54 47 21 4 30 22 11 61 32 35 65 67 8 28 33 50 14 49 32 21 59 67 61 47 20 65 20 52 67 63 34 24 26 53 2 46 30 6 60 68 42 64 58 15 59 11 37 15 19 63 38 58 6 29 18 1 36 4 26 57 47 32 64 69 46 19 5 62 35 9 15 10 63 36 66 23 38 18 40 64 33 49 31 53 62 18 6 45 51 3 42 10 51 59 29 16 70 70 60 67 39 2 66 68 13 21 8 48 64 54 18 46 42 35 42 52 25 51 57 7 21 8 32 57 65 68 70 31 69 7 33 1 64 37 42 2 59 4 26 47 38 16 25 45 68 61 10 66 52 63 29 20 40 41 63 44 58 61 69 51 30 3 12 36 41 14 40 51 21 8 38 39 39 13 3 32 20 69 18 37 41 3 24 60 60 41 56 49 66 68 51 24 26 49 23 47 6 24 70 1 13 47 64 20 63 22 63 1 10 41 4 3 49 12 14 64 2 40
1 5 0 1 1 1 2 1 3 1 4 1
-1 5 0 -1 1 -1 2 -1 3 -1 4 -1
1 5 5 1 6 1 7 1 8 1 9 1
-1 5 5 -1 6 -1 7 -1 8 -1 9 -1
1 5 10 1 11 1 12 1 13 1 14 1
-1 5 10 -1 11 -1 12 -1 13 -1 14 -1
1 5 15 1 16 1 17 1 18 1 19 1
-1 5 15 -1 16 -1 17 -1 18 -1 19 -1
1 5 20 1 21 1 22 1 23 1 24 1
-1 5 20 -1 21 -1 22 -1 23 -1 24 -1
1 5 25 1 26 1 27 1 28 1 29 1
-1 5 25 -1 26 -1 27 -1 28 -1 29 -1
1 5 30 1 31 1 32 1 33 1 34 1
-1 5 30 -1 31 -1 32 -1 33 -1 34 -1
1 5 35 1 36 1 37 1 38 1 39 1
-1 5 35 -1 36 -1 37 -1 38 -1 39 -1
1 5 40 1 41 1 42 1 43 1 44 1
-1 5 40 -1 41 -1 42 -1 43 -1 44 -1
1 5 45 1 46 1 47 1 48 1 49 1
-1 5 45 -1 46 -1 47 -1 48 -1 49 -1
1 5 50 1 51 1 52 1 53 1 54 1
-1 5 50 -1 51 -1 52 -1 53 -1 54 -1
1 5 55 1 56 1 57 1 58 1 59 1
-1 5 55 -1 56 -1 57 -1 58 -1 59 -1
1 5 60 1 61 1 62 1 63 1 64 1
-1 5 60 -1 61 -1 62 -1 63 -1 64 -1
1 5 65 1 66 1 67 1 68 1 69 1
-1 5 65 -1 66 -1 67 -1 68 -1 69 -1
1 5 70 1 71 1 72 1 73 1 74 1
-1 5 70 -1 71 -1 72 -1 73 -1 74 -1
1 5 75 1 76 1 77 1 78 1 79 1
-1 5 75 -1 76 -1 77 -1 78 -1 79 -1
1 5 80 1 81 1 82 1 83 1 84 1
-1 5 80 -1 81 -1 82 -1 83 -1 84 -1
1 5 85 1 86 1 87 1 88 1 89 1
-1 5 85 -1 86 -1 87 -1 88 -1 89 -1
1 5 90 1 91 1 92 1 93 1 94 1
-1 5 90 -1 91 -1 92 -1 93 -1 94 -1
1 5 95 1 96 1 97 1 98 1 99 1
-1 5 95 -1 96 -1 97 -1 98 -1 99 -1
1 5 100 1 101 1 102 1 103 1 104 1
-1 5 100 -1 101 -1 102 -1 103 -1 104 -1
1 5 105 1 106 1 107 1 108 1 109 1
-1 5 105 -1 106 -1 107 -1 108 -1 109 -1
1 5 110 1 111 1 112 1 113 1 114 1
-1 5 110 -1 111 -1 112 -1 113 -1 114 -1
1 5 115 1 116 1 117 1 118 1 119 1
-1 5 115 -1 116 -1 117 -1 118 -1 119 -1
1 5 120 1 121 1 122 1 123 1 124 1
-1 5 120 -1 121 -1 122 -1 123 -1 124 -1
1 5 125 1 126 1 127 1 128 1 129 1
-1 5 125 -1 126 -1 127 -1 128 -1 129 -1
1 5 130 1 131 1 132 1 133 1 134 1
-1 5 130 -1 131 -1 132 -1 133 -1 134 -1
1 5 135 1 136 1 137 1 138 1 139 1
-1 5 135 -1 136 -1 137 -1 138 -1 139 -1
1 5 140 1 141 1 142 1 143 1 144 1
-1 5 140 -1 141 -1 142 -1 143 -1 144 -1
1 5 145 1 146 1 147 1 148 1 149 1
-1 5 145 -1 146 -1 147 -1 148 -1 149 -1
1 5 150 1 151 1 152 1 153 1 154 1
-1 5 150 -1 151 -1 152 -1 153 -1 154 -1
1 5 155 1 156 1 157 1 158 1 159 1
-1 5 155 -1 156 -1 157 -1 158 -1 159 -1
1 5 160 1 161 1 162 1 163 1 164 1
-1 5 160 -1 161 -1 162 -1 163 -1 164 -1
1 5 165 1 166 1 167 1 168 1 169 1
-1 5 165 -1 166 -1 167 -1 168 -1 169 -1
1 5 170 1 171 1 172 1 173 1 174 1
-1 5 170 -1 171 -1 172 -1 173 -1 174 -1
1 5 175 1 176 1 177 1 178 1 179 1
-1 5 175 -1 176 -1 177 -1 178 -1 179 -1
1 5 180 1 181 1 182 1 183 1 184 1
-1 5 180 -1 181 -1 182 -1 183 -1 184 -1
1 5 185 1 186 1 187 1 188 1 189 1
-1 5 185 -1 186 -1 187 -1 188 -1 189 -1
1 5 190 1 191 1 192 1 193 1 194 1
-1 5 190 -1 191 -1 192 -1 193 -1 194 -1
1 5 195 1 196 1 197 1 198 1 199 1
-1 5 195 -1 196 -1 197 -1 198 -1 199 -1
1 5 200 1 201 1 202 1 203 1 204 1
-1 5 200 -1 201 -1 202 -1 203 -1 204 -1
1 5 205 1 206 1 207 1 208 1 209 1
-1 5 205 -1 206 -1 207 -1 208 -1 209 -1
1 5 210 1 211 1 212 1 213 1 214 1
-1 5 210 -1 211 -1 212 -1 213 -1 214 -1
1 5 215 1 216 1 217 1 218 1 219 1
-1 5 215 -1 216 -1 217 -1 218 -1 219 -1
1 5 220 1 221 1 222 1 223 1 224 1
-1 5 220 -1 221 -1 222 -1 223 -1 224 -1
1 5 225 1 226 1 227 1 228 1 229 1
-1 5 225 -1 226 -1 227 -1 228 -1 229 -1
1 5 230 1 231 1 232 1 233 1 234 1
-1 5 230 -1 231 -1 232 -1 233 -1 234 -1
1 5 235 1 236 1 237 1 238 1 239 1
-1 5 235 -1 236 -1 237 -1 238 -1 239 -1
1 5 240 1 241 1 242 1 243 1 244 1
-1 5 240 -1 241 -1 242 -1 243 -1 244 -1
1 5 245 1 246 1 247 1 248 1 249 1
-1 5 245 -1 246 -1 247 -1 248 -1 249 -1
1 5 250 1 251 1 252 1 253 1 254 1
-1 5 250 -1 251 -1 252 -1 253 -1 254 -1
1 5 255 1 256 1 257 1 258 1 259 1
-1 5 255 -1 256 -1 257 -1 258 -1 259 -1
1 5 260 1 261 1 262 1 263 1 264 1
-1 5 260 -1 261 -1 262 -1 263 -1 264 -1
1 5 265 1 266 1 267 1 268 1 269 1
-1 5 265 -1 266 -1 267 -1 268 -1 269 -1
1 5 270 1 271 1 272 1 273 1 274 1
-1 5 270 -1 271 -1 272 -1 273 -1 274 -1
1 5 275 1 276 1 277 1 278 1 279 1
-1 5 275 -1 276 -1 277 -1 278 -1 279 -1
-81 56 0 -2 5 -8 10 -7 15 -7 20 -8 25 -1 30 -2 35 -8 40 -4 45 -9 50 -10 55 -3 60 -10 65 -7 70 -2 75 -6 80 -7 85 -7 90 -3 95 -8 100 -3 105 -4 110 -9 115 -6 120 -10 125 -6 130 -10 135 -2 140 -3 145 -6 150 -9 155 -2 160 -6 165 -1 170 -2 175 -1 180 -9 185 -4 190 -10 195 -4 200 -5 205 -2 210 -7 215 -5 220 -2 225 -6 230 -9 235 -2 240 -3 245 -8 250 -8 255 -2 260 -8 265 -1 270 -9 275 -3
-65 56 1 -7 6 -9 11 -8 16 -5 21 -1 26 -1 31 -8 36 -4 41 -2 46 -10 51 -2 56 -1 61 -10 66 -7 71 -5 76 -9 81 -3 86 -4 91 -4 96 -6 101 -4 106 -7 111 -1 116 -5 121 -10 126 -1 131 -3 136 -3 141 -2 146 -3 151 -10 156 -6 161 -2 166 -3 171 -4 176 -4 181 -1 186 -10 191 -10 196 -1 201 -9 206 -6 211 -5 216 -7 221 -8 226 -3 231 -2 236 -5 241 -10 246 -8 251 -6 256 -10 261 -5 266 -8 271 -7 276 -9
-52 56 2 -9 7 -8 12 -7 17 -4 22 -1 27 -6 32 -4 37 -1 42 -7 47 -4 52 -4 57 -3 62 -6 67 -6 72 -5 77 -8 82 -1 87 -7 92 -1 97 -3 102 -4 107 -3 112 -3 117 -4 122 -7 127 -10 132 -1 137 -10 142 -3 147 -3 152 -7 157 -4 162 -5 167 -9 172 -6 177 -8 182 -9 187 -6 192 -10 197 -6 202 -3 207 -9 212 -2 217 -8 222 -1 227 -4 232 -4 237 -10 242 -3 247 -2 252 -3 257 -2 262 -2 267 -2 272 -7 277 -9
-69 56 3 -3 8 -7 13 -2 18 -6 23 -1 28 -2 33 -1 38 -10 43 -9 48 -9 53 -4 58 -2 63 -5 68 -3 73 -2 78 -7 83 -6 88 -2 93 -10 98 -8 103 -9 108 -3 113 -8 118 -5 123 -10 128 -1 133 -7 138 -10 143 -3 148 -3 153 -9 158 -8 163 -5 168 -3 173 -6 178 -10 183 -7 188 -8 193 -1 198 -1 203 -8 208 -10 213 -1 218 -8 223 -9 228 -7 233 -6 238 -6 243 -8 248 -6 253 -9 258 -7 263 -4 268 -9 273 -2 278 -8
-71 56 4 -3 9 -2 14 -8 19 -3 24 -8 29 -7 34 -2 39 -2 44 -4 49 -7 54 -4 59 -9 64 -1 69 -9 74 -5 79 -10 84 -8 89 -5 94 -6 99 -7 104 -3 109 -1 114 -10 119 -3 124 -3 129 -10 134 -2 139 -9 144 -7 149 -2 154 -4 159 -9 164 -6 169 -3 174 -6 179 -10 184 -7 189 -10 194 -8 199 -7 204 -1 209 -10 214 -2 219 -6 224 -8 229 -1 234 -5 239 -2 244 -5 249 -7 254 -10 259 -1 264 -8 269 -10 274 -6 279 -9
incumbent 1
1 0 0 0 0 1 0 0 0 0 0 0 1 0 0 1 0 0 0 0 0 1 0 0 0 0 1 0 0 0 0 0 0 0 1 0 0 0 0 1 0 0 1 0 0 0 0 0 1 0 0 0 0 0 1 0 0 0 1 0 0 1 0 0 0 1 0 0 0 0 1 0 0 0 0 1 0 0 0 0 1 0 0 0 0 0 1 0 0 0 0 0 0 0 1 0 0 0 0 1 0 0 1 0 0 0 0 1 0 0 0 0 0 0 1 0 0 1 0 0 0 0 0 1 0 0 0 0 1 0 0 0 0 1 0 0 0 1 0 0 0 0 0 0 1 0 0 0 1 0 0 0 0 0 1 1 0 0 0 0 0 0 0 1 0 1 0 0 0 0 0 0 1 0 0 1 0 0 0 0 0 1 0 0 0 0 0 0 0 1 0 1 0 0 0 0 0 1 0 0 0 0 0 0 1 1 0 0 0 0 1 0 0 0 0 1 0 0 0 0 0 0 0 1 0 1 0 0 0 0 0 1 0 0 0 0 1 0 0 0 1 0 0 0 0 0 0 1 0 0 0 0 0 0 1 0 0 0 1 0 0 1 0 0 0 1 0 0 0 0 0 0 0 1 0 0 0 0 1 0
