280 117
13 3 39 58 55 65 10 9 21 35 56 54 63 49 24 45 55 23 37 61 62 63 19 33 57 57 19 36 41 44 18 48 35 23 47 24 39 47 64 9 9 36 61 20 20 36 70 69 17 67 21 22 62 32 66 52 21 38 12 43 49 32 60 45 2 60 10 31 42 24 67 50 33 57 39 60 34 29 42 61 17 56 12 2 35 52 16 2 26 31 70 34 49 41 4 19 24 48 35 22 2 50 40 30 16 43 23 7 52 38 20 18 64 16 8 47 10 60 15 69 44 15 16 42 67 60 13 17 62 62 60 67 46 16 24 4 51 13 19 31 56 58 42 16 18 50 11 44 36 69 5 14 60 48 39 23 3 25 33 64 3 34 22 26 29 62 14 69 59 46 70 48 61 28 10 43 3 10 37 55 62 52 12 52 59 24 36 64 56 54 61 32 33 16 46 37 6 45 20 4 30 21 36 7 60 16 13 55 6 27 1 16 12 48 68 8 53 12 2 44 51 4 33 43 51 4 35 64 4 12 17 37 38 64 19 38 52 39 43 57 17 36 7 4 56 12 65 39 53 31 58 57 50 65 35 57 6 37 50 65 67 6 57 5 70 4 52 55 54 14 8 41 17 18 36 54 1 57 47 44
1 5 0 1 1 1 2 1 3 1 4 1
-1 5 0 -1 1 -1 2 -1 3 -1 4 -1
1 5 5 1 6 1 7 1 8 1 9 1
-1 5 5 -1 6 -1 7 -1 8 -1 9 -1
1 5 10 1 11 1 12 1 13 1 14 1
-1 5 10 -1 11 -1 12 -1 13 -1 14 -1
1 5 15 1 16 1 17 1 18 1 19 1
-1 5 15 -1 16 -1 17 -1 18 -1 19 -1
1 5 20 1 21 1 22 1 23 1 24 1
-1 5 20 -1 21 -1 22 -1 23 -1 24 -1
1 5 25 1 26 1 27 1 28 1 29 1
-1 5 25 -1 26 -1 27 -1 28 -1 29 -1
1 5 30 1 31 1 32 1 33 1 34 1
-1 5 30 -1 31 -1 32 -1 33 -1 34 -1
1 5 35 1 36 1 37 1 38 1 39 1
-1 5 35 -1 36 -1 37 -1 38 -1 39 -1
1 5 40 1 41 1 42 1 43 1 44 1
-1 5 40 -1 41 -1 42 -1 43 -1 44 -1
1 5 45 1 46 1 47 1 48 1 49 1
-1 5 45 -1 46 -1 47 -1 48 -1 49 -1
1 5 50 1 51 1 52 1 53 1 54 1
-1 5 50 -1 51 -1 52 -1 53 -1 54 -1
1 5 55 1 56 1 57 1 58 1 59 1
-1 5 55 -1 56 -1 57 -1 58 -1 59 -1
1 5 60 1 61 1 62 1 63 1 64 1
-1 5 60 -1 61 -1 62 -1 63 -1 64 -1
1 5 65 1 66 1 67 1 68 1 69 1
-1 5 65 -1 66 -1 67 -1 68 -1 69 -1
1 5 70 1 71 1 72 1 73 1 74 1
-1 5 70 -1 71 -1 72 -1 73 -1 74 -1
1 5 75 1 76 1 77 1 78 1 79 1
-1 5 75 -1 76 -1 77 -1 78 -1 79 -1
1 5 80 1 81 1 82 1 83 1 84 1
-1 5 80 -1 81 -1 82 -1 83 -1 84 -1
1 5 85 1 86 1 87 1 88 1 89 1
-1 5 85 -1 86 -1 87 -1 88 -1 89 -1
1 5 90 1 91 1 92 1 93 1 94 1
-1 5 90 -1 91 -1 92 -1 93 -1 94 -1
1 5 95 1 96 1 97 1 98 1 99 1
-1 5 95 -1 96 -1 97 -1 98 -1 99 -1
1 5 100 1 101 1 102 1 103 1 104 1
-1 5 100 -1 101 -1 102 -1 103 -1 104 -1
1 5 105 1 106 1 107 1 108 1 109 1
-1 5 105 -1 106 -1 107 -1 108 -1 109 -1
1 5 110 1 111 1 112 1 113 1 114 1
-1 5 110 -1 111 -1 112 -1 113 -1 114 -1
1 5 115 1 116 1 117 1 118 1 119 1
-1 5 115 -1 116 -1 117 -1 118 -1 119 -1
1 5 120 1 121 1 122 1 123 1 124 1
-1 5 120 -1 121 -1 122 -1 123 -1 124 -1
1 5 125 1 126 1 127 1 128 1 129 1
-1 5 125 -1 126 -1 127 -1 128 -1 129 -1
1 5 130 1 131 1 132 1 133 1 134 1
-1 5 130 -1 131 -1 132 -1 133 -1 134 -1
1 5 135 1 136 1 137 1 138 1 139 1
-1 5 135 -1 136 -1 137 -1 138 -1 139 -1
1 5 140 1 141 1 142 1 143 1 144 1
-1 5 140 -1 141 -1 142 -1 143 -1 144 -1
1 5 145 1 146 1 147 1 148 1 149 1
-1 5 145 -1 146 -1 147 -1 148 -1 149 -1
1 5 150 1 151 1 152 1 153 1 154 1
-1 5 150 -1 151 -1 152 -1 153 -1 154 -1
1 5 155 1 156 1 157 1 158 1 159 1
-1 5 155 -1 156 -1 157 -1 158 -1 159 -1
1 5 160 1 161 1 162 1 163 1 164 1
-1 5 160 -1 161 -1 162 -1 163 -1 164 -1
1 5 165 1 166 1 167 1 168 1 169 1
-1 5 165 -1 166 -1 167 -1 168 -1 169 -1
1 5 170 1 171 1 172 1 173 1 174 1
-1 5 170 -1 171 -1 172 -1 173 -1 174 -1
1 5 175 1 176 1 177 1 178 1 179 1
-1 5 175 -1 176 -1 177 -1 178 -1 179 -1
1 5 180 1 181 1 182 1 183 1 184 1
-1 5 180 -1 181 -1 182 -1 183 -1 184 -1
1 5 185 1 186 1 187 1 188 1 189 1
-1 5 185 -1 186 -1 187 -1 188 -1 189 -1
1 5 190 1 191 1 192 1 193 1 194 1
-1 5 190 -1 191 -1 192 -1 193 -1 194 -1
1 5 195 1 196 1 197 1 198 1 199 1
-1 5 195 -1 196 -1 197 -1 198 -1 199 -1
1 5 200 1 201 1 202 1 203 1 204 1
-1 5 200 -1 201 -1 202 -1 203 -1 204 -1
1 5 205 1 206 1 207 1 208 1 209 1
-1 5 205 -1 206 -1 207 -1 208 -1 209 -1
1 5 210 1 211 1 212 1 213 1 214 1
-1 5 210 -1 211 -1 212 -1 213 -1 214 -1
1 5 215 1 216 1 217 1 218 1 219 1
-1 5 215 -1 216 -1 217 -1 218 -1 219 -1
1 5 220 1 221 1 222 1 223 1 224 1
-1 5 220 -1 221 -1 222 -1 223 -1 224 -1
1 5 225 1 226 1 227 1 228 1 229 1
-1 5 225 -1 226 -1 227 -1 228 -1 229 -1
1 5 230 1 231 1 232 1 233 1 234 1
-1 5 230 -1 231 -1 232 -1 233 -1 234 -1
1 5 235 1 236 1 237 1 238 1 239 1
-1 5 235 -1 236 -1 237 -1 238 -1 239 -1
1 5 240 1 241 1 242 1 243 1 244 1
-1 5 240 -1 241 -1 242 -1 243 -1 244 -1
1 5 245 1 246 1 247 1 248 1 249 1
-1 5 245 -1 246 -1 247 -1 248 -1 249 -1
1 5 250 1 251 1 252 1 253 1 254 1
-1 5 250 -1 251 -1 252 -1 253 -1 254 -1
1 5 255 1 256 1 257 1 258 1 259 1
-1 5 255 -1 256 -1 257 -1 258 -1 259 -1
1 5 260 1 261 1 262 1 263 1 264 1
-1 5 260 -1 261 -1 262 -1 263 -1 264 -1
1 5 265 1 266 1 267 1 268 1 269 1
-1 5 265 -1 266 -1 267 -1 268 -1 269 -1
1 5 270 1 271 1 272 1 273 1 274 1
-1 5 270 -1 271 -1 272 -1 273 -1 274 -1
1 5 275 1 276 1 277 1 278 1 279 1
-1 5 275 -1 276 -1 277 -1 278 -1 279 -1
-81 56 0 -9 5 -10 10 -9 15 -1 20 -8 25 -8 30 -3 35 -4 40 -1 45 -4 50 -3 55 -6 60 -9 65 -1 70 -4 75 -10 80 -7 85 -6 90 -4 95 -6 100 -7 105 -7 110 -1 115 -5 120 -10 125 -4 130 -4 135 -1 140 -10 145 -7 150 -6 155 -8 160 -5 165 -9 170 -7 175 -7 180 -5 185 -9 190 -9 195 -5 200 -9 205 -10 210 -4 215 -4 220 -2 225 -7 230 -4 235 -5 240 -1 245 -5 250 -6 255 -8 260 -4 265 -2 270 -2 275 -10
-47 56 1 -5 6 -2 11 -9 16 -10 21 -8 26 -7 31 -3 36 -4 41 -9 46 -7 51 -7 56 -6 61 -9 66 -8 71 -9 76 -7 81 -6 86 -1 91 -3 96 -9 101 -1 106 -4 111 -5 116 -5 121 -3 126 -4 131 -6 136 -8 141 -2 146 -3 151 -1 156 -2 161 -10 166 -7 171 -4 176 -7 181 -10 186 -5 191 -4 196 -4 201 -3 206 -8 211 -1 216 -7 221 -1 226 -1 231 -9 236 -1 241 -6 246 -2 251 -9 256 -5 261 -3 266 -4 271 -9 276 -2
-56 56 2 -7 7 -9 12 -5 17 -1 22 -4 27 -1 32 -3 37 -8 42 -6 47 -10 52 -2 57 -4 62 -8 67 -9 72 -3 77 -4 82 -4 87 -2 92 -8 97 -8 102 -2 107 -6 112 -3 117 -9 122 -4 127 -5 132 -5 137 -7 142 -9 147 -5 152 -9 157 -2 162 -8 167 -5 172 -10 177 -3 182 -8 187 -6 192 -1 197 -6 202 -5 207 -7 212 -8 217 -8 222 -10 227 -9 232 -5 237 -3 242 -9 247 -9 252 -4 257 -9 262 -3 267 -7 272 -8 277 -2
-70 56 3 -7 8 -3 13 -10 18 -5 23 -9 28 -7 33 -7 38 -5 43 -4 48 -1 53 -5 58 -8 63 -2 68 -6 73 -10 78 -2 83 -2 88 -10 93 -4 98 -8 103 -3 108 -9 113 -8 118 -9 123 -7 128 -7 133 -6 138 -7 143 -5 148 -10 153 -3 158 -9 163 -5 168 -2 173 -9 178 -2 183 -10 188 -2 193 -8 198 -10 203 -1 208 -8 213 -4 218 -4 223 -1 228 -4 233 -7 238 -6 243 -8 248 -9 253 -4 258 -6 263 -3 268 -9 273 -2 278 -10
-76 56 4 -9 9 -5 14 -1 19 -7 24 -10 29 -5 34 -9 39 -9 44 -1 49 -9 54 -7 59 -10 64 -6 69 -7 74 -1 79 -10 84 -8 89 -6 94 -3 99 -9 104 -2 109 -10 114 -6 119 -5 124 -2 129 -3 134 -2 139 -4 144 -8 149 -10 154 -10 159 -3 164 -10 169 -5 174 -5 179 -8 184 -8 189 -8 194 -6 199 -6 204 -1 209 -3 214 -7 219 -6 224 -7 229 -8 234 -9 239 -4 244 -8 249 -7 254 -2 259 -5 264 -10 269 -5 274 -8 279 -5
incumbent 1
1 0 0 0 0 0 0 0 1 0 0 0 0 0 1 0 0 1 0 0 0 0 0 1 0 0 1 0 0 0 1 0 0 0 0 0 0 0 0 1 1 0 0 0 0 0 0 0 1 0 1 0 0 0 0 0 0 0 1 0 0 0 0 0 1 0 1 0 0 0 0 0 1 0 0 0 0 1 0 0 0 0 0 1 0 0 0 1 0 0 0 0 0 0 1 1 0 0 0 0 1 0 0 0 0 0 0 1 0 0 0 0 0 0 1 0 1 0 0 0 0 1 0 0 0 0 1 0 0 0 0 0 0 1 0 1 0 0 0 0 0 0 0 1 0 0 1 0 0 0 1 0 0 0 0 0 1 0 0 0 1 0 0 0 0 0 1 0 0 0 0 0 0 1 0 0 0 1 0 0 0 0 1 0 0 1 0 0 0 0 0 0 0 1 0 0 0 0 0 1 0 0 0 1 0 0 0 0 1 0 1 0 0 0 0 1 0 0 0 0 0 1 0 0 0 0 0 0 1 0 1 0 0 0 0 1 0 0 0 0 0 0 1 0 0 1 0 0 0 0 0 0 0 0 1 0 1 0 0 0 0 0 0 1 0 1 0 0 0 0 1 0 0 0 0 0 1 0 0 0
