246 331
0 0 0 0 0 0 0 0 0 0 0 0 0 0 0 0 0 0 0 0 0 0 0 0 0 0 0 0 0 0 0 0 0 0 0 0 0 0 0 0 0 0 0 0 0 0 0 0 0 0 0 0 0 0 0 0 0 0 0 0 0 0 0 0 0 0 0 0 0 0 0 0 0 0 0 0 0 0 0 0 0 0 0 0 0 0 0 0 0 0 0 0 0 0 0 0 0 0 0 0 0 0 0 0 0 0 0 0 0 0 0 0 0 0 0 0 0 0 0 0 0 0 0 0 0 0 0 0 0 0 0 0 0 0 0 0 0 0 0 0 0 0 0 0 0 0 0 0 0 0 0 0 0 0 0 0 0 0 0 0 0 0 0 0 0 0 0 0 0 0 0 0 0 0 0 0 0 0 0 0 0 0 0 0 0 0 0 0 0 0 0 0 0 0 0 0 0 0 0 0 0 0 0 0 0 0 0 0 0 0 0 0 0 0 0 0 0 0 0 0 0 0 0 0 0 0 0 0 0 0 0 0 0 0 0 0 0 0 0 0 1 1 1 1 1 1
1 6 0 1 1 1 2 1 3 1 4 1 5 1
-1 6 0 -1 1 -1 2 -1 3 -1 4 -1 5 -1
0 2 0 -1 240 1
0 2 1 -1 241 1
0 2 2 -1 242 1
0 2 3 -1 243 1
0 2 4 -1 244 1
0 2 5 -1 245 1
1 6 6 1 7 1 8 1 9 1 10 1 11 1
-1 6 6 -1 7 -1 8 -1 9 -1 10 -1 11 -1
0 2 6 -1 240 1
0 2 7 -1 241 1
0 2 8 -1 242 1
0 2 9 -1 243 1
0 2 10 -1 244 1
0 2 11 -1 245 1
1 6 12 1 13 1 14 1 15 1 16 1 17 1
-1 6 12 -1 13 -1 14 -1 15 -1 16 -1 17 -1
0 2 12 -1 240 1
0 2 13 -1 241 1
0 2 14 -1 242 1
0 2 15 -1 243 1
0 2 16 -1 244 1
0 2 17 -1 245 1
1 6 18 1 19 1 20 1 21 1 22 1 23 1
-1 6 18 -1 19 -1 20 -1 21 -1 22 -1 23 -1
0 2 18 -1 240 1
0 2 19 -1 241 1
0 2 20 -1 242 1
0 2 21 -1 243 1
0 2 22 -1 244 1
0 2 23 -1 245 1
1 6 24 1 25 1 26 1 27 1 28 1 29 1
-1 6 24 -1 25 -1 26 -1 27 -1 28 -1 29 -1
0 2 24 -1 240 1
0 2 25 -1 241 1
0 2 26 -1 242 1
0 2 27 -1 243 1
0 2 28 -1 244 1
0 2 29 -1 245 1
1 6 30 1 31 1 32 1 33 1 34 1 35 1
-1 6 30 -1 31 -1 32 -1 33 -1 34 -1 35 -1
0 2 30 -1 240 1
0 2 31 -1 241 1
0 2 32 -1 242 1
0 2 33 -1 243 1
0 2 34 -1 244 1
0 2 35 -1 245 1
1 6 36 1 37 1 38 1 39 1 40 1 41 1
-1 6 36 -1 37 -1 38 -1 39 -1 40 -1 41 -1
0 2 36 -1 240 1
0 2 37 -1 241 1
0 2 38 -1 242 1
0 2 39 -1 243 1
0 2 40 -1 244 1
0 2 41 -1 245 1
1 6 42 1 43 1 44 1 45 1 46 1 47 1
-1 6 42 -1 43 -1 44 -1 45 -1 46 -1 47 -1
0 2 42 -1 240 1
0 2 43 -1 241 1
0 2 44 -1 242 1
0 2 45 -1 243 1
0 2 46 -1 244 1
0 2 47 -1 245 1
1 6 48 1 49 1 50 1 51 1 52 1 53 1
-1 6 48 -1 49 -1 50 -1 51 -1 52 -1 53 -1
0 2 48 -1 240 1
0 2 49 -1 241 1
0 2 50 -1 242 1
0 2 51 -1 243 1
0 2 52 -1 244 1
0 2 53 -1 245 1
1 6 54 1 55 1 56 1 57 1 58 1 59 1
-1 6 54 -1 55 -1 56 -1 57 -1 58 -1 59 -1
0 2 54 -1 240 1
0 2 55 -1 241 1
0 2 56 -1 242 1
0 2 57 -1 243 1
0 2 58 -1 244 1
0 2 59 -1 245 1
1 6 60 1 61 1 62 1 63 1 64 1 65 1
-1 6 60 -1 61 -1 62 -1 63 -1 64 -1 65 -1
0 2 60 -1 240 1
0 2 61 -1 241 1
0 2 62 -1 242 1
0 2 63 -1 243 1
0 2 64 -1 244 1
0 2 65 -1 245 1
1 6 66 1 67 1 68 1 69 1 70 1 71 1
-1 6 66 -1 67 -1 68 -1 69 -1 70 -1 71 -1
0 2 66 -1 240 1
0 2 67 -1 241 1
0 2 68 -1 242 1
0 2 69 -1 243 1
0 2 70 -1 244 1
0 2 71 -1 245 1
1 6 72 1 73 1 74 1 75 1 76 1 77 1
-1 6 72 -1 73 -1 74 -1 75 -1 76 -1 77 -1
0 2 72 -1 240 1
0 2 73 -1 241 1
0 2 74 -1 242 1
0 2 75 -1 243 1
0 2 76 -1 244 1
0 2 77 -1 245 1
1 6 78 1 79 1 80 1 81 1 82 1 83 1
-1 6 78 -1 79 -1 80 -1 81 -1 82 -1 83 -1
0 2 78 -1 240 1
0 2 79 -1 241 1
0 2 80 -1 242 1
0 2 81 -1 243 1
0 2 82 -1 244 1
0 2 83 -1 245 1
1 6 84 1 85 1 86 1 87 1 88 1 89 1
-1 6 84 -1 85 -1 86 -1 87 -1 88 -1 89 -1
0 2 84 -1 240 1
0 2 85 -1 241 1
0 2 86 -1 242 1
0 2 87 -1 243 1
0 2 88 -1 244 1
0 2 89 -1 245 1
1 6 90 1 91 1 92 1 93 1 94 1 95 1
-1 6 90 -1 91 -1 92 -1 93 -1 94 -1 95 -1
0 2 90 -1 240 1
0 2 91 -1 241 1
0 2 92 -1 242 1
0 2 93 -1 243 1
0 2 94 -1 244 1
0 2 95 -1 245 1
1 6 96 1 97 1 98 1 99 1 100 1 101 1
-1 6 96 -1 97 -1 98 -1 99 -1 100 -1 101 -1
0 2 96 -1 240 1
0 2 97 -1 241 1
0 2 98 -1 242 1
0 2 99 -1 243 1
0 2 100 -1 244 1
0 2 101 -1 245 1
1 6 102 1 103 1 104 1 105 1 106 1 107 1
-1 6 102 -1 103 -1 104 -1 105 -1 106 -1 107 -1
0 2 102 -1 240 1
0 2 103 -1 241 1
0 2 104 -1 242 1
0 2 105 -1 243 1
0 2 106 -1 244 1
0 2 107 -1 245 1
1 6 108 1 109 1 110 1 111 1 112 1 113 1
-1 6 108 -1 109 -1 110 -1 111 -1 112 -1 113 -1
0 2 108 -1 240 1
0 2 109 -1 241 1
0 2 110 -1 242 1
0 2 111 -1 243 1
0 2 112 -1 244 1
0 2 113 -1 245 1
1 6 114 1 115 1 116 1 117 1 118 1 119 1
-1 6 114 -1 115 -1 116 -1 117 -1 118 -1 119 -1
0 2 114 -1 240 1
0 2 115 -1 241 1
0 2 116 -1 242 1
0 2 117 -1 243 1
0 2 118 -1 244 1
0 2 119 -1 245 1
1 6 120 1 121 1 122 1 123 1 124 1 125 1
-1 6 120 -1 121 -1 122 -1 123 -1 124 -1 125 -1
0 2 120 -1 240 1
0 2 121 -1 241 1
0 2 122 -1 242 1
0 2 123 -1 243 1
0 2 124 -1 244 1
0 2 125 -1 245 1
1 6 126 1 127 1 128 1 129 1 130 1 131 1
-1 6 126 -1 127 -1 128 -1 129 -1 130 -1 131 -1
0 2 126 -1 240 1
0 2 127 -1 241 1
0 2 128 -1 242 1
0 2 129 -1 243 1
0 2 130 -1 244 1
0 2 131 -1 245 1
1 6 132 1 133 1 134 1 135 1 136 1 137 1
-1 6 132 -1 133 -1 134 -1 135 -1 136 -1 137 -1
0 2 132 -1 240 1
0 2 133 -1 241 1
0 2 134 -1 242 1
0 2 135 -1 243 1
0 2 136 -1 244 1
0 2 137 -1 245 1
1 6 138 1 139 1 140 1 141 1 142 1 143 1
-1 6 138 -1 139 -1 140 -1 141 -1 142 -1 143 -1
0 2 138 -1 240 1
0 2 139 -1 241 1
0 2 140 -1 242 1
0 2 141 -1 243 1
0 2 142 -1 244 1
0 2 143 -1 245 1
1 6 144 1 145 1 146 1 147 1 148 1 149 1
-1 6 144 -1 145 -1 146 -1 147 -1 148 -1 149 -1
0 2 144 -1 240 1
0 2 145 -1 241 1
0 2 146 -1 242 1
0 2 147 -1 243 1
0 2 148 -1 244 1
0 2 149 -1 245 1
1 6 150 1 151 1 152 1 153 1 154 1 155 1
-1 6 150 -1 151 -1 152 -1 153 -1 154 -1 155 -1
0 2 150 -1 240 1
0 2 151 -1 241 1
0 2 152 -1 242 1
0 2 153 -1 243 1
0 2 154 -1 244 1
0 2 155 -1 245 1
1 6 156 1 157 1 158 1 159 1 160 1 161 1
-1 6 156 -1 157 -1 158 -1 159 -1 160 -1 161 -1
0 2 156 -1 240 1
0 2 157 -1 241 1
0 2 158 -1 242 1
0 2 159 -1 243 1
0 2 160 -1 244 1
0 2 161 -1 245 1
1 6 162 1 163 1 164 1 165 1 166 1 167 1
-1 6 162 -1 163 -1 164 -1 165 -1 166 -1 167 -1
0 2 162 -1 240 1
0 2 163 -1 241 1
0 2 164 -1 242 1
0 2 165 -1 243 1
0 2 166 -1 244 1
0 2 167 -1 245 1
1 6 168 1 169 1 170 1 171 1 172 1 173 1
-1 6 168 -1 169 -1 170 -1 171 -1 172 -1 173 -1
0 2 168 -1 240 1
0 2 169 -1 241 1
0 2 170 -1 242 1
0 2 171 -1 243 1
0 2 172 -1 244 1
0 2 173 -1 245 1
1 6 174 1 175 1 176 1 177 1 178 1 179 1
-1 6 174 -1 175 -1 176 -1 177 -1 178 -1 179 -1
0 2 174 -1 240 1
0 2 175 -1 241 1
0 2 176 -1 242 1
0 2 177 -1 243 1
0 2 178 -1 244 1
0 2 179 -1 245 1
1 6 180 1 181 1 182 1 183 1 184 1 185 1
-1 6 180 -1 181 -1 182 -1 183 -1 184 -1 185 -1
0 2 180 -1 240 1
0 2 181 -1 241 1
0 2 182 -1 242 1
0 2 183 -1 243 1
0 2 184 -1 244 1
0 2 185 -1 245 1
1 6 186 1 187 1 188 1 189 1 190 1 191 1
-1 6 186 -1 187 -1 188 -1 189 -1 190 -1 191 -1
0 2 186 -1 240 1
0 2 187 -1 241 1
0 2 188 -1 242 1
0 2 189 -1 243 1
0 2 190 -1 244 1
0 2 191 -1 245 1
1 6 192 1 193 1 194 1 195 1 196 1 197 1
-1 6 192 -1 193 -1 194 -1 195 -1 196 -1 197 -1
0 2 192 -1 240 1
0 2 193 -1 241 1
0 2 194 -1 242 1
0 2 195 -1 243 1
0 2 196 -1 244 1
0 2 197 -1 245 1
1 6 198 1 199 1 200 1 201 1 202 1 203 1
-1 6 198 -1 199 -1 200 -1 201 -1 202 -1 203 -1
0 2 198 -1 240 1
0 2 199 -1 241 1
0 2 200 -1 242 1
0 2 201 -1 243 1
0 2 202 -1 244 1
0 2 203 -1 245 1
1 6 204 1 205 1 206 1 207 1 208 1 209 1
-1 6 204 -1 205 -1 206 -1 207 -1 208 -1 209 -1
0 2 204 -1 240 1
0 2 205 -1 241 1
0 2 206 -1 242 1
0 2 207 -1 243 1
0 2 208 -1 244 1
0 2 209 -1 245 1
1 6 210 1 211 1 212 1 213 1 214 1 215 1
-1 6 210 -1 211 -1 212 -1 213 -1 214 -1 215 -1
0 2 210 -1 240 1
0 2 211 -1 241 1
0 2 212 -1 242 1
0 2 213 -1 243 1
0 2 214 -1 244 1
0 2 215 -1 245 1
1 6 216 1 217 1 218 1 219 1 220 1 221 1
-1 6 216 -1 217 -1 218 -1 219 -1 220 -1 221 -1
0 2 216 -1 240 1
0 2 217 -1 241 1
0 2 218 -1 242 1
0 2 219 -1 243 1
0 2 220 -1 244 1
0 2 221 -1 245 1
1 6 222 1 223 1 224 1 225 1 226 1 227 1
-1 6 222 -1 223 -1 224 -1 225 -1 226 -1 227 -1
0 2 222 -1 240 1
0 2 223 -1 241 1
0 2 224 -1 242 1
0 2 225 -1 243 1
0 2 226 -1 244 1
0 2 227 -1 245 1
1 6 228 1 229 1 230 1 231 1 232 1 233 1
-1 6 228 -1 229 -1 230 -1 231 -1 232 -1 233 -1
0 2 228 -1 240 1
0 2 229 -1 241 1
0 2 230 -1 242 1
0 2 231 -1 243 1
0 2 232 -1 244 1
0 2 233 -1 245 1
1 6 234 1 235 1 236 1 237 1 238 1 239 1
-1 6 234 -1 235 -1 236 -1 237 -1 238 -1 239 -1
0 2 234 -1 240 1
0 2 235 -1 241 1
0 2 236 -1 242 1
0 2 237 -1 243 1
0 2 238 -1 244 1
0 2 239 -1 245 1
0 41 0 -9 6 -4 12 -8 18 -7 24 -8 30 -4 36 -8 42 -8 48 -4 54 -3 60 -8 66 -2 72 -3 78 -8 84 -8 90 -3 96 -5 102 -7 108 -5 114 -6 120 -8 126 -8 132 -3 138 -2 144 -3 150 -3 156 -2 162 -8 168 -4 174 -9 180 -4 186 -2 192 -7 198 -5 204 -3 210 -9 216 -3 222 -9 228 -6 234 -10 240 46
0 41 1 -9 7 -4 13 -8 19 -7 25 -8 31 -4 37 -8 43 -8 49 -4 55 -3 61 -8 67 -2 73 -3 79 -8 85 -8 91 -3 97 -5 103 -7 109 -5 115 -6 121 -8 127 -8 133 -3 139 -2 145 -3 151 -3 157 -2 163 -8 169 -4 175 -9 181 -4 187 -2 193 -7 199 -5 205 -3 211 -9 217 -3 223 -9 229 -6 235 -10 241 46
0 41 2 -9 8 -4 14 -8 20 -7 26 -8 32 -4 38 -8 44 -8 50 -4 56 -3 62 -8 68 -2 74 -3 80 -8 86 -8 92 -3 98 -5 104 -7 110 -5 116 -6 122 -8 128 -8 134 -3 140 -2 146 -3 152 -3 158 -2 164 -8 170 -4 176 -9 182 -4 188 -2 194 -7 200 -5 206 -3 212 -9 218 -3 224 -9 230 -6 236 -10 242 46
0 41 3 -9 9 -4 15 -8 21 -7 27 -8 33 -4 39 -8 45 -8 51 -4 57 -3 63 -8 69 -2 75 -3 81 -8 87 -8 93 -3 99 -5 105 -7 111 -5 117 -6 123 -8 129 -8 135 -3 141 -2 147 -3 153 -3 159 -2 165 -8 171 -4 177 -9 183 -4 189 -2 195 -7 201 -5 207 -3 213 -9 219 -3 225 -9 231 -6 237 -10 243 46
0 41 4 -9 10 -4 16 -8 22 -7 28 -8 34 -4 40 -8 46 -8 52 -4 58 -3 64 -8 70 -2 76 -3 82 -8 88 -8 94 -3 100 -5 106 -7 112 -5 118 -6 124 -8 130 -8 136 -3 142 -2 148 -3 154 -3 160 -2 166 -8 172 -4 178 -9 184 -4 190 -2 196 -7 202 -5 208 -3 214 -9 220 -3 226 -9 232 -6 238 -10 244 46
0 41 5 -9 11 -4 17 -8 23 -7 29 -8 35 -4 41 -8 47 -8 53 -4 59 -3 65 -8 71 -2 77 -3 83 -8 89 -8 95 -3 101 -5 107 -7 113 -5 119 -6 125 -8 131 -8 137 -3 143 -2 149 -3 155 -3 161 -2 167 -8 173 -4 179 -9 185 -4 191 -2 197 -7 203 -5 209 -3 215 -9 221 -3 227 -9 233 -6 239 -10 245 46
0 2 240 1 241 -1
0 2 241 1 242 -1
0 2 242 1 243 -1
0 2 243 1 244 -1
0 2 244 1 245 -1
incumbent 1
1 0 0 0 0 0 0 0 0 1 0 0 0 1 0 0 0 0 0 0 0 1 0 0 0 1 0 0 0 0 0 0 0 1 0 0 0 1 0 0 0 0 0 1 0 0 0 0 0 0 0 0 1 0 0 0 0 0 1 0 0 1 0 0 0 0 0 0 0 1 0 0 0 0 0 0 1 0 0 0 1 0 0 0 0 0 1 0 0 0 0 0 0 0 1 0 0 0 0 1 0 0 0 0 0 1 0 0 0 0 0 1 0 0 0 1 0 0 0 0 0 0 1 0 0 0 0 0 1 0 0 0 0 0 0 0 1 0 0 0 0 0 1 0 0 0 0 0 1 0 0 0 0 0 1 0 0 0 0 0 1 0 0 0 1 0 0 0 0 0 0 0 1 0 1 0 0 0 0 0 0 0 0 0 1 0 0 0 0 0 1 0 0 0 0 1 0 0 0 0 0 1 0 0 0 0 0 0 1 0 1 0 0 0 0 0 0 0 0 0 1 0 1 0 0 0 0 0 0 0 1 0 0 0 1 0 0 0 0 0 1 1 1 1 1 0
