200 100
-30 -33 -32 -13 -6 -49 -22 -29 -7 -33 -26 -12 -39 -38 -50 -20 -49 -14 -37 -14 -23 -36 -46 -23 -28 -37 -5 -33 -43 -34 -49 -26 -19 -11 -8 -14 -34 -7 -50 -44 -29 -16 -23 -17 -39 -38 -27 -40 -46 -15 -41 -31 -35 -31 -43 -24 -11 -42 -21 -41 -33 -33 -24 -49 -35 -14 -32 -27 -35 -29 -33 -47 -49 -37 -6 -29 -25 -15 -25 -27 -33 -29 -49 -45 -17 -30 -25 -16 -38 -36 -13 -20 -47 -40 -23 -45 -45 -24 -46 -24 -34 -5 -30 -48 -22 -30 -35 -31 -19 -23 -9 -34 -49 -17 -8 -14 -31 -15 -20 -13 -15 -15 -36 -49 -16 -13 -5 -16 -22 -18 -33 -18 -25 -11 -11 -6 -10 -36 -9 -23 -28 -16 -18 -37 -7 -13 -46 -20 -22 -10 -47 -43 -17 -23 -46 -43 -46 -25 -37 -34 -43 -44 -5 -42 -35 -49 -24 -18 -30 -22 -36 -18 -24 -13 -44 -40 -42 -19 -31 -11 -46 -40 -43 -13 -41 -30 -16 -5 -43 -25 -33 -40 -20 -19 -47 -45 -27 -46 -6 -22
-1 4 6 -1 9 -1 68 -1 147 -1
-1 7 6 -1 16 -1 21 -1 68 -1 74 -1 113 -1 191 -1
-1 7 70 -1 81 -1 94 -1 111 -1 150 -1 165 -1 199 -1
-1 2 32 -1 42 -1
-1 4 24 -1 28 -1 95 -1 96 -1
-1 6 16 -1 24 -1 73 -1 146 -1 162 -1 171 -1
-1 8 42 -1 64 -1 80 -1 119 -1 125 -1 137 -1 161 -1 195 -1
-1 1 70 -1
-1 5 46 -1 72 -1 123 -1 134 -1 179 -1
-1 6 4 -1 78 -1 105 -1 109 -1 142 -1 172 -1
-1 4 19 -1 55 -1 72 -1 154 -1
-1 3 58 -1 79 -1 91 -1
-1 8 4 -1 12 -1 13 -1 35 -1 36 -1 117 -1 173 -1 185 -1
-1 2 131 -1 177 -1
-1 4 34 -1 113 -1 188 -1 196 -1
-1 6 44 -1 47 -1 89 -1 93 -1 101 -1 158 -1
-1 5 20 -1 109 -1 119 -1 168 -1 177 -1
-1 5 1 -1 26 -1 115 -1 155 -1 169 -1
-1 5 25 -1 69 -1 78 -1 178 -1 192 -1
-1 4 37 -1 84 -1 95 -1 185 -1
-1 5 33 -1 106 -1 132 -1 140 -1 176 -1
-1 6 34 -1 54 -1 78 -1 84 -1 89 -1 130 -1
-1 4 4 -1 60 -1 98 -1 129 -1
-1 5 58 -1 67 -1 90 -1 141 -1 192 -1
-1 6 28 -1 40 -1 113 -1 128 -1 132 -1 164 -1
-1 4 14 -1 83 -1 133 -1 142 -1
-1 5 65 -1 94 -1 97 -1 165 -1 198 -1
-1 4 43 -1 154 -1 190 -1 196 -1
-1 2 115 -1 159 -1
-1 8 1 -1 74 -1 80 -1 99 -1 132 -1 142 -1 158 -1 192 -1
-1 5 55 -1 82 -1 125 -1 155 -1 157 -1
-1 3 54 -1 147 -1 167 -1
-1 7 0 -1 3 -1 60 -1 115 -1 135 -1 146 -1 194 -1
-1 2 55 -1 140 -1
-1 12 37 -1 38 -1 57 -1 66 -1 86 -1 100 -1 113 -1 147 -1 152 -1 158 -1 161 -1 162 -1
-1 3 47 -1 160 -1 193 -1
-1 6 8 -1 15 -1 16 -1 134 -1 138 -1 168 -1
-1 3 100 -1 109 -1 126 -1
-1 3 7 -1 46 -1 50 -1
-1 4 47 -1 112 -1 157 -1 191 -1
-1 2 37 -1 189 -1
-1 6 32 -1 45 -1 49 -1 53 -1 151 -1 184 -1
-1 9 12 -1 40 -1 44 -1 92 -1 111 -1 112 -1 127 -1 132 -1 186 -1
-1 6 3 -1 42 -1 51 -1 54 -1 64 -1 119 -1
-1 3 11 -1 120 -1 141 -1
-1 1 99 -1
-1 7 38 -1 40 -1 44 -1 46 -1 131 -1 155 -1 178 -1
-1 6 7 -1 58 -1 86 -1 87 -1 135 -1 164 -1
-1 3 140 -1 167 -1 195 -1
-1 4 39 -1 123 -1 126 -1 189 -1
-1 5 5 -1 16 -1 36 -1 67 -1 185 -1
-1 13 22 -1 33 -1 46 -1 59 -1 76 -1 88 -1 89 -1 91 -1 108 -1 112 -1 128 -1 152 -1 183 -1
-1 6 24 -1 31 -1 50 -1 53 -1 97 -1 148 -1
-1 9 26 -1 40 -1 76 -1 109 -1 135 -1 140 -1 186 -1 197 -1 198 -1
-1 6 3 -1 59 -1 103 -1 116 -1 161 -1 169 -1
-1 9 8 -1 48 -1 49 -1 52 -1 79 -1 97 -1 123 -1 180 -1 199 -1
-1 3 4 -1 56 -1 136 -1
-1 6 77 -1 80 -1 90 -1 104 -1 162 -1 176 -1
-1 3 1 -1 39 -1 137 -1
-1 0
-1 5 33 -1 41 -1 44 -1 69 -1 87 -1
-1 4 38 -1 85 -1 96 -1 148 -1
-1 3 12 -1 118 -1 198 -1
-1 5 17 -1 75 -1 122 -1 166 -1 199 -1
-1 6 25 -1 47 -1 55 -1 65 -1 90 -1 168 -1
-1 8 3 -1 49 -1 62 -1 110 -1 126 -1 156 -1 180 -1 182 -1
-1 3 15 -1 74 -1 75 -1
-1 4 42 -1 63 -1 150 -1 159 -1
-1 4 86 -1 133 -1 149 -1 164 -1
-1 3 82 -1 88 -1 188 -1
-1 3 8 -1 10 -1 114 -1
-1 8 19 -1 30 -1 67 -1 78 -1 89 -1 107 -1 166 -1 195 -1
-1 2 124 -1 136 -1
-1 5 32 -1 75 -1 129 -1 166 -1 168 -1
-1 4 0 -1 29 -1 71 -1 137 -1
-1 7 19 -1 39 -1 53 -1 59 -1 103 -1 108 -1 157 -1
-1 4 22 -1 70 -1 111 -1 169 -1
-1 4 26 -1 102 -1 118 -1 163 -1
-1 7 60 -1 62 -1 76 -1 92 -1 100 -1 138 -1 186 -1
-1 3 88 -1 91 -1 187 -1
-1 3 23 -1 108 -1 150 -1
-1 12 17 -1 51 -1 64 -1 82 -1 83 -1 85 -1 129 -1 142 -1 143 -1 175 -1 185 -1 186 -1
-1 6 2 -1 39 -1 80 -1 159 -1 170 -1 195 -1
-1 4 1 -1 131 -1 133 -1 172 -1
-1 2 96 -1 139 -1
-1 6 137 -1 139 -1 163 -1 164 -1 172 -1 177 -1
-1 5 122 -1 136 -1 143 -1 153 -1 181 -1
-1 7 9 -1 13 -1 58 -1 68 -1 120 -1 122 -1 146 -1
-1 1 110 -1
-1 9 19 -1 29 -1 43 -1 65 -1 83 -1 105 -1 110 -1 131 -1 147 -1
-1 8 18 -1 23 -1 83 -1 91 -1 145 -1 153 -1 155 -1 198 -1
-1 6 38 -1 45 -1 71 -1 85 -1 87 -1 120 -1
-1 6 5 -1 10 -1 13 -1 61 -1 98 -1 146 -1
-1 5 17 -1 96 -1 172 -1 178 -1 196 -1
-1 5 95 -1 112 -1 143 -1 144 -1 171 -1
-1 4 27 -1 121 -1 152 -1 174 -1
-1 6 15 -1 36 -1 60 -1 77 -1 165 -1 179 -1
-1 5 23 -1 119 -1 181 -1 194 -1 197 -1
-1 7 23 -1 57 -1 99 -1 122 -1 128 -1 133 -1 167 -1
-1 5 25 -1 121 -1 129 -1 171 -1 181 -1
incumbent 1
0 1 0 0 0 0 0 1 0 1 0 1 0 0 1 0 0 0 1 0 1 1 1 0 0 1 0 0 1 0 1 1 0 0 0 0 0 0 0 0 0 1 0 0 0 0 0 0 1 0 0 0 0 0 0 0 1 0 0 0 0 1 0 1 0 0 1 0 0 0 0 1 1 1 0 1 0 0 0 0 0 1 0 0 0 0 0 0 0 0 0 0 1 1 0 0 0 0 0 0 0 0 1 0 1 1 1 0 0 0 0 0 0 0 1 0 1 1 0 0 0 0 0 0 1 0 0 0 0 0 1 0 0 0 0 0 0 0 0 1 0 0 0 0 1 0 0 0 0 1 0 1 0 0 0 0 1 1 0 0 1 0 0 0 0 0 0 1 0 0 1 0 0 0 1 1 0 0 0 0 0 0 0 0 0 0 0 1 1 1 1 0 0 0 1 0 0 0 0 0
