420 2079
0 0 0 0 0 0 0 0 0 0 0 0 0 0 0 0 0 0 0 0 0 0 0 0 0 0 0 0 0 0 0 0 0 0 0 0 0 0 0 0 0 0 0 0 0 0 0 0 0 0 0 0 0 0 0 0 0 0 0 0 0 0 0 0 0 0 0 0 0 0 0 0 0 0 0 0 0 0 0 0 0 0 0 0 0 0 0 0 0 0 0 0 0 0 0 0 0 0 0 0 0 0 0 0 0 0 0 0 0 0 0 0 0 0 0 0 0 0 0 0 0 0 0 0 0 0 0 0 0 0 0 0 0 0 0 0 0 0 0 0 0 0 0 0 0 0 0 0 0 0 0 0 0 0 0 0 0 0 0 0 0 0 0 0 0 0 0 0 0 0 0 0 0 0 0 0 0 0 0 0 0 0 0 0 0 0 0 0 0 0 0 0 0 0 0 0 0 0 0 0 0 0 0 0 0 0 0 0 0 0 0 0 0 0 0 0 0 0 0 0 0 0 0 0 0 0 0 0 0 0 0 0 0 0 0 0 0 0 0 0 0 0 0 0 0 0 0 0 0 0 0 0 0 0 0 0 0 0 0 0 0 0 0 0 0 0 0 0 0 0 0 0 0 0 0 0 0 0 0 0 0 0 0 0 0 0 0 0 0 0 0 0 0 0 0 0 0 0 0 0 0 0 0 0 0 0 0 0 0 0 0 0 0 0 0 0 0 0 0 0 0 0 0 0 0 0 0 0 0 0 0 0 0 0 0 0 0 0 0 0 0 0 0 0 0 0 0 0 0 0 0 0 0 0 0 0 0 0 0 0 0 0 0 0 0 0 0 0 0 0 0 0 0 0 0 0 0 0 0 0 0 0 0 0 0 0 0 0 0 0 0 0 0 0 0 0 0 0 0 0 1 1 1 1 1 1 1 1 1 1 1 1 1 1 1 1 1 1 1 1
1 20 0 1 1 1 2 1 3 1 4 1 5 1 6 1 7 1 8 1 9 1 10 1 11 1 12 1 13 1 14 1 15 1 16 1 17 1 18 1 19 1
-1 20 0 -1 1 -1 2 -1 3 -1 4 -1 5 -1 6 -1 7 -1 8 -1 9 -1 10 -1 11 -1 12 -1 13 -1 14 -1 15 -1 16 -1 17 -1 18 -1 19 -1
0 2 0 -1 400 1
0 2 1 -1 401 1
0 2 2 -1 402 1
0 2 3 -1 403 1
0 2 4 -1 404 1
0 2 5 -1 405 1
0 2 6 -1 406 1
0 2 7 -1 407 1
0 2 8 -1 408 1
0 2 9 -1 409 1
0 2 10 -1 410 1
0 2 11 -1 411 1
0 2 12 -1 412 1
0 2 13 -1 413 1
0 2 14 -1 414 1
0 2 15 -1 415 1
0 2 16 -1 416 1
0 2 17 -1 417 1
0 2 18 -1 418 1
0 2 19 -1 419 1
1 20 20 1 21 1 22 1 23 1 24 1 25 1 26 1 27 1 28 1 29 1 30 1 31 1 32 1 33 1 34 1 35 1 36 1 37 1 38 1 39 1
-1 20 20 -1 21 -1 22 -1 23 -1 24 -1 25 -1 26 -1 27 -1 28 -1 29 -1 30 -1 31 -1 32 -1 33 -1 34 -1 35 -1 36 -1 37 -1 38 -1 39 -1
0 2 20 -1 400 1
0 2 21 -1 401 1
0 2 22 -1 402 1
0 2 23 -1 403 1
0 2 24 -1 404 1
0 2 25 -1 405 1
0 2 26 -1 406 1
0 2 27 -1 407 1
0 2 28 -1 408 1
0 2 29 -1 409 1
0 2 30 -1 410 1
0 2 31 -1 411 1
0 2 32 -1 412 1
0 2 33 -1 413 1
0 2 34 -1 414 1
0 2 35 -1 415 1
0 2 36 -1 416 1
0 2 37 -1 417 1
0 2 38 -1 418 1
0 2 39 -1 419 1
1 20 40 1 41 1 42 1 43 1 44 1 45 1 46 1 47 1 48 1 49 1 50 1 51 1 52 1 53 1 54 1 55 1 56 1 57 1 58 1 59 1
-1 20 40 -1 41 -1 42 -1 43 -1 44 -1 45 -1 46 -1 47 -1 48 -1 49 -1 50 -1 51 -1 52 -1 53 -1 54 -1 55 -1 56 -1 57 -1 58 -1 59 -1
0 2 40 -1 400 1
0 2 41 -1 401 1
0 2 42 -1 402 1
0 2 43 -1 403 1
0 2 44 -1 404 1
0 2 45 -1 405 1
0 2 46 -1 406 1
0 2 47 -1 407 1
0 2 48 -1 408 1
0 2 49 -1 409 1
0 2 50 -1 410 1
0 2 51 -1 411 1
0 2 52 -1 412 1
0 2 53 -1 413 1
0 2 54 -1 414 1
0 2 55 -1 415 1
0 2 56 -1 416 1
0 2 57 -1 417 1
0 2 58 -1 418 1
0 2 59 -1 419 1
1 20 60 1 61 1 62 1 63 1 64 1 65 1 66 1 67 1 68 1 69 1 70 1 71 1 72 1 73 1 74 1 75 1 76 1 77 1 78 1 79 1
-1 20 60 -1 61 -1 62 -1 63 -1 64 -1 65 -1 66 -1 67 -1 68 -1 69 -1 70 -1 71 -1 72 -1 73 -1 74 -1 75 -1 76 -1 77 -1 78 -1 79 -1
0 2 60 -1 400 1
0 2 61 -1 401 1
0 2 62 -1 402 1
0 2 63 -1 403 1
0 2 64 -1 404 1
0 2 65 -1 405 1
0 2 66 -1 406 1
0 2 67 -1 407 1
0 2 68 -1 408 1
0 2 69 -1 409 1
0 2 70 -1 410 1
0 2 71 -1 411 1
0 2 72 -1 412 1
0 2 73 -1 413 1
0 2 74 -1 414 1
0 2 75 -1 415 1
0 2 76 -1 416 1
0 2 77 -1 417 1
0 2 78 -1 418 1
0 2 79 -1 419 1
1 20 80 1 81 1 82 1 83 1 84 1 85 1 86 1 87 1 88 1 89 1 90 1 91 1 92 1 93 1 94 1 95 1 96 1 97 1 98 1 99 1
-1 20 80 -1 81 -1 82 -1 83 -1 84 -1 85 -1 86 -1 87 -1 88 -1 89 -1 90 -1 91 -1 92 -1 93 -1 94 -1 95 -1 96 -1 97 -1 98 -1 99 -1
0 2 80 -1 400 1
0 2 81 -1 401 1
0 2 82 -1 402 1
0 2 83 -1 403 1
0 2 84 -1 404 1
0 2 85 -1 405 1
0 2 86 -1 406 1
0 2 87 -1 407 1
0 2 88 -1 408 1
0 2 89 -1 409 1
0 2 90 -1 410 1
0 2 91 -1 411 1
0 2 92 -1 412 1
0 2 93 -1 413 1
0 2 94 -1 414 1
0 2 95 -1 415 1
0 2 96 -1 416 1
0 2 97 -1 417 1
0 2 98 -1 418 1
0 2 99 -1 419 1
1 20 100 1 101 1 102 1 103 1 104 1 105 1 106 1 107 1 108 1 109 1 110 1 111 1 112 1 113 1 114 1 115 1 116 1 117 1 118 1 119 1
-1 20 100 -1 101 -1 102 -1 103 -1 104 -1 105 -1 106 -1 107 -1 108 -1 109 -1 110 -1 111 -1 112 -1 113 -1 114 -1 115 -1 116 -1 117 -1 118 -1 119 -1
0 2 100 -1 400 1
0 2 101 -1 401 1
0 2 102 -1 402 1
0 2 103 -1 403 1
0 2 104 -1 404 1
0 2 105 -1 405 1
0 2 106 -1 406 1
0 2 107 -1 407 1
0 2 108 -1 408 1
0 2 109 -1 409 1
0 2 110 -1 410 1
0 2 111 -1 411 1
0 2 112 -1 412 1
0 2 113 -1 413 1
0 2 114 -1 414 1
0 2 115 -1 415 1
0 2 116 -1 416 1
0 2 117 -1 417 1
0 2 118 -1 418 1
0 2 119 -1 419 1
1 20 120 1 121 1 122 1 123 1 124 1 125 1 126 1 127 1 128 1 129 1 130 1 131 1 132 1 133 1 134 1 135 1 136 1 137 1 138 1 139 1
-1 20 120 -1 121 -1 122 -1 123 -1 124 -1 125 -1 126 -1 127 -1 128 -1 129 -1 130 -1 131 -1 132 -1 133 -1 134 -1 135 -1 136 -1 137 -1 138 -1 139 -1
0 2 120 -1 400 1
0 2 121 -1 401 1
0 2 122 -1 402 1
0 2 123 -1 403 1
0 2 124 -1 404 1
0 2 125 -1 405 1
0 2 126 -1 406 1
0 2 127 -1 407 1
0 2 128 -1 408 1
0 2 129 -1 409 1
0 2 130 -1 410 1
0 2 131 -1 411 1
0 2 132 -1 412 1
0 2 133 -1 413 1
0 2 134 -1 414 1
0 2 135 -1 415 1
0 2 136 -1 416 1
0 2 137 -1 417 1
0 2 138 -1 418 1
0 2 139 -1 419 1
1 20 140 1 141 1 142 1 143 1 144 1 145 1 146 1 147 1 148 1 149 1 150 1 151 1 152 1 153 1 154 1 155 1 156 1 157 1 158 1 159 1
-1 20 140 -1 141 -1 142 -1 143 -1 144 -1 145 -1 146 -1 147 -1 148 -1 149 -1 150 -1 151 -1 152 -1 153 -1 154 -1 155 -1 156 -1 157 -1 158 -1 159 -1
0 2 140 -1 400 1
0 2 141 -1 401 1
0 2 142 -1 402 1
0 2 143 -1 403 1
0 2 144 -1 404 1
0 2 145 -1 405 1
0 2 146 -1 406 1
0 2 147 -1 407 1
0 2 148 -1 408 1
0 2 149 -1 409 1
0 2 150 -1 410 1
0 2 151 -1 411 1
0 2 152 -1 412 1
0 2 153 -1 413 1
0 2 154 -1 414 1
0 2 155 -1 415 1
0 2 156 -1 416 1
0 2 157 -1 417 1
0 2 158 -1 418 1
0 2 159 -1 419 1
1 20 160 1 161 1 162 1 163 1 164 1 165 1 166 1 167 1 168 1 169 1 170 1 171 1 172 1 173 1 174 1 175 1 176 1 177 1 178 1 179 1
-1 20 160 -1 161 -1 162 -1 163 -1 164 -1 165 -1 166 -1 167 -1 168 -1 169 -1 170 -1 171 -1 172 -1 173 -1 174 -1 175 -1 176 -1 177 -1 178 -1 179 -1
0 2 160 -1 400 1
0 2 161 -1 401 1
0 2 162 -1 402 1
0 2 163 -1 403 1
0 2 164 -1 404 1
0 2 165 -1 405 1
0 2 166 -1 406 1
0 2 167 -1 407 1
0 2 168 -1 408 1
0 2 169 -1 409 1
0 2 170 -1 410 1
0 2 171 -1 411 1
0 2 172 -1 412 1
0 2 173 -1 413 1
0 2 174 -1 414 1
0 2 175 -1 415 1
0 2 176 -1 416 1
0 2 177 -1 417 1
0 2 178 -1 418 1
0 2 179 -1 419 1
1 20 180 1 181 1 182 1 183 1 184 1 185 1 186 1 187 1 188 1 189 1 190 1 191 1 192 1 193 1 194 1 195 1 196 1 197 1 198 1 199 1
-1 20 180 -1 181 -1 182 -1 183 -1 184 -1 185 -1 186 -1 187 -1 188 -1 189 -1 190 -1 191 -1 192 -1 193 -1 194 -1 195 -1 196 -1 197 -1 198 -1 199 -1
0 2 180 -1 400 1
0 2 181 -1 401 1
0 2 182 -1 402 1
0 2 183 -1 403 1
0 2 184 -1 404 1
0 2 185 -1 405 1
0 2 186 -1 406 1
0 2 187 -1 407 1
0 2 188 -1 408 1
0 2 189 -1 409 1
0 2 190 -1 410 1
0 2 191 -1 411 1
0 2 192 -1 412 1
0 2 193 -1 413 1
0 2 194 -1 414 1
0 2 195 -1 415 1
0 2 196 -1 416 1
0 2 197 -1 417 1
0 2 198 -1 418 1
0 2 199 -1 419 1
1 20 200 1 201 1 202 1 203 1 204 1 205 1 206 1 207 1 208 1 209 1 210 1 211 1 212 1 213 1 214 1 215 1 216 1 217 1 218 1 219 1
-1 20 200 -1 201 -1 202 -1 203 -1 204 -1 205 -1 206 -1 207 -1 208 -1 209 -1 210 -1 211 -1 212 -1 213 -1 214 -1 215 -1 216 -1 217 -1 218 -1 219 -1
0 2 200 -1 400 1
0 2 201 -1 401 1
0 2 202 -1 402 1
0 2 203 -1 403 1
0 2 204 -1 404 1
0 2 205 -1 405 1
0 2 206 -1 406 1
0 2 207 -1 407 1
0 2 208 -1 408 1
0 2 209 -1 409 1
0 2 210 -1 410 1
0 2 211 -1 411 1
0 2 212 -1 412 1
0 2 213 -1 413 1
0 2 214 -1 414 1
0 2 215 -1 415 1
0 2 216 -1 416 1
0 2 217 -1 417 1
0 2 218 -1 418 1
0 2 219 -1 419 1
1 20 220 1 221 1 222 1 223 1 224 1 225 1 226 1 227 1 228 1 229 1 230 1 231 1 232 1 233 1 234 1 235 1 236 1 237 1 238 1 239 1
-1 20 220 -1 221 -1 222 -1 223 -1 224 -1 225 -1 226 -1 227 -1 228 -1 229 -1 230 -1 231 -1 232 -1 233 -1 234 -1 235 -1 236 -1 237 -1 238 -1 239 -1
0 2 220 -1 400 1
0 2 221 -1 401 1
0 2 222 -1 402 1
0 2 223 -1 403 1
0 2 224 -1 404 1
0 2 225 -1 405 1
0 2 226 -1 406 1
0 2 227 -1 407 1
0 2 228 -1 408 1
0 2 229 -1 409 1
0 2 230 -1 410 1
0 2 231 -1 411 1
0 2 232 -1 412 1
0 2 233 -1 413 1
0 2 234 -1 414 1
0 2 235 -1 415 1
0 2 236 -1 416 1
0 2 237 -1 417 1
0 2 238 -1 418 1
0 2 239 -1 419 1
1 20 240 1 241 1 242 1 243 1 244 1 245 1 246 1 247 1 248 1 249 1 250 1 251 1 252 1 253 1 254 1 255 1 256 1 257 1 258 1 259 1
-1 20 240 -1 241 -1 242 -1 243 -1 244 -1 245 -1 246 -1 247 -1 248 -1 249 -1 250 -1 251 -1 252 -1 253 -1 254 -1 255 -1 256 -1 257 -1 258 -1 259 -1
0 2 240 -1 400 1
0 2 241 -1 401 1
0 2 242 -1 402 1
0 2 243 -1 403 1
0 2 244 -1 404 1
0 2 245 -1 405 1
0 2 246 -1 406 1
0 2 247 -1 407 1
0 2 248 -1 408 1
0 2 249 -1 409 1
0 2 250 -1 410 1
0 2 251 -1 411 1
0 2 252 -1 412 1
0 2 253 -1 413 1
0 2 254 -1 414 1
0 2 255 -1 415 1
0 2 256 -1 416 1
0 2 257 -1 417 1
0 2 258 -1 418 1
0 2 259 -1 419 1
1 20 260 1 261 1 262 1 263 1 264 1 265 1 266 1 267 1 268 1 269 1 270 1 271 1 272 1 273 1 274 1 275 1 276 1 277 1 278 1 279 1
-1 20 260 -1 261 -1 262 -1 263 -1 264 -1 265 -1 266 -1 267 -1 268 -1 269 -1 270 -1 271 -1 272 -1 273 -1 274 -1 275 -1 276 -1 277 -1 278 -1 279 -1
0 2 260 -1 400 1
0 2 261 -1 401 1
0 2 262 -1 402 1
0 2 263 -1 403 1
0 2 264 -1 404 1
0 2 265 -1 405 1
0 2 266 -1 406 1
0 2 267 -1 407 1
0 2 268 -1 408 1
0 2 269 -1 409 1
0 2 270 -1 410 1
0 2 271 -1 411 1
0 2 272 -1 412 1
0 2 273 -1 413 1
0 2 274 -1 414 1
0 2 275 -1 415 1
0 2 276 -1 416 1
0 2 277 -1 417 1
0 2 278 -1 418 1
0 2 279 -1 419 1
1 20 280 1 281 1 282 1 283 1 284 1 285 1 286 1 287 1 288 1 289 1 290 1 291 1 292 1 293 1 294 1 295 1 296 1 297 1 298 1 299 1
-1 20 280 -1 281 -1 282 -1 283 -1 284 -1 285 -1 286 -1 287 -1 288 -1 289 -1 290 -1 291 -1 292 -1 293 -1 294 -1 295 -1 296 -1 297 -1 298 -1 299 -1
0 2 280 -1 400 1
0 2 281 -1 401 1
0 2 282 -1 402 1
0 2 283 -1 403 1
0 2 284 -1 404 1
0 2 285 -1 405 1
0 2 286 -1 406 1
0 2 287 -1 407 1
0 2 288 -1 408 1
0 2 289 -1 409 1
0 2 290 -1 410 1
0 2 291 -1 411 1
0 2 292 -1 412 1
0 2 293 -1 413 1
0 2 294 -1 414 1
0 2 295 -1 415 1
0 2 296 -1 416 1
0 2 297 -1 417 1
0 2 298 -1 418 1
0 2 299 -1 419 1
1 20 300 1 301 1 302 1 303 1 304 1 305 1 306 1 307 1 308 1 309 1 310 1 311 1 312 1 313 1 314 1 315 1 316 1 317 1 318 1 319 1
-1 20 300 -1 301 -1 302 -1 303 -1 304 -1 305 -1 306 -1 307 -1 308 -1 309 -1 310 -1 311 -1 312 -1 313 -1 314 -1 315 -1 316 -1 317 -1 318 -1 319 -1
0 2 300 -1 400 1
0 2 301 -1 401 1
0 2 302 -1 402 1
0 2 303 -1 403 1
0 2 304 -1 404 1
0 2 305 -1 405 1
0 2 306 -1 406 1
0 2 307 -1 407 1
0 2 308 -1 408 1
0 2 309 -1 409 1
0 2 310 -1 410 1
0 2 311 -1 411 1
0 2 312 -1 412 1
0 2 313 -1 413 1
0 2 314 -1 414 1
0 2 315 -1 415 1
0 2 316 -1 416 1
0 2 317 -1 417 1
0 2 318 -1 418 1
0 2 319 -1 419 1
1 20 320 1 321 1 322 1 323 1 324 1 325 1 326 1 327 1 328 1 329 1 330 1 331 1 332 1 333 1 334 1 335 1 336 1 337 1 338 1 339 1
-1 20 320 -1 321 -1 322 -1 323 -1 324 -1 325 -1 326 -1 327 -1 328 -1 329 -1 330 -1 331 -1 332 -1 333 -1 334 -1 335 -1 336 -1 337 -1 338 -1 339 -1
0 2 320 -1 400 1
0 2 321 -1 401 1
0 2 322 -1 402 1
0 2 323 -1 403 1
0 2 324 -1 404 1
0 2 325 -1 405 1
0 2 326 -1 406 1
0 2 327 -1 407 1
0 2 328 -1 408 1
0 2 329 -1 409 1
0 2 330 -1 410 1
0 2 331 -1 411 1
0 2 332 -1 412 1
0 2 333 -1 413 1
0 2 334 -1 414 1
0 2 335 -1 415 1
0 2 336 -1 416 1
0 2 337 -1 417 1
0 2 338 -1 418 1
0 2 339 -1 419 1
1 20 340 1 341 1 342 1 343 1 344 1 345 1 346 1 347 1 348 1 349 1 350 1 351 1 352 1 353 1 354 1 355 1 356 1 357 1 358 1 359 1
-1 20 340 -1 341 -1 342 -1 343 -1 344 -1 345 -1 346 -1 347 -1 348 -1 349 -1 350 -1 351 -1 352 -1 353 -1 354 -1 355 -1 356 -1 357 -1 358 -1 359 -1
0 2 340 -1 400 1
0 2 341 -1 401 1
0 2 342 -1 402 1
0 2 343 -1 403 1
0 2 344 -1 404 1
0 2 345 -1 405 1
0 2 346 -1 406 1
0 2 347 -1 407 1
0 2 348 -1 408 1
0 2 349 -1 409 1
0 2 350 -1 410 1
0 2 351 -1 411 1
0 2 352 -1 412 1
0 2 353 -1 413 1
0 2 354 -1 414 1
0 2 355 -1 415 1
0 2 356 -1 416 1
0 2 357 -1 417 1
0 2 358 -1 418 1
0 2 359 -1 419 1
1 20 360 1 361 1 362 1 363 1 364 1 365 1 366 1 367 1 368 1 369 1 370 1 371 1 372 1 373 1 374 1 375 1 376 1 377 1 378 1 379 1
-1 20 360 -1 361 -1 362 -1 363 -1 364 -1 365 -1 366 -1 367 -1 368 -1 369 -1 370 -1 371 -1 372 -1 373 -1 374 -1 375 -1 376 -1 377 -1 378 -1 379 -1
0 2 360 -1 400 1
0 2 361 -1 401 1
0 2 362 -1 402 1
0 2 363 -1 403 1
0 2 364 -1 404 1
0 2 365 -1 405 1
0 2 366 -1 406 1
0 2 367 -1 407 1
0 2 368 -1 408 1
0 2 369 -1 409 1
0 2 370 -1 410 1
0 2 371 -1 411 1
0 2 372 -1 412 1
0 2 373 -1 413 1
0 2 374 -1 414 1
0 2 375 -1 415 1
0 2 376 -1 416 1
0 2 377 -1 417 1
0 2 378 -1 418 1
0 2 379 -1 419 1
1 20 380 1 381 1 382 1 383 1 384 1 385 1 386 1 387 1 388 1 389 1 390 1 391 1 392 1 393 1 394 1 395 1 396 1 397 1 398 1 399 1
-1 20 380 -1 381 -1 382 -1 383 -1 384 -1 385 -1 386 -1 387 -1 388 -1 389 -1 390 -1 391 -1 392 -1 393 -1 394 -1 395 -1 396 -1 397 -1 398 -1 399 -1
0 2 380 -1 400 1
0 2 381 -1 401 1
0 2 382 -1 402 1
0 2 383 -1 403 1
0 2 384 -1 404 1
0 2 385 -1 405 1
0 2 386 -1 406 1
0 2 387 -1 407 1
0 2 388 -1 408 1
0 2 389 -1 409 1
0 2 390 -1 410 1
0 2 391 -1 411 1
0 2 392 -1 412 1
0 2 393 -1 413 1
0 2 394 -1 414 1
0 2 395 -1 415 1
0 2 396 -1 416 1
0 2 397 -1 417 1
0 2 398 -1 418 1
0 2 399 -1 419 1
-1 2 0 -1 20 -1
-1 2 1 -1 21 -1
-1 2 2 -1 22 -1
-1 2 3 -1 23 -1
-1 2 4 -1 24 -1
-1 2 5 -1 25 -1
-1 2 6 -1 26 -1
-1 2 7 -1 27 -1
-1 2 8 -1 28 -1
-1 2 9 -1 29 -1
-1 2 10 -1 30 -1
-1 2 11 -1 31 -1
-1 2 12 -1 32 -1
-1 2 13 -1 33 -1
-1 2 14 -1 34 -1
-1 2 15 -1 35 -1
-1 2 16 -1 36 -1
-1 2 17 -1 37 -1
-1 2 18 -1 38 -1
-1 2 19 -1 39 -1
-1 2 0 -1 80 -1
-1 2 1 -1 81 -1
-1 2 2 -1 82 -1
-1 2 3 -1 83 -1
-1 2 4 -1 84 -1
-1 2 5 -1 85 -1
-1 2 6 -1 86 -1
-1 2 7 -1 87 -1
-1 2 8 -1 88 -1
-1 2 9 -1 89 -1
-1 2 10 -1 90 -1
-1 2 11 -1 91 -1
-1 2 12 -1 92 -1
-1 2 13 -1 93 -1
-1 2 14 -1 94 -1
-1 2 15 -1 95 -1
-1 2 16 -1 96 -1
-1 2 17 -1 97 -1
-1 2 18 -1 98 -1
-1 2 19 -1 99 -1
-1 2 0 -1 100 -1
-1 2 1 -1 101 -1
-1 2 2 -1 102 -1
-1 2 3 -1 103 -1
-1 2 4 -1 104 -1
-1 2 5 -1 105 -1
-1 2 6 -1 106 -1
-1 2 7 -1 107 -1
-1 2 8 -1 108 -1
-1 2 9 -1 109 -1
-1 2 10 -1 110 -1
-1 2 11 -1 111 -1
-1 2 12 -1 112 -1
-1 2 13 -1 113 -1
-1 2 14 -1 114 -1
-1 2 15 -1 115 -1
-1 2 16 -1 116 -1
-1 2 17 -1 117 -1
-1 2 18 -1 118 -1
-1 2 19 -1 119 -1
-1 2 0 -1 180 -1
-1 2 1 -1 181 -1
-1 2 2 -1 182 -1
-1 2 3 -1 183 -1
-1 2 4 -1 184 -1
-1 2 5 -1 185 -1
-1 2 6 -1 186 -1
-1 2 7 -1 187 -1
-1 2 8 -1 188 -1
-1 2 9 -1 189 -1
-1 2 10 -1 190 -1
-1 2 11 -1 191 -1
-1 2 12 -1 192 -1
-1 2 13 -1 193 -1
-1 2 14 -1 194 -1
-1 2 15 -1 195 -1
-1 2 16 -1 196 -1
-1 2 17 -1 197 -1
-1 2 18 -1 198 -1
-1 2 19 -1 199 -1
-1 2 0 -1 200 -1
-1 2 1 -1 201 -1
-1 2 2 -1 202 -1
-1 2 3 -1 203 -1
-1 2 4 -1 204 -1
-1 2 5 -1 205 -1
-1 2 6 -1 206 -1
-1 2 7 -1 207 -1
-1 2 8 -1 208 -1
-1 2 9 -1 209 -1
-1 2 10 -1 210 -1
-1 2 11 -1 211 -1
-1 2 12 -1 212 -1
-1 2 13 -1 213 -1
-1 2 14 -1 214 -1
-1 2 15 -1 215 -1
-1 2 16 -1 216 -1
-1 2 17 -1 217 -1
-1 2 18 -1 218 -1
-1 2 19 -1 219 -1
-1 2 0 -1 320 -1
-1 2 1 -1 321 -1
-1 2 2 -1 322 -1
-1 2 3 -1 323 -1
-1 2 4 -1 324 -1
-1 2 5 -1 325 -1
-1 2 6 -1 326 -1
-1 2 7 -1 327 -1
-1 2 8 -1 328 -1
-1 2 9 -1 329 -1
-1 2 10 -1 330 -1
-1 2 11 -1 331 -1
-1 2 12 -1 332 -1
-1 2 13 -1 333 -1
-1 2 14 -1 334 -1
-1 2 15 -1 335 -1
-1 2 16 -1 336 -1
-1 2 17 -1 337 -1
-1 2 18 -1 338 -1
-1 2 19 -1 339 -1
-1 2 0 -1 360 -1
-1 2 1 -1 361 -1
-1 2 2 -1 362 -1
-1 2 3 -1 363 -1
-1 2 4 -1 364 -1
-1 2 5 -1 365 -1
-1 2 6 -1 366 -1
-1 2 7 -1 367 -1
-1 2 8 -1 368 -1
-1 2 9 -1 369 -1
-1 2 10 -1 370 -1
-1 2 11 -1 371 -1
-1 2 12 -1 372 -1
-1 2 13 -1 373 -1
-1 2 14 -1 374 -1
-1 2 15 -1 375 -1
-1 2 16 -1 376 -1
-1 2 17 -1 377 -1
-1 2 18 -1 378 -1
-1 2 19 -1 379 -1
-1 2 20 -1 40 -1
-1 2 21 -1 41 -1
-1 2 22 -1 42 -1
-1 2 23 -1 43 -1
-1 2 24 -1 44 -1
-1 2 25 -1 45 -1
-1 2 26 -1 46 -1
-1 2 27 -1 47 -1
-1 2 28 -1 48 -1
-1 2 29 -1 49 -1
-1 2 30 -1 50 -1
-1 2 31 -1 51 -1
-1 2 32 -1 52 -1
-1 2 33 -1 53 -1
-1 2 34 -1 54 -1
-1 2 35 -1 55 -1
-1 2 36 -1 56 -1
-1 2 37 -1 57 -1
-1 2 38 -1 58 -1
-1 2 39 -1 59 -1
-1 2 20 -1 80 -1
-1 2 21 -1 81 -1
-1 2 22 -1 82 -1
-1 2 23 -1 83 -1
-1 2 24 -1 84 -1
-1 2 25 -1 85 -1
-1 2 26 -1 86 -1
-1 2 27 -1 87 -1
-1 2 28 -1 88 -1
-1 2 29 -1 89 -1
-1 2 30 -1 90 -1
-1 2 31 -1 91 -1
-1 2 32 -1 92 -1
-1 2 33 -1 93 -1
-1 2 34 -1 94 -1
-1 2 35 -1 95 -1
-1 2 36 -1 96 -1
-1 2 37 -1 97 -1
-1 2 38 -1 98 -1
-1 2 39 -1 99 -1
-1 2 20 -1 100 -1
-1 2 21 -1 101 -1
-1 2 22 -1 102 -1
-1 2 23 -1 103 -1
-1 2 24 -1 104 -1
-1 2 25 -1 105 -1
-1 2 26 -1 106 -1
-1 2 27 -1 107 -1
-1 2 28 -1 108 -1
-1 2 29 -1 109 -1
-1 2 30 -1 110 -1
-1 2 31 -1 111 -1
-1 2 32 -1 112 -1
-1 2 33 -1 113 -1
-1 2 34 -1 114 -1
-1 2 35 -1 115 -1
-1 2 36 -1 116 -1
-1 2 37 -1 117 -1
-1 2 38 -1 118 -1
-1 2 39 -1 119 -1
-1 2 40 -1 80 -1
-1 2 41 -1 81 -1
-1 2 42 -1 82 -1
-1 2 43 -1 83 -1
-1 2 44 -1 84 -1
-1 2 45 -1 85 -1
-1 2 46 -1 86 -1
-1 2 47 -1 87 -1
-1 2 48 -1 88 -1
-1 2 49 -1 89 -1
-1 2 50 -1 90 -1
-1 2 51 -1 91 -1
-1 2 52 -1 92 -1
-1 2 53 -1 93 -1
-1 2 54 -1 94 -1
-1 2 55 -1 95 -1
-1 2 56 -1 96 -1
-1 2 57 -1 97 -1
-1 2 58 -1 98 -1
-1 2 59 -1 99 -1
-1 2 40 -1 120 -1
-1 2 41 -1 121 -1
-1 2 42 -1 122 -1
-1 2 43 -1 123 -1
-1 2 44 -1 124 -1
-1 2 45 -1 125 -1
-1 2 46 -1 126 -1
-1 2 47 -1 127 -1
-1 2 48 -1 128 -1
-1 2 49 -1 129 -1
-1 2 50 -1 130 -1
-1 2 51 -1 131 -1
-1 2 52 -1 132 -1
-1 2 53 -1 133 -1
-1 2 54 -1 134 -1
-1 2 55 -1 135 -1
-1 2 56 -1 136 -1
-1 2 57 -1 137 -1
-1 2 58 -1 138 -1
-1 2 59 -1 139 -1
-1 2 40 -1 180 -1
-1 2 41 -1 181 -1
-1 2 42 -1 182 -1
-1 2 43 -1 183 -1
-1 2 44 -1 184 -1
-1 2 45 -1 185 -1
-1 2 46 -1 186 -1
-1 2 47 -1 187 -1
-1 2 48 -1 188 -1
-1 2 49 -1 189 -1
-1 2 50 -1 190 -1
-1 2 51 -1 191 -1
-1 2 52 -1 192 -1
-1 2 53 -1 193 -1
-1 2 54 -1 194 -1
-1 2 55 -1 195 -1
-1 2 56 -1 196 -1
-1 2 57 -1 197 -1
-1 2 58 -1 198 -1
-1 2 59 -1 199 -1
-1 2 40 -1 220 -1
-1 2 41 -1 221 -1
-1 2 42 -1 222 -1
-1 2 43 -1 223 -1
-1 2 44 -1 224 -1
-1 2 45 -1 225 -1
-1 2 46 -1 226 -1
-1 2 47 -1 227 -1
-1 2 48 -1 228 -1
-1 2 49 -1 229 -1
-1 2 50 -1 230 -1
-1 2 51 -1 231 -1
-1 2 52 -1 232 -1
-1 2 53 -1 233 -1
-1 2 54 -1 234 -1
-1 2 55 -1 235 -1
-1 2 56 -1 236 -1
-1 2 57 -1 237 -1
-1 2 58 -1 238 -1
-1 2 59 -1 239 -1
-1 2 40 -1 280 -1
-1 2 41 -1 281 -1
-1 2 42 -1 282 -1
-1 2 43 -1 283 -1
-1 2 44 -1 284 -1
-1 2 45 -1 285 -1
-1 2 46 -1 286 -1
-1 2 47 -1 287 -1
-1 2 48 -1 288 -1
-1 2 49 -1 289 -1
-1 2 50 -1 290 -1
-1 2 51 -1 291 -1
-1 2 52 -1 292 -1
-1 2 53 -1 293 -1
-1 2 54 -1 294 -1
-1 2 55 -1 295 -1
-1 2 56 -1 296 -1
-1 2 57 -1 297 -1
-1 2 58 -1 298 -1
-1 2 59 -1 299 -1
-1 2 40 -1 320 -1
-1 2 41 -1 321 -1
-1 2 42 -1 322 -1
-1 2 43 -1 323 -1
-1 2 44 -1 324 -1
-1 2 45 -1 325 -1
-1 2 46 -1 326 -1
-1 2 47 -1 327 -1
-1 2 48 -1 328 -1
-1 2 49 -1 329 -1
-1 2 50 -1 330 -1
-1 2 51 -1 331 -1
-1 2 52 -1 332 -1
-1 2 53 -1 333 -1
-1 2 54 -1 334 -1
-1 2 55 -1 335 -1
-1 2 56 -1 336 -1
-1 2 57 -1 337 -1
-1 2 58 -1 338 -1
-1 2 59 -1 339 -1
-1 2 40 -1 340 -1
-1 2 41 -1 341 -1
-1 2 42 -1 342 -1
-1 2 43 -1 343 -1
-1 2 44 -1 344 -1
-1 2 45 -1 345 -1
-1 2 46 -1 346 -1
-1 2 47 -1 347 -1
-1 2 48 -1 348 -1
-1 2 49 -1 349 -1
-1 2 50 -1 350 -1
-1 2 51 -1 351 -1
-1 2 52 -1 352 -1
-1 2 53 -1 353 -1
-1 2 54 -1 354 -1
-1 2 55 -1 355 -1
-1 2 56 -1 356 -1
-1 2 57 -1 357 -1
-1 2 58 -1 358 -1
-1 2 59 -1 359 -1
-1 2 60 -1 100 -1
-1 2 61 -1 101 -1
-1 2 62 -1 102 -1
-1 2 63 -1 103 -1
-1 2 64 -1 104 -1
-1 2 65 -1 105 -1
-1 2 66 -1 106 -1
-1 2 67 -1 107 -1
-1 2 68 -1 108 -1
-1 2 69 -1 109 -1
-1 2 70 -1 110 -1
-1 2 71 -1 111 -1
-1 2 72 -1 112 -1
-1 2 73 -1 113 -1
-1 2 74 -1 114 -1
-1 2 75 -1 115 -1
-1 2 76 -1 116 -1
-1 2 77 -1 117 -1
-1 2 78 -1 118 -1
-1 2 79 -1 119 -1
-1 2 60 -1 160 -1
-1 2 61 -1 161 -1
-1 2 62 -1 162 -1
-1 2 63 -1 163 -1
-1 2 64 -1 164 -1
-1 2 65 -1 165 -1
-1 2 66 -1 166 -1
-1 2 67 -1 167 -1
-1 2 68 -1 168 -1
-1 2 69 -1 169 -1
-1 2 70 -1 170 -1
-1 2 71 -1 171 -1
-1 2 72 -1 172 -1
-1 2 73 -1 173 -1
-1 2 74 -1 174 -1
-1 2 75 -1 175 -1
-1 2 76 -1 176 -1
-1 2 77 -1 177 -1
-1 2 78 -1 178 -1
-1 2 79 -1 179 -1
-1 2 60 -1 200 -1
-1 2 61 -1 201 -1
-1 2 62 -1 202 -1
-1 2 63 -1 203 -1
-1 2 64 -1 204 -1
-1 2 65 -1 205 -1
-1 2 66 -1 206 -1
-1 2 67 -1 207 -1
-1 2 68 -1 208 -1
-1 2 69 -1 209 -1
-1 2 70 -1 210 -1
-1 2 71 -1 211 -1
-1 2 72 -1 212 -1
-1 2 73 -1 213 -1
-1 2 74 -1 214 -1
-1 2 75 -1 215 -1
-1 2 76 -1 216 -1
-1 2 77 -1 217 -1
-1 2 78 -1 218 -1
-1 2 79 -1 219 -1
-1 2 60 -1 260 -1
-1 2 61 -1 261 -1
-1 2 62 -1 262 -1
-1 2 63 -1 263 -1
-1 2 64 -1 264 -1
-1 2 65 -1 265 -1
-1 2 66 -1 266 -1
-1 2 67 -1 267 -1
-1 2 68 -1 268 -1
-1 2 69 -1 269 -1
-1 2 70 -1 270 -1
-1 2 71 -1 271 -1
-1 2 72 -1 272 -1
-1 2 73 -1 273 -1
-1 2 74 -1 274 -1
-1 2 75 -1 275 -1
-1 2 76 -1 276 -1
-1 2 77 -1 277 -1
-1 2 78 -1 278 -1
-1 2 79 -1 279 -1
-1 2 60 -1 360 -1
-1 2 61 -1 361 -1
-1 2 62 -1 362 -1
-1 2 63 -1 363 -1
-1 2 64 -1 364 -1
-1 2 65 -1 365 -1
-1 2 66 -1 366 -1
-1 2 67 -1 367 -1
-1 2 68 -1 368 -1
-1 2 69 -1 369 -1
-1 2 70 -1 370 -1
-1 2 71 -1 371 -1
-1 2 72 -1 372 -1
-1 2 73 -1 373 -1
-1 2 74 -1 374 -1
-1 2 75 -1 375 -1
-1 2 76 -1 376 -1
-1 2 77 -1 377 -1
-1 2 78 -1 378 -1
-1 2 79 -1 379 -1
-1 2 60 -1 380 -1
-1 2 61 -1 381 -1
-1 2 62 -1 382 -1
-1 2 63 -1 383 -1
-1 2 64 -1 384 -1
-1 2 65 -1 385 -1
-1 2 66 -1 386 -1
-1 2 67 -1 387 -1
-1 2 68 -1 388 -1
-1 2 69 -1 389 -1
-1 2 70 -1 390 -1
-1 2 71 -1 391 -1
-1 2 72 -1 392 -1
-1 2 73 -1 393 -1
-1 2 74 -1 394 -1
-1 2 75 -1 395 -1
-1 2 76 -1 396 -1
-1 2 77 -1 397 -1
-1 2 78 -1 398 -1
-1 2 79 -1 399 -1
-1 2 80 -1 220 -1
-1 2 81 -1 221 -1
-1 2 82 -1 222 -1
-1 2 83 -1 223 -1
-1 2 84 -1 224 -1
-1 2 85 -1 225 -1
-1 2 86 -1 226 -1
-1 2 87 -1 227 -1
-1 2 88 -1 228 -1
-1 2 89 -1 229 -1
-1 2 90 -1 230 -1
-1 2 91 -1 231 -1
-1 2 92 -1 232 -1
-1 2 93 -1 233 -1
-1 2 94 -1 234 -1
-1 2 95 -1 235 -1
-1 2 96 -1 236 -1
-1 2 97 -1 237 -1
-1 2 98 -1 238 -1
-1 2 99 -1 239 -1
-1 2 80 -1 280 -1
-1 2 81 -1 281 -1
-1 2 82 -1 282 -1
-1 2 83 -1 283 -1
-1 2 84 -1 284 -1
-1 2 85 -1 285 -1
-1 2 86 -1 286 -1
-1 2 87 -1 287 -1
-1 2 88 -1 288 -1
-1 2 89 -1 289 -1
-1 2 90 -1 290 -1
-1 2 91 -1 291 -1
-1 2 92 -1 292 -1
-1 2 93 -1 293 -1
-1 2 94 -1 294 -1
-1 2 95 -1 295 -1
-1 2 96 -1 296 -1
-1 2 97 -1 297 -1
-1 2 98 -1 298 -1
-1 2 99 -1 299 -1
-1 2 80 -1 300 -1
-1 2 81 -1 301 -1
-1 2 82 -1 302 -1
-1 2 83 -1 303 -1
-1 2 84 -1 304 -1
-1 2 85 -1 305 -1
-1 2 86 -1 306 -1
-1 2 87 -1 307 -1
-1 2 88 -1 308 -1
-1 2 89 -1 309 -1
-1 2 90 -1 310 -1
-1 2 91 -1 311 -1
-1 2 92 -1 312 -1
-1 2 93 -1 313 -1
-1 2 94 -1 314 -1
-1 2 95 -1 315 -1
-1 2 96 -1 316 -1
-1 2 97 -1 317 -1
-1 2 98 -1 318 -1
-1 2 99 -1 319 -1
-1 2 80 -1 320 -1
-1 2 81 -1 321 -1
-1 2 82 -1 322 -1
-1 2 83 -1 323 -1
-1 2 84 -1 324 -1
-1 2 85 -1 325 -1
-1 2 86 -1 326 -1
-1 2 87 -1 327 -1
-1 2 88 -1 328 -1
-1 2 89 -1 329 -1
-1 2 90 -1 330 -1
-1 2 91 -1 331 -1
-1 2 92 -1 332 -1
-1 2 93 -1 333 -1
-1 2 94 -1 334 -1
-1 2 95 -1 335 -1
-1 2 96 -1 336 -1
-1 2 97 -1 337 -1
-1 2 98 -1 338 -1
-1 2 99 -1 339 -1
-1 2 80 -1 340 -1
-1 2 81 -1 341 -1
-1 2 82 -1 342 -1
-1 2 83 -1 343 -1
-1 2 84 -1 344 -1
-1 2 85 -1 345 -1
-1 2 86 -1 346 -1
-1 2 87 -1 347 -1
-1 2 88 -1 348 -1
-1 2 89 -1 349 -1
-1 2 90 -1 350 -1
-1 2 91 -1 351 -1
-1 2 92 -1 352 -1
-1 2 93 -1 353 -1
-1 2 94 -1 354 -1
-1 2 95 -1 355 -1
-1 2 96 -1 356 -1
-1 2 97 -1 357 -1
-1 2 98 -1 358 -1
-1 2 99 -1 359 -1
-1 2 80 -1 380 -1
-1 2 81 -1 381 -1
-1 2 82 -1 382 -1
-1 2 83 -1 383 -1
-1 2 84 -1 384 -1
-1 2 85 -1 385 -1
-1 2 86 -1 386 -1
-1 2 87 -1 387 -1
-1 2 88 -1 388 -1
-1 2 89 -1 389 -1
-1 2 90 -1 390 -1
-1 2 91 -1 391 -1
-1 2 92 -1 392 -1
-1 2 93 -1 393 -1
-1 2 94 -1 394 -1
-1 2 95 -1 395 -1
-1 2 96 -1 396 -1
-1 2 97 -1 397 -1
-1 2 98 -1 398 -1
-1 2 99 -1 399 -1
-1 2 100 -1 160 -1
-1 2 101 -1 161 -1
-1 2 102 -1 162 -1
-1 2 103 -1 163 -1
-1 2 104 -1 164 -1
-1 2 105 -1 165 -1
-1 2 106 -1 166 -1
-1 2 107 -1 167 -1
-1 2 108 -1 168 -1
-1 2 109 -1 169 -1
-1 2 110 -1 170 -1
-1 2 111 -1 171 -1
-1 2 112 -1 172 -1
-1 2 113 -1 173 -1
-1 2 114 -1 174 -1
-1 2 115 -1 175 -1
-1 2 116 -1 176 -1
-1 2 117 -1 177 -1
-1 2 118 -1 178 -1
-1 2 119 -1 179 -1
-1 2 100 -1 300 -1
-1 2 101 -1 301 -1
-1 2 102 -1 302 -1
-1 2 103 -1 303 -1
-1 2 104 -1 304 -1
-1 2 105 -1 305 -1
-1 2 106 -1 306 -1
-1 2 107 -1 307 -1
-1 2 108 -1 308 -1
-1 2 109 -1 309 -1
-1 2 110 -1 310 -1
-1 2 111 -1 311 -1
-1 2 112 -1 312 -1
-1 2 113 -1 313 -1
-1 2 114 -1 314 -1
-1 2 115 -1 315 -1
-1 2 116 -1 316 -1
-1 2 117 -1 317 -1
-1 2 118 -1 318 -1
-1 2 119 -1 319 -1
-1 2 120 -1 160 -1
-1 2 121 -1 161 -1
-1 2 122 -1 162 -1
-1 2 123 -1 163 -1
-1 2 124 -1 164 -1
-1 2 125 -1 165 -1
-1 2 126 -1 166 -1
-1 2 127 -1 167 -1
-1 2 128 -1 168 -1
-1 2 129 -1 169 -1
-1 2 130 -1 170 -1
-1 2 131 -1 171 -1
-1 2 132 -1 172 -1
-1 2 133 -1 173 -1
-1 2 134 -1 174 -1
-1 2 135 -1 175 -1
-1 2 136 -1 176 -1
-1 2 137 -1 177 -1
-1 2 138 -1 178 -1
-1 2 139 -1 179 -1
-1 2 120 -1 200 -1
-1 2 121 -1 201 -1
-1 2 122 -1 202 -1
-1 2 123 -1 203 -1
-1 2 124 -1 204 -1
-1 2 125 -1 205 -1
-1 2 126 -1 206 -1
-1 2 127 -1 207 -1
-1 2 128 -1 208 -1
-1 2 129 -1 209 -1
-1 2 130 -1 210 -1
-1 2 131 -1 211 -1
-1 2 132 -1 212 -1
-1 2 133 -1 213 -1
-1 2 134 -1 214 -1
-1 2 135 -1 215 -1
-1 2 136 -1 216 -1
-1 2 137 -1 217 -1
-1 2 138 -1 218 -1
-1 2 139 -1 219 -1
-1 2 120 -1 300 -1
-1 2 121 -1 301 -1
-1 2 122 -1 302 -1
-1 2 123 -1 303 -1
-1 2 124 -1 304 -1
-1 2 125 -1 305 -1
-1 2 126 -1 306 -1
-1 2 127 -1 307 -1
-1 2 128 -1 308 -1
-1 2 129 -1 309 -1
-1 2 130 -1 310 -1
-1 2 131 -1 311 -1
-1 2 132 -1 312 -1
-1 2 133 -1 313 -1
-1 2 134 -1 314 -1
-1 2 135 -1 315 -1
-1 2 136 -1 316 -1
-1 2 137 -1 317 -1
-1 2 138 -1 318 -1
-1 2 139 -1 319 -1
-1 2 140 -1 220 -1
-1 2 141 -1 221 -1
-1 2 142 -1 222 -1
-1 2 143 -1 223 -1
-1 2 144 -1 224 -1
-1 2 145 -1 225 -1
-1 2 146 -1 226 -1
-1 2 147 -1 227 -1
-1 2 148 -1 228 -1
-1 2 149 -1 229 -1
-1 2 150 -1 230 -1
-1 2 151 -1 231 -1
-1 2 152 -1 232 -1
-1 2 153 -1 233 -1
-1 2 154 -1 234 -1
-1 2 155 -1 235 -1
-1 2 156 -1 236 -1
-1 2 157 -1 237 -1
-1 2 158 -1 238 -1
-1 2 159 -1 239 -1
-1 2 140 -1 240 -1
-1 2 141 -1 241 -1
-1 2 142 -1 242 -1
-1 2 143 -1 243 -1
-1 2 144 -1 244 -1
-1 2 145 -1 245 -1
-1 2 146 -1 246 -1
-1 2 147 -1 247 -1
-1 2 148 -1 248 -1
-1 2 149 -1 249 -1
-1 2 150 -1 250 -1
-1 2 151 -1 251 -1
-1 2 152 -1 252 -1
-1 2 153 -1 253 -1
-1 2 154 -1 254 -1
-1 2 155 -1 255 -1
-1 2 156 -1 256 -1
-1 2 157 -1 257 -1
-1 2 158 -1 258 -1
-1 2 159 -1 259 -1
-1 2 140 -1 320 -1
-1 2 141 -1 321 -1
-1 2 142 -1 322 -1
-1 2 143 -1 323 -1
-1 2 144 -1 324 -1
-1 2 145 -1 325 -1
-1 2 146 -1 326 -1
-1 2 147 -1 327 -1
-1 2 148 -1 328 -1
-1 2 149 -1 329 -1
-1 2 150 -1 330 -1
-1 2 151 -1 331 -1
-1 2 152 -1 332 -1
-1 2 153 -1 333 -1
-1 2 154 -1 334 -1
-1 2 155 -1 335 -1
-1 2 156 -1 336 -1
-1 2 157 -1 337 -1
-1 2 158 -1 338 -1
-1 2 159 -1 339 -1
-1 2 140 -1 340 -1
-1 2 141 -1 341 -1
-1 2 142 -1 342 -1
-1 2 143 -1 343 -1
-1 2 144 -1 344 -1
-1 2 145 -1 345 -1
-1 2 146 -1 346 -1
-1 2 147 -1 347 -1
-1 2 148 -1 348 -1
-1 2 149 -1 349 -1
-1 2 150 -1 350 -1
-1 2 151 -1 351 -1
-1 2 152 -1 352 -1
-1 2 153 -1 353 -1
-1 2 154 -1 354 -1
-1 2 155 -1 355 -1
-1 2 156 -1 356 -1
-1 2 157 -1 357 -1
-1 2 158 -1 358 -1
-1 2 159 -1 359 -1
-1 2 160 -1 180 -1
-1 2 161 -1 181 -1
-1 2 162 -1 182 -1
-1 2 163 -1 183 -1
-1 2 164 -1 184 -1
-1 2 165 -1 185 -1
-1 2 166 -1 186 -1
-1 2 167 -1 187 -1
-1 2 168 -1 188 -1
-1 2 169 -1 189 -1
-1 2 170 -1 190 -1
-1 2 171 -1 191 -1
-1 2 172 -1 192 -1
-1 2 173 -1 193 -1
-1 2 174 -1 194 -1
-1 2 175 -1 195 -1
-1 2 176 -1 196 -1
-1 2 177 -1 197 -1
-1 2 178 -1 198 -1
-1 2 179 -1 199 -1
-1 2 160 -1 220 -1
-1 2 161 -1 221 -1
-1 2 162 -1 222 -1
-1 2 163 -1 223 -1
-1 2 164 -1 224 -1
-1 2 165 -1 225 -1
-1 2 166 -1 226 -1
-1 2 167 -1 227 -1
-1 2 168 -1 228 -1
-1 2 169 -1 229 -1
-1 2 170 -1 230 -1
-1 2 171 -1 231 -1
-1 2 172 -1 232 -1
-1 2 173 -1 233 -1
-1 2 174 -1 234 -1
-1 2 175 -1 235 -1
-1 2 176 -1 236 -1
-1 2 177 -1 237 -1
-1 2 178 -1 238 -1
-1 2 179 -1 239 -1
-1 2 160 -1 240 -1
-1 2 161 -1 241 -1
-1 2 162 -1 242 -1
-1 2 163 -1 243 -1
-1 2 164 -1 244 -1
-1 2 165 -1 245 -1
-1 2 166 -1 246 -1
-1 2 167 -1 247 -1
-1 2 168 -1 248 -1
-1 2 169 -1 249 -1
-1 2 170 -1 250 -1
-1 2 171 -1 251 -1
-1 2 172 -1 252 -1
-1 2 173 -1 253 -1
-1 2 174 -1 254 -1
-1 2 175 -1 255 -1
-1 2 176 -1 256 -1
-1 2 177 -1 257 -1
-1 2 178 -1 258 -1
-1 2 179 -1 259 -1
-1 2 160 -1 280 -1
-1 2 161 -1 281 -1
-1 2 162 -1 282 -1
-1 2 163 -1 283 -1
-1 2 164 -1 284 -1
-1 2 165 -1 285 -1
-1 2 166 -1 286 -1
-1 2 167 -1 287 -1
-1 2 168 -1 288 -1
-1 2 169 -1 289 -1
-1 2 170 -1 290 -1
-1 2 171 -1 291 -1
-1 2 172 -1 292 -1
-1 2 173 -1 293 -1
-1 2 174 -1 294 -1
-1 2 175 -1 295 -1
-1 2 176 -1 296 -1
-1 2 177 -1 297 -1
-1 2 178 -1 298 -1
-1 2 179 -1 299 -1
-1 2 160 -1 300 -1
-1 2 161 -1 301 -1
-1 2 162 -1 302 -1
-1 2 163 -1 303 -1
-1 2 164 -1 304 -1
-1 2 165 -1 305 -1
-1 2 166 -1 306 -1
-1 2 167 -1 307 -1
-1 2 168 -1 308 -1
-1 2 169 -1 309 -1
-1 2 170 -1 310 -1
-1 2 171 -1 311 -1
-1 2 172 -1 312 -1
-1 2 173 -1 313 -1
-1 2 174 -1 314 -1
-1 2 175 -1 315 -1
-1 2 176 -1 316 -1
-1 2 177 -1 317 -1
-1 2 178 -1 318 -1
-1 2 179 -1 319 -1
-1 2 160 -1 320 -1
-1 2 161 -1 321 -1
-1 2 162 -1 322 -1
-1 2 163 -1 323 -1
-1 2 164 -1 324 -1
-1 2 165 -1 325 -1
-1 2 166 -1 326 -1
-1 2 167 -1 327 -1
-1 2 168 -1 328 -1
-1 2 169 -1 329 -1
-1 2 170 -1 330 -1
-1 2 171 -1 331 -1
-1 2 172 -1 332 -1
-1 2 173 -1 333 -1
-1 2 174 -1 334 -1
-1 2 175 -1 335 -1
-1 2 176 -1 336 -1
-1 2 177 -1 337 -1
-1 2 178 -1 338 -1
-1 2 179 -1 339 -1
-1 2 160 -1 380 -1
-1 2 161 -1 381 -1
-1 2 162 -1 382 -1
-1 2 163 -1 383 -1
-1 2 164 -1 384 -1
-1 2 165 -1 385 -1
-1 2 166 -1 386 -1
-1 2 167 -1 387 -1
-1 2 168 -1 388 -1
-1 2 169 -1 389 -1
-1 2 170 -1 390 -1
-1 2 171 -1 391 -1
-1 2 172 -1 392 -1
-1 2 173 -1 393 -1
-1 2 174 -1 394 -1
-1 2 175 -1 395 -1
-1 2 176 -1 396 -1
-1 2 177 -1 397 -1
-1 2 178 -1 398 -1
-1 2 179 -1 399 -1
-1 2 180 -1 200 -1
-1 2 181 -1 201 -1
-1 2 182 -1 202 -1
-1 2 183 -1 203 -1
-1 2 184 -1 204 -1
-1 2 185 -1 205 -1
-1 2 186 -1 206 -1
-1 2 187 -1 207 -1
-1 2 188 -1 208 -1
-1 2 189 -1 209 -1
-1 2 190 -1 210 -1
-1 2 191 -1 211 -1
-1 2 192 -1 212 -1
-1 2 193 -1 213 -1
-1 2 194 -1 214 -1
-1 2 195 -1 215 -1
-1 2 196 -1 216 -1
-1 2 197 -1 217 -1
-1 2 198 -1 218 -1
-1 2 199 -1 219 -1
-1 2 180 -1 260 -1
-1 2 181 -1 261 -1
-1 2 182 -1 262 -1
-1 2 183 -1 263 -1
-1 2 184 -1 264 -1
-1 2 185 -1 265 -1
-1 2 186 -1 266 -1
-1 2 187 -1 267 -1
-1 2 188 -1 268 -1
-1 2 189 -1 269 -1
-1 2 190 -1 270 -1
-1 2 191 -1 271 -1
-1 2 192 -1 272 -1
-1 2 193 -1 273 -1
-1 2 194 -1 274 -1
-1 2 195 -1 275 -1
-1 2 196 -1 276 -1
-1 2 197 -1 277 -1
-1 2 198 -1 278 -1
-1 2 199 -1 279 -1
-1 2 200 -1 240 -1
-1 2 201 -1 241 -1
-1 2 202 -1 242 -1
-1 2 203 -1 243 -1
-1 2 204 -1 244 -1
-1 2 205 -1 245 -1
-1 2 206 -1 246 -1
-1 2 207 -1 247 -1
-1 2 208 -1 248 -1
-1 2 209 -1 249 -1
-1 2 210 -1 250 -1
-1 2 211 -1 251 -1
-1 2 212 -1 252 -1
-1 2 213 -1 253 -1
-1 2 214 -1 254 -1
-1 2 215 -1 255 -1
-1 2 216 -1 256 -1
-1 2 217 -1 257 -1
-1 2 218 -1 258 -1
-1 2 219 -1 259 -1
-1 2 200 -1 340 -1
-1 2 201 -1 341 -1
-1 2 202 -1 342 -1
-1 2 203 -1 343 -1
-1 2 204 -1 344 -1
-1 2 205 -1 345 -1
-1 2 206 -1 346 -1
-1 2 207 -1 347 -1
-1 2 208 -1 348 -1
-1 2 209 -1 349 -1
-1 2 210 -1 350 -1
-1 2 211 -1 351 -1
-1 2 212 -1 352 -1
-1 2 213 -1 353 -1
-1 2 214 -1 354 -1
-1 2 215 -1 355 -1
-1 2 216 -1 356 -1
-1 2 217 -1 357 -1
-1 2 218 -1 358 -1
-1 2 219 -1 359 -1
-1 2 200 -1 380 -1
-1 2 201 -1 381 -1
-1 2 202 -1 382 -1
-1 2 203 -1 383 -1
-1 2 204 -1 384 -1
-1 2 205 -1 385 -1
-1 2 206 -1 386 -1
-1 2 207 -1 387 -1
-1 2 208 -1 388 -1
-1 2 209 -1 389 -1
-1 2 210 -1 390 -1
-1 2 211 -1 391 -1
-1 2 212 -1 392 -1
-1 2 213 -1 393 -1
-1 2 214 -1 394 -1
-1 2 215 -1 395 -1
-1 2 216 -1 396 -1
-1 2 217 -1 397 -1
-1 2 218 -1 398 -1
-1 2 219 -1 399 -1
-1 2 220 -1 280 -1
-1 2 221 -1 281 -1
-1 2 222 -1 282 -1
-1 2 223 -1 283 -1
-1 2 224 -1 284 -1
-1 2 225 -1 285 -1
-1 2 226 -1 286 -1
-1 2 227 -1 287 -1
-1 2 228 -1 288 -1
-1 2 229 -1 289 -1
-1 2 230 -1 290 -1
-1 2 231 -1 291 -1
-1 2 232 -1 292 -1
-1 2 233 -1 293 -1
-1 2 234 -1 294 -1
-1 2 235 -1 295 -1
-1 2 236 -1 296 -1
-1 2 237 -1 297 -1
-1 2 238 -1 298 -1
-1 2 239 -1 299 -1
-1 2 220 -1 320 -1
-1 2 221 -1 321 -1
-1 2 222 -1 322 -1
-1 2 223 -1 323 -1
-1 2 224 -1 324 -1
-1 2 225 -1 325 -1
-1 2 226 -1 326 -1
-1 2 227 -1 327 -1
-1 2 228 -1 328 -1
-1 2 229 -1 329 -1
-1 2 230 -1 330 -1
-1 2 231 -1 331 -1
-1 2 232 -1 332 -1
-1 2 233 -1 333 -1
-1 2 234 -1 334 -1
-1 2 235 -1 335 -1
-1 2 236 -1 336 -1
-1 2 237 -1 337 -1
-1 2 238 -1 338 -1
-1 2 239 -1 339 -1
-1 2 220 -1 380 -1
-1 2 221 -1 381 -1
-1 2 222 -1 382 -1
-1 2 223 -1 383 -1
-1 2 224 -1 384 -1
-1 2 225 -1 385 -1
-1 2 226 -1 386 -1
-1 2 227 -1 387 -1
-1 2 228 -1 388 -1
-1 2 229 -1 389 -1
-1 2 230 -1 390 -1
-1 2 231 -1 391 -1
-1 2 232 -1 392 -1
-1 2 233 -1 393 -1
-1 2 234 -1 394 -1
-1 2 235 -1 395 -1
-1 2 236 -1 396 -1
-1 2 237 -1 397 -1
-1 2 238 -1 398 -1
-1 2 239 -1 399 -1
-1 2 240 -1 300 -1
-1 2 241 -1 301 -1
-1 2 242 -1 302 -1
-1 2 243 -1 303 -1
-1 2 244 -1 304 -1
-1 2 245 -1 305 -1
-1 2 246 -1 306 -1
-1 2 247 -1 307 -1
-1 2 248 -1 308 -1
-1 2 249 -1 309 -1
-1 2 250 -1 310 -1
-1 2 251 -1 311 -1
-1 2 252 -1 312 -1
-1 2 253 -1 313 -1
-1 2 254 -1 314 -1
-1 2 255 -1 315 -1
-1 2 256 -1 316 -1
-1 2 257 -1 317 -1
-1 2 258 -1 318 -1
-1 2 259 -1 319 -1
-1 2 240 -1 340 -1
-1 2 241 -1 341 -1
-1 2 242 -1 342 -1
-1 2 243 -1 343 -1
-1 2 244 -1 344 -1
-1 2 245 -1 345 -1
-1 2 246 -1 346 -1
-1 2 247 -1 347 -1
-1 2 248 -1 348 -1
-1 2 249 -1 349 -1
-1 2 250 -1 350 -1
-1 2 251 -1 351 -1
-1 2 252 -1 352 -1
-1 2 253 -1 353 -1
-1 2 254 -1 354 -1
-1 2 255 -1 355 -1
-1 2 256 -1 356 -1
-1 2 257 -1 357 -1
-1 2 258 -1 358 -1
-1 2 259 -1 359 -1
-1 2 260 -1 280 -1
-1 2 261 -1 281 -1
-1 2 262 -1 282 -1
-1 2 263 -1 283 -1
-1 2 264 -1 284 -1
-1 2 265 -1 285 -1
-1 2 266 -1 286 -1
-1 2 267 -1 287 -1
-1 2 268 -1 288 -1
-1 2 269 -1 289 -1
-1 2 270 -1 290 -1
-1 2 271 -1 291 -1
-1 2 272 -1 292 -1
-1 2 273 -1 293 -1
-1 2 274 -1 294 -1
-1 2 275 -1 295 -1
-1 2 276 -1 296 -1
-1 2 277 -1 297 -1
-1 2 278 -1 298 -1
-1 2 279 -1 299 -1
-1 2 260 -1 360 -1
-1 2 261 -1 361 -1
-1 2 262 -1 362 -1
-1 2 263 -1 363 -1
-1 2 264 -1 364 -1
-1 2 265 -1 365 -1
-1 2 266 -1 366 -1
-1 2 267 -1 367 -1
-1 2 268 -1 368 -1
-1 2 269 -1 369 -1
-1 2 270 -1 370 -1
-1 2 271 -1 371 -1
-1 2 272 -1 372 -1
-1 2 273 -1 373 -1
-1 2 274 -1 374 -1
-1 2 275 -1 375 -1
-1 2 276 -1 376 -1
-1 2 277 -1 377 -1
-1 2 278 -1 378 -1
-1 2 279 -1 379 -1
-1 2 260 -1 380 -1
-1 2 261 -1 381 -1
-1 2 262 -1 382 -1
-1 2 263 -1 383 -1
-1 2 264 -1 384 -1
-1 2 265 -1 385 -1
-1 2 266 -1 386 -1
-1 2 267 -1 387 -1
-1 2 268 -1 388 -1
-1 2 269 -1 389 -1
-1 2 270 -1 390 -1
-1 2 271 -1 391 -1
-1 2 272 -1 392 -1
-1 2 273 -1 393 -1
-1 2 274 -1 394 -1
-1 2 275 -1 395 -1
-1 2 276 -1 396 -1
-1 2 277 -1 397 -1
-1 2 278 -1 398 -1
-1 2 279 -1 399 -1
-1 2 280 -1 340 -1
-1 2 281 -1 341 -1
-1 2 282 -1 342 -1
-1 2 283 -1 343 -1
-1 2 284 -1 344 -1
-1 2 285 -1 345 -1
-1 2 286 -1 346 -1
-1 2 287 -1 347 -1
-1 2 288 -1 348 -1
-1 2 289 -1 349 -1
-1 2 290 -1 350 -1
-1 2 291 -1 351 -1
-1 2 292 -1 352 -1
-1 2 293 -1 353 -1
-1 2 294 -1 354 -1
-1 2 295 -1 355 -1
-1 2 296 -1 356 -1
-1 2 297 -1 357 -1
-1 2 298 -1 358 -1
-1 2 299 -1 359 -1
-1 2 280 -1 380 -1
-1 2 281 -1 381 -1
-1 2 282 -1 382 -1
-1 2 283 -1 383 -1
-1 2 284 -1 384 -1
-1 2 285 -1 385 -1
-1 2 286 -1 386 -1
-1 2 287 -1 387 -1
-1 2 288 -1 388 -1
-1 2 289 -1 389 -1
-1 2 290 -1 390 -1
-1 2 291 -1 391 -1
-1 2 292 -1 392 -1
-1 2 293 -1 393 -1
-1 2 294 -1 394 -1
-1 2 295 -1 395 -1
-1 2 296 -1 396 -1
-1 2 297 -1 397 -1
-1 2 298 -1 398 -1
-1 2 299 -1 399 -1
-1 2 300 -1 340 -1
-1 2 301 -1 341 -1
-1 2 302 -1 342 -1
-1 2 303 -1 343 -1
-1 2 304 -1 344 -1
-1 2 305 -1 345 -1
-1 2 306 -1 346 -1
-1 2 307 -1 347 -1
-1 2 308 -1 348 -1
-1 2 309 -1 349 -1
-1 2 310 -1 350 -1
-1 2 311 -1 351 -1
-1 2 312 -1 352 -1
-1 2 313 -1 353 -1
-1 2 314 -1 354 -1
-1 2 315 -1 355 -1
-1 2 316 -1 356 -1
-1 2 317 -1 357 -1
-1 2 318 -1 358 -1
-1 2 319 -1 359 -1
0 2 400 1 401 -1
0 2 401 1 402 -1
0 2 402 1 403 -1
0 2 403 1 404 -1
0 2 404 1 405 -1
0 2 405 1 406 -1
0 2 406 1 407 -1
0 2 407 1 408 -1
0 2 408 1 409 -1
0 2 409 1 410 -1
0 2 410 1 411 -1
0 2 411 1 412 -1
0 2 412 1 413 -1
0 2 413 1 414 -1
0 2 414 1 415 -1
0 2 415 1 416 -1
0 2 416 1 417 -1
0 2 417 1 418 -1
0 2 418 1 419 -1
0 21 0 1 20 1 40 1 60 1 80 1 100 1 120 1 140 1 160 1 180 1 200 1 220 1 240 1 260 1 280 1 300 1 320 1 340 1 360 1 380 1 400 -1
0 21 1 1 21 1 41 1 61 1 81 1 101 1 121 1 141 1 161 1 181 1 201 1 221 1 241 1 261 1 281 1 301 1 321 1 341 1 361 1 381 1 401 -1
0 21 2 1 22 1 42 1 62 1 82 1 102 1 122 1 142 1 162 1 182 1 202 1 222 1 242 1 262 1 282 1 302 1 322 1 342 1 362 1 382 1 402 -1
0 21 3 1 23 1 43 1 63 1 83 1 103 1 123 1 143 1 163 1 183 1 203 1 223 1 243 1 263 1 283 1 303 1 323 1 343 1 363 1 383 1 403 -1
0 21 4 1 24 1 44 1 64 1 84 1 104 1 124 1 144 1 164 1 184 1 204 1 224 1 244 1 264 1 284 1 304 1 324 1 344 1 364 1 384 1 404 -1
0 21 5 1 25 1 45 1 65 1 85 1 105 1 125 1 145 1 165 1 185 1 205 1 225 1 245 1 265 1 285 1 305 1 325 1 345 1 365 1 385 1 405 -1
0 21 6 1 26 1 46 1 66 1 86 1 106 1 126 1 146 1 166 1 186 1 206 1 226 1 246 1 266 1 286 1 306 1 326 1 346 1 366 1 386 1 406 -1
0 21 7 1 27 1 47 1 67 1 87 1 107 1 127 1 147 1 167 1 187 1 207 1 227 1 247 1 267 1 287 1 307 1 327 1 347 1 367 1 387 1 407 -1
0 21 8 1 28 1 48 1 68 1 88 1 108 1 128 1 148 1 168 1 188 1 208 1 228 1 248 1 268 1 288 1 308 1 328 1 348 1 368 1 388 1 408 -1
0 21 9 1 29 1 49 1 69 1 89 1 109 1 129 1 149 1 169 1 189 1 209 1 229 1 249 1 269 1 289 1 309 1 329 1 349 1 369 1 389 1 409 -1
0 21 10 1 30 1 50 1 70 1 90 1 110 1 130 1 150 1 170 1 190 1 210 1 230 1 250 1 270 1 290 1 310 1 330 1 350 1 370 1 390 1 410 -1
0 21 11 1 31 1 51 1 71 1 91 1 111 1 131 1 151 1 171 1 191 1 211 1 231 1 251 1 271 1 291 1 311 1 331 1 351 1 371 1 391 1 411 -1
0 21 12 1 32 1 52 1 72 1 92 1 112 1 132 1 152 1 172 1 192 1 212 1 232 1 252 1 272 1 292 1 312 1 332 1 352 1 372 1 392 1 412 -1
0 21 13 1 33 1 53 1 73 1 93 1 113 1 133 1 153 1 173 1 193 1 213 1 233 1 253 1 273 1 293 1 313 1 333 1 353 1 373 1 393 1 413 -1
0 21 14 1 34 1 54 1 74 1 94 1 114 1 134 1 154 1 174 1 194 1 214 1 234 1 254 1 274 1 294 1 314 1 334 1 354 1 374 1 394 1 414 -1
0 21 15 1 35 1 55 1 75 1 95 1 115 1 135 1 155 1 175 1 195 1 215 1 235 1 255 1 275 1 295 1 315 1 335 1 355 1 375 1 395 1 415 -1
0 21 16 1 36 1 56 1 76 1 96 1 116 1 136 1 156 1 176 1 196 1 216 1 236 1 256 1 276 1 296 1 316 1 336 1 356 1 376 1 396 1 416 -1
0 21 17 1 37 1 57 1 77 1 97 1 117 1 137 1 157 1 177 1 197 1 217 1 237 1 257 1 277 1 297 1 317 1 337 1 357 1 377 1 397 1 417 -1
0 21 18 1 38 1 58 1 78 1 98 1 118 1 138 1 158 1 178 1 198 1 218 1 238 1 258 1 278 1 298 1 318 1 338 1 358 1 378 1 398 1 418 -1
0 21 19 1 39 1 59 1 79 1 99 1 119 1 139 1 159 1 179 1 199 1 219 1 239 1 259 1 279 1 299 1 319 1 339 1 359 1 379 1 399 1 419 -1
0 1 1 -1
0 1 2 -1
0 1 3 -1
0 1 4 -1
0 1 5 -1
0 1 6 -1
0 1 7 -1
0 1 8 -1
0 1 9 -1
0 1 10 -1
0 1 11 -1
0 1 12 -1
0 1 13 -1
0 1 14 -1
0 1 15 -1
0 1 16 -1
0 1 17 -1
0 1 18 -1
0 1 19 -1
0 2 0 1 21 -1
0 2 1 1 22 -1
0 2 2 1 23 -1
0 2 3 1 24 -1
0 2 4 1 25 -1
0 2 5 1 26 -1
0 2 6 1 27 -1
0 2 7 1 28 -1
0 2 8 1 29 -1
0 2 9 1 30 -1
0 2 10 1 31 -1
0 2 11 1 32 -1
0 2 12 1 33 -1
0 2 13 1 34 -1
0 2 14 1 35 -1
0 2 15 1 36 -1
0 2 16 1 37 -1
0 2 17 1 38 -1
0 2 18 1 39 -1
0 3 0 1 20 1 41 -1
0 3 1 1 21 1 42 -1
0 3 2 1 22 1 43 -1
0 3 3 1 23 1 44 -1
0 3 4 1 24 1 45 -1
0 3 5 1 25 1 46 -1
0 3 6 1 26 1 47 -1
0 3 7 1 27 1 48 -1
0 3 8 1 28 1 49 -1
0 3 9 1 29 1 50 -1
0 3 10 1 30 1 51 -1
0 3 11 1 31 1 52 -1
0 3 12 1 32 1 53 -1
0 3 13 1 33 1 54 -1
0 3 14 1 34 1 55 -1
0 3 15 1 35 1 56 -1
0 3 16 1 36 1 57 -1
0 3 17 1 37 1 58 -1
0 3 18 1 38 1 59 -1
0 4 0 1 20 1 40 1 61 -1
0 4 1 1 21 1 41 1 62 -1
0 4 2 1 22 1 42 1 63 -1
0 4 3 1 23 1 43 1 64 -1
0 4 4 1 24 1 44 1 65 -1
0 4 5 1 25 1 45 1 66 -1
0 4 6 1 26 1 46 1 67 -1
0 4 7 1 27 1 47 1 68 -1
0 4 8 1 28 1 48 1 69 -1
0 4 9 1 29 1 49 1 70 -1
0 4 10 1 30 1 50 1 71 -1
0 4 11 1 31 1 51 1 72 -1
0 4 12 1 32 1 52 1 73 -1
0 4 13 1 33 1 53 1 74 -1
0 4 14 1 34 1 54 1 75 -1
0 4 15 1 35 1 55 1 76 -1
0 4 16 1 36 1 56 1 77 -1
0 4 17 1 37 1 57 1 78 -1
0 4 18 1 38 1 58 1 79 -1
0 5 0 1 20 1 40 1 60 1 81 -1
0 5 1 1 21 1 41 1 61 1 82 -1
0 5 2 1 22 1 42 1 62 1 83 -1
0 5 3 1 23 1 43 1 63 1 84 -1
0 5 4 1 24 1 44 1 64 1 85 -1
0 5 5 1 25 1 45 1 65 1 86 -1
0 5 6 1 26 1 46 1 66 1 87 -1
0 5 7 1 27 1 47 1 67 1 88 -1
0 5 8 1 28 1 48 1 68 1 89 -1
0 5 9 1 29 1 49 1 69 1 90 -1
0 5 10 1 30 1 50 1 70 1 91 -1
0 5 11 1 31 1 51 1 71 1 92 -1
0 5 12 1 32 1 52 1 72 1 93 -1
0 5 13 1 33 1 53 1 73 1 94 -1
0 5 14 1 34 1 54 1 74 1 95 -1
0 5 15 1 35 1 55 1 75 1 96 -1
0 5 16 1 36 1 56 1 76 1 97 -1
0 5 17 1 37 1 57 1 77 1 98 -1
0 5 18 1 38 1 58 1 78 1 99 -1
0 6 0 1 20 1 40 1 60 1 80 1 101 -1
0 6 1 1 21 1 41 1 61 1 81 1 102 -1
0 6 2 1 22 1 42 1 62 1 82 1 103 -1
0 6 3 1 23 1 43 1 63 1 83 1 104 -1
0 6 4 1 24 1 44 1 64 1 84 1 105 -1
0 6 5 1 25 1 45 1 65 1 85 1 106 -1
0 6 6 1 26 1 46 1 66 1 86 1 107 -1
0 6 7 1 27 1 47 1 67 1 87 1 108 -1
0 6 8 1 28 1 48 1 68 1 88 1 109 -1
0 6 9 1 29 1 49 1 69 1 89 1 110 -1
0 6 10 1 30 1 50 1 70 1 90 1 111 -1
0 6 11 1 31 1 51 1 71 1 91 1 112 -1
0 6 12 1 32 1 52 1 72 1 92 1 113 -1
0 6 13 1 33 1 53 1 73 1 93 1 114 -1
0 6 14 1 34 1 54 1 74 1 94 1 115 -1
0 6 15 1 35 1 55 1 75 1 95 1 116 -1
0 6 16 1 36 1 56 1 76 1 96 1 117 -1
0 6 17 1 37 1 57 1 77 1 97 1 118 -1
0 6 18 1 38 1 58 1 78 1 98 1 119 -1
0 7 0 1 20 1 40 1 60 1 80 1 100 1 121 -1
0 7 1 1 21 1 41 1 61 1 81 1 101 1 122 -1
0 7 2 1 22 1 42 1 62 1 82 1 102 1 123 -1
0 7 3 1 23 1 43 1 63 1 83 1 103 1 124 -1
0 7 4 1 24 1 44 1 64 1 84 1 104 1 125 -1
0 7 5 1 25 1 45 1 65 1 85 1 105 1 126 -1
0 7 6 1 26 1 46 1 66 1 86 1 106 1 127 -1
0 7 7 1 27 1 47 1 67 1 87 1 107 1 128 -1
0 7 8 1 28 1 48 1 68 1 88 1 108 1 129 -1
0 7 9 1 29 1 49 1 69 1 89 1 109 1 130 -1
0 7 10 1 30 1 50 1 70 1 90 1 110 1 131 -1
0 7 11 1 31 1 51 1 71 1 91 1 111 1 132 -1
0 7 12 1 32 1 52 1 72 1 92 1 112 1 133 -1
0 7 13 1 33 1 53 1 73 1 93 1 113 1 134 -1
0 7 14 1 34 1 54 1 74 1 94 1 114 1 135 -1
0 7 15 1 35 1 55 1 75 1 95 1 115 1 136 -1
0 7 16 1 36 1 56 1 76 1 96 1 116 1 137 -1
0 7 17 1 37 1 57 1 77 1 97 1 117 1 138 -1
0 7 18 1 38 1 58 1 78 1 98 1 118 1 139 -1
0 8 0 1 20 1 40 1 60 1 80 1 100 1 120 1 141 -1
0 8 1 1 21 1 41 1 61 1 81 1 101 1 121 1 142 -1
0 8 2 1 22 1 42 1 62 1 82 1 102 1 122 1 143 -1
0 8 3 1 23 1 43 1 63 1 83 1 103 1 123 1 144 -1
0 8 4 1 24 1 44 1 64 1 84 1 104 1 124 1 145 -1
0 8 5 1 25 1 45 1 65 1 85 1 105 1 125 1 146 -1
0 8 6 1 26 1 46 1 66 1 86 1 106 1 126 1 147 -1
0 8 7 1 27 1 47 1 67 1 87 1 107 1 127 1 148 -1
0 8 8 1 28 1 48 1 68 1 88 1 108 1 128 1 149 -1
0 8 9 1 29 1 49 1 69 1 89 1 109 1 129 1 150 -1
0 8 10 1 30 1 50 1 70 1 90 1 110 1 130 1 151 -1
0 8 11 1 31 1 51 1 71 1 91 1 111 1 131 1 152 -1
0 8 12 1 32 1 52 1 72 1 92 1 112 1 132 1 153 -1
0 8 13 1 33 1 53 1 73 1 93 1 113 1 133 1 154 -1
0 8 14 1 34 1 54 1 74 1 94 1 114 1 134 1 155 -1
0 8 15 1 35 1 55 1 75 1 95 1 115 1 135 1 156 -1
0 8 16 1 36 1 56 1 76 1 96 1 116 1 136 1 157 -1
0 8 17 1 37 1 57 1 77 1 97 1 117 1 137 1 158 -1
0 8 18 1 38 1 58 1 78 1 98 1 118 1 138 1 159 -1
0 9 0 1 20 1 40 1 60 1 80 1 100 1 120 1 140 1 161 -1
0 9 1 1 21 1 41 1 61 1 81 1 101 1 121 1 141 1 162 -1
0 9 2 1 22 1 42 1 62 1 82 1 102 1 122 1 142 1 163 -1
0 9 3 1 23 1 43 1 63 1 83 1 103 1 123 1 143 1 164 -1
0 9 4 1 24 1 44 1 64 1 84 1 104 1 124 1 144 1 165 -1
0 9 5 1 25 1 45 1 65 1 85 1 105 1 125 1 145 1 166 -1
0 9 6 1 26 1 46 1 66 1 86 1 106 1 126 1 146 1 167 -1
0 9 7 1 27 1 47 1 67 1 87 1 107 1 127 1 147 1 168 -1
0 9 8 1 28 1 48 1 68 1 88 1 108 1 128 1 148 1 169 -1
0 9 9 1 29 1 49 1 69 1 89 1 109 1 129 1 149 1 170 -1
0 9 10 1 30 1 50 1 70 1 90 1 110 1 130 1 150 1 171 -1
0 9 11 1 31 1 51 1 71 1 91 1 111 1 131 1 151 1 172 -1
0 9 12 1 32 1 52 1 72 1 92 1 112 1 132 1 152 1 173 -1
0 9 13 1 33 1 53 1 73 1 93 1 113 1 133 1 153 1 174 -1
0 9 14 1 34 1 54 1 74 1 94 1 114 1 134 1 154 1 175 -1
0 9 15 1 35 1 55 1 75 1 95 1 115 1 135 1 155 1 176 -1
0 9 16 1 36 1 56 1 76 1 96 1 116 1 136 1 156 1 177 -1
0 9 17 1 37 1 57 1 77 1 97 1 117 1 137 1 157 1 178 -1
0 9 18 1 38 1 58 1 78 1 98 1 118 1 138 1 158 1 179 -1
0 10 0 1 20 1 40 1 60 1 80 1 100 1 120 1 140 1 160 1 181 -1
0 10 1 1 21 1 41 1 61 1 81 1 101 1 121 1 141 1 161 1 182 -1
0 10 2 1 22 1 42 1 62 1 82 1 102 1 122 1 142 1 162 1 183 -1
0 10 3 1 23 1 43 1 63 1 83 1 103 1 123 1 143 1 163 1 184 -1
0 10 4 1 24 1 44 1 64 1 84 1 104 1 124 1 144 1 164 1 185 -1
0 10 5 1 25 1 45 1 65 1 85 1 105 1 125 1 145 1 165 1 186 -1
0 10 6 1 26 1 46 1 66 1 86 1 106 1 126 1 146 1 166 1 187 -1
0 10 7 1 27 1 47 1 67 1 87 1 107 1 127 1 147 1 167 1 188 -1
0 10 8 1 28 1 48 1 68 1 88 1 108 1 128 1 148 1 168 1 189 -1
0 10 9 1 29 1 49 1 69 1 89 1 109 1 129 1 149 1 169 1 190 -1
0 10 10 1 30 1 50 1 70 1 90 1 110 1 130 1 150 1 170 1 191 -1
0 10 11 1 31 1 51 1 71 1 91 1 111 1 131 1 151 1 171 1 192 -1
0 10 12 1 32 1 52 1 72 1 92 1 112 1 132 1 152 1 172 1 193 -1
0 10 13 1 33 1 53 1 73 1 93 1 113 1 133 1 153 1 173 1 194 -1
0 10 14 1 34 1 54 1 74 1 94 1 114 1 134 1 154 1 174 1 195 -1
0 10 15 1 35 1 55 1 75 1 95 1 115 1 135 1 155 1 175 1 196 -1
0 10 16 1 36 1 56 1 76 1 96 1 116 1 136 1 156 1 176 1 197 -1
0 10 17 1 37 1 57 1 77 1 97 1 117 1 137 1 157 1 177 1 198 -1
0 10 18 1 38 1 58 1 78 1 98 1 118 1 138 1 158 1 178 1 199 -1
0 11 0 1 20 1 40 1 60 1 80 1 100 1 120 1 140 1 160 1 180 1 201 -1
0 11 1 1 21 1 41 1 61 1 81 1 101 1 121 1 141 1 161 1 181 1 202 -1
0 11 2 1 22 1 42 1 62 1 82 1 102 1 122 1 142 1 162 1 182 1 203 -1
0 11 3 1 23 1 43 1 63 1 83 1 103 1 123 1 143 1 163 1 183 1 204 -1
0 11 4 1 24 1 44 1 64 1 84 1 104 1 124 1 144 1 164 1 184 1 205 -1
0 11 5 1 25 1 45 1 65 1 85 1 105 1 125 1 145 1 165 1 185 1 206 -1
0 11 6 1 26 1 46 1 66 1 86 1 106 1 126 1 146 1 166 1 186 1 207 -1
0 11 7 1 27 1 47 1 67 1 87 1 107 1 127 1 147 1 167 1 187 1 208 -1
0 11 8 1 28 1 48 1 68 1 88 1 108 1 128 1 148 1 168 1 188 1 209 -1
0 11 9 1 29 1 49 1 69 1 89 1 109 1 129 1 149 1 169 1 189 1 210 -1
0 11 10 1 30 1 50 1 70 1 90 1 110 1 130 1 150 1 170 1 190 1 211 -1
0 11 11 1 31 1 51 1 71 1 91 1 111 1 131 1 151 1 171 1 191 1 212 -1
0 11 12 1 32 1 52 1 72 1 92 1 112 1 132 1 152 1 172 1 192 1 213 -1
0 11 13 1 33 1 53 1 73 1 93 1 113 1 133 1 153 1 173 1 193 1 214 -1
0 11 14 1 34 1 54 1 74 1 94 1 114 1 134 1 154 1 174 1 194 1 215 -1
0 11 15 1 35 1 55 1 75 1 95 1 115 1 135 1 155 1 175 1 195 1 216 -1
0 11 16 1 36 1 56 1 76 1 96 1 116 1 136 1 156 1 176 1 196 1 217 -1
0 11 17 1 37 1 57 1 77 1 97 1 117 1 137 1 157 1 177 1 197 1 218 -1
0 11 18 1 38 1 58 1 78 1 98 1 118 1 138 1 158 1 178 1 198 1 219 -1
0 12 0 1 20 1 40 1 60 1 80 1 100 1 120 1 140 1 160 1 180 1 200 1 221 -1
0 12 1 1 21 1 41 1 61 1 81 1 101 1 121 1 141 1 161 1 181 1 201 1 222 -1
0 12 2 1 22 1 42 1 62 1 82 1 102 1 122 1 142 1 162 1 182 1 202 1 223 -1
0 12 3 1 23 1 43 1 63 1 83 1 103 1 123 1 143 1 163 1 183 1 203 1 224 -1
0 12 4 1 24 1 44 1 64 1 84 1 104 1 124 1 144 1 164 1 184 1 204 1 225 -1
0 12 5 1 25 1 45 1 65 1 85 1 105 1 125 1 145 1 165 1 185 1 205 1 226 -1
0 12 6 1 26 1 46 1 66 1 86 1 106 1 126 1 146 1 166 1 186 1 206 1 227 -1
0 12 7 1 27 1 47 1 67 1 87 1 107 1 127 1 147 1 167 1 187 1 207 1 228 -1
0 12 8 1 28 1 48 1 68 1 88 1 108 1 128 1 148 1 168 1 188 1 208 1 229 -1
0 12 9 1 29 1 49 1 69 1 89 1 109 1 129 1 149 1 169 1 189 1 209 1 230 -1
0 12 10 1 30 1 50 1 70 1 90 1 110 1 130 1 150 1 170 1 190 1 210 1 231 -1
0 12 11 1 31 1 51 1 71 1 91 1 111 1 131 1 151 1 171 1 191 1 211 1 232 -1
0 12 12 1 32 1 52 1 72 1 92 1 112 1 132 1 152 1 172 1 192 1 212 1 233 -1
0 12 13 1 33 1 53 1 73 1 93 1 113 1 133 1 153 1 173 1 193 1 213 1 234 -1
0 12 14 1 34 1 54 1 74 1 94 1 114 1 134 1 154 1 174 1 194 1 214 1 235 -1
0 12 15 1 35 1 55 1 75 1 95 1 115 1 135 1 155 1 175 1 195 1 215 1 236 -1
0 12 16 1 36 1 56 1 76 1 96 1 116 1 136 1 156 1 176 1 196 1 216 1 237 -1
0 12 17 1 37 1 57 1 77 1 97 1 117 1 137 1 157 1 177 1 197 1 217 1 238 -1
0 12 18 1 38 1 58 1 78 1 98 1 118 1 138 1 158 1 178 1 198 1 218 1 239 -1
0 13 0 1 20 1 40 1 60 1 80 1 100 1 120 1 140 1 160 1 180 1 200 1 220 1 241 -1
0 13 1 1 21 1 41 1 61 1 81 1 101 1 121 1 141 1 161 1 181 1 201 1 221 1 242 -1
0 13 2 1 22 1 42 1 62 1 82 1 102 1 122 1 142 1 162 1 182 1 202 1 222 1 243 -1
0 13 3 1 23 1 43 1 63 1 83 1 103 1 123 1 143 1 163 1 183 1 203 1 223 1 244 -1
0 13 4 1 24 1 44 1 64 1 84 1 104 1 124 1 144 1 164 1 184 1 204 1 224 1 245 -1
0 13 5 1 25 1 45 1 65 1 85 1 105 1 125 1 145 1 165 1 185 1 205 1 225 1 246 -1
0 13 6 1 26 1 46 1 66 1 86 1 106 1 126 1 146 1 166 1 186 1 206 1 226 1 247 -1
0 13 7 1 27 1 47 1 67 1 87 1 107 1 127 1 147 1 167 1 187 1 207 1 227 1 248 -1
0 13 8 1 28 1 48 1 68 1 88 1 108 1 128 1 148 1 168 1 188 1 208 1 228 1 249 -1
0 13 9 1 29 1 49 1 69 1 89 1 109 1 129 1 149 1 169 1 189 1 209 1 229 1 250 -1
0 13 10 1 30 1 50 1 70 1 90 1 110 1 130 1 150 1 170 1 190 1 210 1 230 1 251 -1
0 13 11 1 31 1 51 1 71 1 91 1 111 1 131 1 151 1 171 1 191 1 211 1 231 1 252 -1
0 13 12 1 32 1 52 1 72 1 92 1 112 1 132 1 152 1 172 1 192 1 212 1 232 1 253 -1
0 13 13 1 33 1 53 1 73 1 93 1 113 1 133 1 153 1 173 1 193 1 213 1 233 1 254 -1
0 13 14 1 34 1 54 1 74 1 94 1 114 1 134 1 154 1 174 1 194 1 214 1 234 1 255 -1
0 13 15 1 35 1 55 1 75 1 95 1 115 1 135 1 155 1 175 1 195 1 215 1 235 1 256 -1
0 13 16 1 36 1 56 1 76 1 96 1 116 1 136 1 156 1 176 1 196 1 216 1 236 1 257 -1
0 13 17 1 37 1 57 1 77 1 97 1 117 1 137 1 157 1 177 1 197 1 217 1 237 1 258 -1
0 13 18 1 38 1 58 1 78 1 98 1 118 1 138 1 158 1 178 1 198 1 218 1 238 1 259 -1
0 14 0 1 20 1 40 1 60 1 80 1 100 1 120 1 140 1 160 1 180 1 200 1 220 1 240 1 261 -1
0 14 1 1 21 1 41 1 61 1 81 1 101 1 121 1 141 1 161 1 181 1 201 1 221 1 241 1 262 -1
0 14 2 1 22 1 42 1 62 1 82 1 102 1 122 1 142 1 162 1 182 1 202 1 222 1 242 1 263 -1
0 14 3 1 23 1 43 1 63 1 83 1 103 1 123 1 143 1 163 1 183 1 203 1 223 1 243 1 264 -1
0 14 4 1 24 1 44 1 64 1 84 1 104 1 124 1 144 1 164 1 184 1 204 1 224 1 244 1 265 -1
0 14 5 1 25 1 45 1 65 1 85 1 105 1 125 1 145 1 165 1 185 1 205 1 225 1 245 1 266 -1
0 14 6 1 26 1 46 1 66 1 86 1 106 1 126 1 146 1 166 1 186 1 206 1 226 1 246 1 267 -1
0 14 7 1 27 1 47 1 67 1 87 1 107 1 127 1 147 1 167 1 187 1 207 1 227 1 247 1 268 -1
0 14 8 1 28 1 48 1 68 1 88 1 108 1 128 1 148 1 168 1 188 1 208 1 228 1 248 1 269 -1
0 14 9 1 29 1 49 1 69 1 89 1 109 1 129 1 149 1 169 1 189 1 209 1 229 1 249 1 270 -1
0 14 10 1 30 1 50 1 70 1 90 1 110 1 130 1 150 1 170 1 190 1 210 1 230 1 250 1 271 -1
0 14 11 1 31 1 51 1 71 1 91 1 111 1 131 1 151 1 171 1 191 1 211 1 231 1 251 1 272 -1
0 14 12 1 32 1 52 1 72 1 92 1 112 1 132 1 152 1 172 1 192 1 212 1 232 1 252 1 273 -1
0 14 13 1 33 1 53 1 73 1 93 1 113 1 133 1 153 1 173 1 193 1 213 1 233 1 253 1 274 -1
0 14 14 1 34 1 54 1 74 1 94 1 114 1 134 1 154 1 174 1 194 1 214 1 234 1 254 1 275 -1
0 14 15 1 35 1 55 1 75 1 95 1 115 1 135 1 155 1 175 1 195 1 215 1 235 1 255 1 276 -1
0 14 16 1 36 1 56 1 76 1 96 1 116 1 136 1 156 1 176 1 196 1 216 1 236 1 256 1 277 -1
0 14 17 1 37 1 57 1 77 1 97 1 117 1 137 1 157 1 177 1 197 1 217 1 237 1 257 1 278 -1
0 14 18 1 38 1 58 1 78 1 98 1 118 1 138 1 158 1 178 1 198 1 218 1 238 1 258 1 279 -1
0 15 0 1 20 1 40 1 60 1 80 1 100 1 120 1 140 1 160 1 180 1 200 1 220 1 240 1 260 1 281 -1
0 15 1 1 21 1 41 1 61 1 81 1 101 1 121 1 141 1 161 1 181 1 201 1 221 1 241 1 261 1 282 -1
0 15 2 1 22 1 42 1 62 1 82 1 102 1 122 1 142 1 162 1 182 1 202 1 222 1 242 1 262 1 283 -1
0 15 3 1 23 1 43 1 63 1 83 1 103 1 123 1 143 1 163 1 183 1 203 1 223 1 243 1 263 1 284 -1
0 15 4 1 24 1 44 1 64 1 84 1 104 1 124 1 144 1 164 1 184 1 204 1 224 1 244 1 264 1 285 -1
0 15 5 1 25 1 45 1 65 1 85 1 105 1 125 1 145 1 165 1 185 1 205 1 225 1 245 1 265 1 286 -1
0 15 6 1 26 1 46 1 66 1 86 1 106 1 126 1 146 1 166 1 186 1 206 1 226 1 246 1 266 1 287 -1
0 15 7 1 27 1 47 1 67 1 87 1 107 1 127 1 147 1 167 1 187 1 207 1 227 1 247 1 267 1 288 -1
0 15 8 1 28 1 48 1 68 1 88 1 108 1 128 1 148 1 168 1 188 1 208 1 228 1 248 1 268 1 289 -1
0 15 9 1 29 1 49 1 69 1 89 1 109 1 129 1 149 1 169 1 189 1 209 1 229 1 249 1 269 1 290 -1
0 15 10 1 30 1 50 1 70 1 90 1 110 1 130 1 150 1 170 1 190 1 210 1 230 1 250 1 270 1 291 -1
0 15 11 1 31 1 51 1 71 1 91 1 111 1 131 1 151 1 171 1 191 1 211 1 231 1 251 1 271 1 292 -1
0 15 12 1 32 1 52 1 72 1 92 1 112 1 132 1 152 1 172 1 192 1 212 1 232 1 252 1 272 1 293 -1
0 15 13 1 33 1 53 1 73 1 93 1 113 1 133 1 153 1 173 1 193 1 213 1 233 1 253 1 273 1 294 -1
0 15 14 1 34 1 54 1 74 1 94 1 114 1 134 1 154 1 174 1 194 1 214 1 234 1 254 1 274 1 295 -1
0 15 15 1 35 1 55 1 75 1 95 1 115 1 135 1 155 1 175 1 195 1 215 1 235 1 255 1 275 1 296 -1
0 15 16 1 36 1 56 1 76 1 96 1 116 1 136 1 156 1 176 1 196 1 216 1 236 1 256 1 276 1 297 -1
0 15 17 1 37 1 57 1 77 1 97 1 117 1 137 1 157 1 177 1 197 1 217 1 237 1 257 1 277 1 298 -1
0 15 18 1 38 1 58 1 78 1 98 1 118 1 138 1 158 1 178 1 198 1 218 1 238 1 258 1 278 1 299 -1
0 16 0 1 20 1 40 1 60 1 80 1 100 1 120 1 140 1 160 1 180 1 200 1 220 1 240 1 260 1 280 1 301 -1
0 16 1 1 21 1 41 1 61 1 81 1 101 1 121 1 141 1 161 1 181 1 201 1 221 1 241 1 261 1 281 1 302 -1
0 16 2 1 22 1 42 1 62 1 82 1 102 1 122 1 142 1 162 1 182 1 202 1 222 1 242 1 262 1 282 1 303 -1
0 16 3 1 23 1 43 1 63 1 83 1 103 1 123 1 143 1 163 1 183 1 203 1 223 1 243 1 263 1 283 1 304 -1
0 16 4 1 24 1 44 1 64 1 84 1 104 1 124 1 144 1 164 1 184 1 204 1 224 1 244 1 264 1 284 1 305 -1
0 16 5 1 25 1 45 1 65 1 85 1 105 1 125 1 145 1 165 1 185 1 205 1 225 1 245 1 265 1 285 1 306 -1
0 16 6 1 26 1 46 1 66 1 86 1 106 1 126 1 146 1 166 1 186 1 206 1 226 1 246 1 266 1 286 1 307 -1
0 16 7 1 27 1 47 1 67 1 87 1 107 1 127 1 147 1 167 1 187 1 207 1 227 1 247 1 267 1 287 1 308 -1
0 16 8 1 28 1 48 1 68 1 88 1 108 1 128 1 148 1 168 1 188 1 208 1 228 1 248 1 268 1 288 1 309 -1
0 16 9 1 29 1 49 1 69 1 89 1 109 1 129 1 149 1 169 1 189 1 209 1 229 1 249 1 269 1 289 1 310 -1
0 16 10 1 30 1 50 1 70 1 90 1 110 1 130 1 150 1 170 1 190 1 210 1 230 1 250 1 270 1 290 1 311 -1
0 16 11 1 31 1 51 1 71 1 91 1 111 1 131 1 151 1 171 1 191 1 211 1 231 1 251 1 271 1 291 1 312 -1
0 16 12 1 32 1 52 1 72 1 92 1 112 1 132 1 152 1 172 1 192 1 212 1 232 1 252 1 272 1 292 1 313 -1
0 16 13 1 33 1 53 1 73 1 93 1 113 1 133 1 153 1 173 1 193 1 213 1 233 1 253 1 273 1 293 1 314 -1
0 16 14 1 34 1 54 1 74 1 94 1 114 1 134 1 154 1 174 1 194 1 214 1 234 1 254 1 274 1 294 1 315 -1
0 16 15 1 35 1 55 1 75 1 95 1 115 1 135 1 155 1 175 1 195 1 215 1 235 1 255 1 275 1 295 1 316 -1
0 16 16 1 36 1 56 1 76 1 96 1 116 1 136 1 156 1 176 1 196 1 216 1 236 1 256 1 276 1 296 1 317 -1
0 16 17 1 37 1 57 1 77 1 97 1 117 1 137 1 157 1 177 1 197 1 217 1 237 1 257 1 277 1 297 1 318 -1
0 16 18 1 38 1 58 1 78 1 98 1 118 1 138 1 158 1 178 1 198 1 218 1 238 1 258 1 278 1 298 1 319 -1
0 17 0 1 20 1 40 1 60 1 80 1 100 1 120 1 140 1 160 1 180 1 200 1 220 1 240 1 260 1 280 1 300 1 321 -1
0 17 1 1 21 1 41 1 61 1 81 1 101 1 121 1 141 1 161 1 181 1 201 1 221 1 241 1 261 1 281 1 301 1 322 -1
0 17 2 1 22 1 42 1 62 1 82 1 102 1 122 1 142 1 162 1 182 1 202 1 222 1 242 1 262 1 282 1 302 1 323 -1
0 17 3 1 23 1 43 1 63 1 83 1 103 1 123 1 143 1 163 1 183 1 203 1 223 1 243 1 263 1 283 1 303 1 324 -1
0 17 4 1 24 1 44 1 64 1 84 1 104 1 124 1 144 1 164 1 184 1 204 1 224 1 244 1 264 1 284 1 304 1 325 -1
0 17 5 1 25 1 45 1 65 1 85 1 105 1 125 1 145 1 165 1 185 1 205 1 225 1 245 1 265 1 285 1 305 1 326 -1
0 17 6 1 26 1 46 1 66 1 86 1 106 1 126 1 146 1 166 1 186 1 206 1 226 1 246 1 266 1 286 1 306 1 327 -1
0 17 7 1 27 1 47 1 67 1 87 1 107 1 127 1 147 1 167 1 187 1 207 1 227 1 247 1 267 1 287 1 307 1 328 -1
0 17 8 1 28 1 48 1 68 1 88 1 108 1 128 1 148 1 168 1 188 1 208 1 228 1 248 1 268 1 288 1 308 1 329 -1
0 17 9 1 29 1 49 1 69 1 89 1 109 1 129 1 149 1 169 1 189 1 209 1 229 1 249 1 269 1 289 1 309 1 330 -1
0 17 10 1 30 1 50 1 70 1 90 1 110 1 130 1 150 1 170 1 190 1 210 1 230 1 250 1 270 1 290 1 310 1 331 -1
0 17 11 1 31 1 51 1 71 1 91 1 111 1 131 1 151 1 171 1 191 1 211 1 231 1 251 1 271 1 291 1 311 1 332 -1
0 17 12 1 32 1 52 1 72 1 92 1 112 1 132 1 152 1 172 1 192 1 212 1 232 1 252 1 272 1 292 1 312 1 333 -1
0 17 13 1 33 1 53 1 73 1 93 1 113 1 133 1 153 1 173 1 193 1 213 1 233 1 253 1 273 1 293 1 313 1 334 -1
0 17 14 1 34 1 54 1 74 1 94 1 114 1 134 1 154 1 174 1 194 1 214 1 234 1 254 1 274 1 294 1 314 1 335 -1
0 17 15 1 35 1 55 1 75 1 95 1 115 1 135 1 155 1 175 1 195 1 215 1 235 1 255 1 275 1 295 1 315 1 336 -1
0 17 16 1 36 1 56 1 76 1 96 1 116 1 136 1 156 1 176 1 196 1 216 1 236 1 256 1 276 1 296 1 316 1 337 -1
0 17 17 1 37 1 57 1 77 1 97 1 117 1 137 1 157 1 177 1 197 1 217 1 237 1 257 1 277 1 297 1 317 1 338 -1
0 17 18 1 38 1 58 1 78 1 98 1 118 1 138 1 158 1 178 1 198 1 218 1 238 1 258 1 278 1 298 1 318 1 339 -1
0 18 0 1 20 1 40 1 60 1 80 1 100 1 120 1 140 1 160 1 180 1 200 1 220 1 240 1 260 1 280 1 300 1 320 1 341 -1
0 18 1 1 21 1 41 1 61 1 81 1 101 1 121 1 141 1 161 1 181 1 201 1 221 1 241 1 261 1 281 1 301 1 321 1 342 -1
0 18 2 1 22 1 42 1 62 1 82 1 102 1 122 1 142 1 162 1 182 1 202 1 222 1 242 1 262 1 282 1 302 1 322 1 343 -1
0 18 3 1 23 1 43 1 63 1 83 1 103 1 123 1 143 1 163 1 183 1 203 1 223 1 243 1 263 1 283 1 303 1 323 1 344 -1
0 18 4 1 24 1 44 1 64 1 84 1 104 1 124 1 144 1 164 1 184 1 204 1 224 1 244 1 264 1 284 1 304 1 324 1 345 -1
0 18 5 1 25 1 45 1 65 1 85 1 105 1 125 1 145 1 165 1 185 1 205 1 225 1 245 1 265 1 285 1 305 1 325 1 346 -1
0 18 6 1 26 1 46 1 66 1 86 1 106 1 126 1 146 1 166 1 186 1 206 1 226 1 246 1 266 1 286 1 306 1 326 1 347 -1
0 18 7 1 27 1 47 1 67 1 87 1 107 1 127 1 147 1 167 1 187 1 207 1 227 1 247 1 267 1 287 1 307 1 327 1 348 -1
0 18 8 1 28 1 48 1 68 1 88 1 108 1 128 1 148 1 168 1 188 1 208 1 228 1 248 1 268 1 288 1 308 1 328 1 349 -1
0 18 9 1 29 1 49 1 69 1 89 1 109 1 129 1 149 1 169 1 189 1 209 1 229 1 249 1 269 1 289 1 309 1 329 1 350 -1
0 18 10 1 30 1 50 1 70 1 90 1 110 1 130 1 150 1 170 1 190 1 210 1 230 1 250 1 270 1 290 1 310 1 330 1 351 -1
0 18 11 1 31 1 51 1 71 1 91 1 111 1 131 1 151 1 171 1 191 1 211 1 231 1 251 1 271 1 291 1 311 1 331 1 352 -1
0 18 12 1 32 1 52 1 72 1 92 1 112 1 132 1 152 1 172 1 192 1 212 1 232 1 252 1 272 1 292 1 312 1 332 1 353 -1
0 18 13 1 33 1 53 1 73 1 93 1 113 1 133 1 153 1 173 1 193 1 213 1 233 1 253 1 273 1 293 1 313 1 333 1 354 -1
0 18 14 1 34 1 54 1 74 1 94 1 114 1 134 1 154 1 174 1 194 1 214 1 234 1 254 1 274 1 294 1 314 1 334 1 355 -1
0 18 15 1 35 1 55 1 75 1 95 1 115 1 135 1 155 1 175 1 195 1 215 1 235 1 255 1 275 1 295 1 315 1 335 1 356 -1
0 18 16 1 36 1 56 1 76 1 96 1 116 1 136 1 156 1 176 1 196 1 216 1 236 1 256 1 276 1 296 1 316 1 336 1 357 -1
0 18 17 1 37 1 57 1 77 1 97 1 117 1 137 1 157 1 177 1 197 1 217 1 237 1 257 1 277 1 297 1 317 1 337 1 358 -1
0 18 18 1 38 1 58 1 78 1 98 1 118 1 138 1 158 1 178 1 198 1 218 1 238 1 258 1 278 1 298 1 318 1 338 1 359 -1
0 19 0 1 20 1 40 1 60 1 80 1 100 1 120 1 140 1 160 1 180 1 200 1 220 1 240 1 260 1 280 1 300 1 320 1 340 1 361 -1
0 19 1 1 21 1 41 1 61 1 81 1 101 1 121 1 141 1 161 1 181 1 201 1 221 1 241 1 261 1 281 1 301 1 321 1 341 1 362 -1
0 19 2 1 22 1 42 1 62 1 82 1 102 1 122 1 142 1 162 1 182 1 202 1 222 1 242 1 262 1 282 1 302 1 322 1 342 1 363 -1
0 19 3 1 23 1 43 1 63 1 83 1 103 1 123 1 143 1 163 1 183 1 203 1 223 1 243 1 263 1 283 1 303 1 323 1 343 1 364 -1
0 19 4 1 24 1 44 1 64 1 84 1 104 1 124 1 144 1 164 1 184 1 204 1 224 1 244 1 264 1 284 1 304 1 324 1 344 1 365 -1
0 19 5 1 25 1 45 1 65 1 85 1 105 1 125 1 145 1 165 1 185 1 205 1 225 1 245 1 265 1 285 1 305 1 325 1 345 1 366 -1
0 19 6 1 26 1 46 1 66 1 86 1 106 1 126 1 146 1 166 1 186 1 206 1 226 1 246 1 266 1 286 1 306 1 326 1 346 1 367 -1
0 19 7 1 27 1 47 1 67 1 87 1 107 1 127 1 147 1 167 1 187 1 207 1 227 1 247 1 267 1 287 1 307 1 327 1 347 1 368 -1
0 19 8 1 28 1 48 1 68 1 88 1 108 1 128 1 148 1 168 1 188 1 208 1 228 1 248 1 268 1 288 1 308 1 328 1 348 1 369 -1
0 19 9 1 29 1 49 1 69 1 89 1 109 1 129 1 149 1 169 1 189 1 209 1 229 1 249 1 269 1 289 1 309 1 329 1 349 1 370 -1
0 19 10 1 30 1 50 1 70 1 90 1 110 1 130 1 150 1 170 1 190 1 210 1 230 1 250 1 270 1 290 1 310 1 330 1 350 1 371 -1
0 19 11 1 31 1 51 1 71 1 91 1 111 1 131 1 151 1 171 1 191 1 211 1 231 1 251 1 271 1 291 1 311 1 331 1 351 1 372 -1
0 19 12 1 32 1 52 1 72 1 92 1 112 1 132 1 152 1 172 1 192 1 212 1 232 1 252 1 272 1 292 1 312 1 332 1 352 1 373 -1
0 19 13 1 33 1 53 1 73 1 93 1 113 1 133 1 153 1 173 1 193 1 213 1 233 1 253 1 273 1 293 1 313 1 333 1 353 1 374 -1
0 19 14 1 34 1 54 1 74 1 94 1 114 1 134 1 154 1 174 1 194 1 214 1 234 1 254 1 274 1 294 1 314 1 334 1 354 1 375 -1
0 19 15 1 35 1 55 1 75 1 95 1 115 1 135 1 155 1 175 1 195 1 215 1 235 1 255 1 275 1 295 1 315 1 335 1 355 1 376 -1
0 19 16 1 36 1 56 1 76 1 96 1 116 1 136 1 156 1 176 1 196 1 216 1 236 1 256 1 276 1 296 1 316 1 336 1 356 1 377 -1
0 19 17 1 37 1 57 1 77 1 97 1 117 1 137 1 157 1 177 1 197 1 217 1 237 1 257 1 277 1 297 1 317 1 337 1 357 1 378 -1
0 19 18 1 38 1 58 1 78 1 98 1 118 1 138 1 158 1 178 1 198 1 218 1 238 1 258 1 278 1 298 1 318 1 338 1 358 1 379 -1
0 20 0 1 20 1 40 1 60 1 80 1 100 1 120 1 140 1 160 1 180 1 200 1 220 1 240 1 260 1 280 1 300 1 320 1 340 1 360 1 381 -1
0 20 1 1 21 1 41 1 61 1 81 1 101 1 121 1 141 1 161 1 181 1 201 1 221 1 241 1 261 1 281 1 301 1 321 1 341 1 361 1 382 -1
0 20 2 1 22 1 42 1 62 1 82 1 102 1 122 1 142 1 162 1 182 1 202 1 222 1 242 1 262 1 282 1 302 1 322 1 342 1 362 1 383 -1
0 20 3 1 23 1 43 1 63 1 83 1 103 1 123 1 143 1 163 1 183 1 203 1 223 1 243 1 263 1 283 1 303 1 323 1 343 1 363 1 384 -1
0 20 4 1 24 1 44 1 64 1 84 1 104 1 124 1 144 1 164 1 184 1 204 1 224 1 244 1 264 1 284 1 304 1 324 1 344 1 364 1 385 -1
0 20 5 1 25 1 45 1 65 1 85 1 105 1 125 1 145 1 165 1 185 1 205 1 225 1 245 1 265 1 285 1 305 1 325 1 345 1 365 1 386 -1
0 20 6 1 26 1 46 1 66 1 86 1 106 1 126 1 146 1 166 1 186 1 206 1 226 1 246 1 266 1 286 1 306 1 326 1 346 1 366 1 387 -1
0 20 7 1 27 1 47 1 67 1 87 1 107 1 127 1 147 1 167 1 187 1 207 1 227 1 247 1 267 1 287 1 307 1 327 1 347 1 367 1 388 -1
0 20 8 1 28 1 48 1 68 1 88 1 108 1 128 1 148 1 168 1 188 1 208 1 228 1 248 1 268 1 288 1 308 1 328 1 348 1 368 1 389 -1
0 20 9 1 29 1 49 1 69 1 89 1 109 1 129 1 149 1 169 1 189 1 209 1 229 1 249 1 269 1 289 1 309 1 329 1 349 1 369 1 390 -1
0 20 10 1 30 1 50 1 70 1 90 1 110 1 130 1 150 1 170 1 190 1 210 1 230 1 250 1 270 1 290 1 310 1 330 1 350 1 370 1 391 -1
0 20 11 1 31 1 51 1 71 1 91 1 111 1 131 1 151 1 171 1 191 1 211 1 231 1 251 1 271 1 291 1 311 1 331 1 351 1 371 1 392 -1
0 20 12 1 32 1 52 1 72 1 92 1 112 1 132 1 152 1 172 1 192 1 212 1 232 1 252 1 272 1 292 1 312 1 332 1 352 1 372 1 393 -1
0 20 13 1 33 1 53 1 73 1 93 1 113 1 133 1 153 1 173 1 193 1 213 1 233 1 253 1 273 1 293 1 313 1 333 1 353 1 373 1 394 -1
0 20 14 1 34 1 54 1 74 1 94 1 114 1 134 1 154 1 174 1 194 1 214 1 234 1 254 1 274 1 294 1 314 1 334 1 354 1 374 1 395 -1
0 20 15 1 35 1 55 1 75 1 95 1 115 1 135 1 155 1 175 1 195 1 215 1 235 1 255 1 275 1 295 1 315 1 335 1 355 1 375 1 396 -1
0 20 16 1 36 1 56 1 76 1 96 1 116 1 136 1 156 1 176 1 196 1 216 1 236 1 256 1 276 1 296 1 316 1 336 1 356 1 376 1 397 -1
0 20 17 1 37 1 57 1 77 1 97 1 117 1 137 1 157 1 177 1 197 1 217 1 237 1 257 1 277 1 297 1 317 1 337 1 357 1 377 1 398 -1
0 20 18 1 38 1 58 1 78 1 98 1 118 1 138 1 158 1 178 1 198 1 218 1 238 1 258 1 278 1 298 1 318 1 338 1 358 1 378 1 399 -1
incumbent 1
1 0 0 0 0 0 0 0 0 0 0 0 0 0 0 0 0 0 0 0 0 1 0 0 0 0 0 0 0 0 0 0 0 0 0 0 0 0 0 0 0 0 1 0 0 0 0 0 0 0 0 0 0 0 0 0 0 0 0 0 1 0 0 0 0 0 0 0 0 0 0 0 0 0 0 0 0 0 0 0 0 0 0 1 0 0 0 0 0 0 0 0 0 0 0 0 0 0 0 0 0 0 1 0 0 0 0 0 0 0 0 0 0 0 0 0 0 0 0 0 1 0 0 0 0 0 0 0 0 0 0 0 0 0 0 0 0 0 0 0 0 0 0 1 0 0 0 0 0 0 0 0 0 0 0 0 0 0 0 0 0 0 0 1 0 0 0 0 0 0 0 0 0 0 0 0 0 0 0 0 0 1 0 0 0 0 0 0 0 0 0 0 0 0 0 0 0 0 0 0 0 0 0 1 0 0 0 0 0 0 0 0 0 0 0 0 0 0 0 0 1 0 0 0 0 0 0 0 0 0 0 0 0 0 0 0 0 0 0 0 0 0 1 0 0 0 0 0 0 0 0 0 0 0 0 0 0 0 0 0 0 0 0 1 0 0 0 0 0 0 0 0 0 0 0 0 0 0 0 0 0 1 0 0 0 0 0 0 0 0 0 0 0 0 0 0 0 0 0 0 0 1 0 0 0 0 0 0 0 0 0 0 0 0 0 0 0 0 0 0 0 1 0 0 0 0 0 0 0 0 0 0 0 0 0 0 0 0 0 0 1 0 0 0 0 0 0 0 0 0 0 0 0 0 0 0 0 0 0 0 0 1 0 0 0 0 0 0 0 0 0 0 0 0 0 0 0 0 0 0 0 0 1 0 0 0 0 0 0 0 0 0 0 0 0 0 0 0 0 0 1 1 1 1 0 0 0 0 0 0 0 0 0 0 0 0 0 0 0 0
