45 141
0 0 0 0 0 0 0 0 0 0 0 0 0 0 0 0 0 0 0 0 0 0 0 0 0 44 31 19 58 44 30 34 41 31 30 23 44 19 34 23 40 58 41 44 40
1 5 0 1 1 1 2 1 3 1 4 1
-1 5 0 -1 1 -1 2 -1 3 -1 4 -1
1 4 25 1 26 1 27 1 28 1
-1 4 25 -1 26 -1 27 -1 28 -1
1 4 29 1 33 1 37 1 41 1
-1 4 29 -1 33 -1 37 -1 41 -1
1 5 5 1 6 1 7 1 8 1 9 1
-1 5 5 -1 6 -1 7 -1 8 -1 9 -1
1 4 29 1 30 1 31 1 32 1
-1 4 29 -1 30 -1 31 -1 32 -1
1 4 25 1 34 1 38 1 42 1
-1 4 25 -1 34 -1 38 -1 42 -1
1 5 10 1 11 1 12 1 13 1 14 1
-1 5 10 -1 11 -1 12 -1 13 -1 14 -1
1 4 33 1 34 1 35 1 36 1
-1 4 33 -1 34 -1 35 -1 36 -1
1 4 26 1 30 1 39 1 43 1
-1 4 26 -1 30 -1 39 -1 43 -1
1 5 15 1 16 1 17 1 18 1 19 1
-1 5 15 -1 16 -1 17 -1 18 -1 19 -1
1 4 37 1 38 1 39 1 40 1
-1 4 37 -1 38 -1 39 -1 40 -1
1 4 27 1 31 1 35 1 44 1
-1 4 27 -1 31 -1 35 -1 44 -1
1 5 20 1 21 1 22 1 23 1 24 1
-1 5 20 -1 21 -1 22 -1 23 -1 24 -1
1 4 41 1 42 1 43 1 44 1
-1 4 41 -1 42 -1 43 -1 44 -1
1 4 28 1 32 1 36 1 40 1
-1 4 28 -1 32 -1 36 -1 40 -1
1 5 0 1 5 1 10 1 15 1 20 1
-1 5 0 -1 5 -1 10 -1 15 -1 20 -1
1 5 1 1 6 1 11 1 16 1 21 1
-1 5 1 -1 6 -1 11 -1 16 -1 21 -1
1 5 2 1 7 1 12 1 17 1 22 1
-1 5 2 -1 7 -1 12 -1 17 -1 22 -1
1 5 3 1 8 1 13 1 18 1 23 1
-1 5 3 -1 8 -1 13 -1 18 -1 23 -1
1 5 4 1 9 1 14 1 19 1 24 1
-1 5 4 -1 9 -1 14 -1 19 -1 24 -1
1 1 0 1
-1 3 0 -1 6 -1 25 1
-1 3 1 -1 7 -1 25 1
-1 3 2 -1 8 -1 25 1
-1 3 3 -1 9 -1 25 1
-1 3 4 -1 5 -1 25 1
-1 3 0 -1 11 -1 26 1
-1 3 1 -1 12 -1 26 1
-1 3 2 -1 13 -1 26 1
-1 3 3 -1 14 -1 26 1
-1 3 4 -1 10 -1 26 1
-1 3 0 -1 16 -1 27 1
-1 3 1 -1 17 -1 27 1
-1 3 2 -1 18 -1 27 1
-1 3 3 -1 19 -1 27 1
-1 3 4 -1 15 -1 27 1
-1 3 0 -1 21 -1 28 1
-1 3 1 -1 22 -1 28 1
-1 3 2 -1 23 -1 28 1
-1 3 3 -1 24 -1 28 1
-1 3 4 -1 20 -1 28 1
-1 3 1 -1 5 -1 29 1
-1 3 2 -1 6 -1 29 1
-1 3 3 -1 7 -1 29 1
-1 3 4 -1 8 -1 29 1
-1 3 0 -1 9 -1 29 1
-1 3 5 -1 11 -1 30 1
-1 3 6 -1 12 -1 30 1
-1 3 7 -1 13 -1 30 1
-1 3 8 -1 14 -1 30 1
-1 3 9 -1 10 -1 30 1
-1 3 5 -1 16 -1 31 1
-1 3 6 -1 17 -1 31 1
-1 3 7 -1 18 -1 31 1
-1 3 8 -1 19 -1 31 1
-1 3 9 -1 15 -1 31 1
-1 3 5 -1 21 -1 32 1
-1 3 6 -1 22 -1 32 1
-1 3 7 -1 23 -1 32 1
-1 3 8 -1 24 -1 32 1
-1 3 9 -1 20 -1 32 1
-1 3 1 -1 10 -1 33 1
-1 3 2 -1 11 -1 33 1
-1 3 3 -1 12 -1 33 1
-1 3 4 -1 13 -1 33 1
-1 3 0 -1 14 -1 33 1
-1 3 6 -1 10 -1 34 1
-1 3 7 -1 11 -1 34 1
-1 3 8 -1 12 -1 34 1
-1 3 9 -1 13 -1 34 1
-1 3 5 -1 14 -1 34 1
-1 3 10 -1 16 -1 35 1
-1 3 11 -1 17 -1 35 1
-1 3 12 -1 18 -1 35 1
-1 3 13 -1 19 -1 35 1
-1 3 14 -1 15 -1 35 1
-1 3 10 -1 21 -1 36 1
-1 3 11 -1 22 -1 36 1
-1 3 12 -1 23 -1 36 1
-1 3 13 -1 24 -1 36 1
-1 3 14 -1 20 -1 36 1
-1 3 1 -1 15 -1 37 1
-1 3 2 -1 16 -1 37 1
-1 3 3 -1 17 -1 37 1
-1 3 4 -1 18 -1 37 1
-1 3 0 -1 19 -1 37 1
-1 3 6 -1 15 -1 38 1
-1 3 7 -1 16 -1 38 1
-1 3 8 -1 17 -1 38 1
-1 3 9 -1 18 -1 38 1
-1 3 5 -1 19 -1 38 1
-1 3 11 -1 15 -1 39 1
-1 3 12 -1 16 -1 39 1
-1 3 13 -1 17 -1 39 1
-1 3 14 -1 18 -1 39 1
-1 3 10 -1 19 -1 39 1
-1 3 15 -1 21 -1 40 1
-1 3 16 -1 22 -1 40 1
-1 3 17 -1 23 -1 40 1
-1 3 18 -1 24 -1 40 1
-1 3 19 -1 20 -1 40 1
-1 3 1 -1 20 -1 41 1
-1 3 2 -1 21 -1 41 1
-1 3 3 -1 22 -1 41 1
-1 3 4 -1 23 -1 41 1
-1 3 0 -1 24 -1 41 1
-1 3 6 -1 20 -1 42 1
-1 3 7 -1 21 -1 42 1
-1 3 8 -1 22 -1 42 1
-1 3 9 -1 23 -1 42 1
-1 3 5 -1 24 -1 42 1
-1 3 11 -1 20 -1 43 1
-1 3 12 -1 21 -1 43 1
-1 3 13 -1 22 -1 43 1
-1 3 14 -1 23 -1 43 1
-1 3 10 -1 24 -1 43 1
-1 3 16 -1 20 -1 44 1
-1 3 17 -1 21 -1 44 1
-1 3 18 -1 22 -1 44 1
-1 3 19 -1 23 -1 44 1
-1 3 15 -1 24 -1 44 1
incumbent 1
1 0 0 0 0 0 0 0 1 0 0 0 1 0 0 0 1 0 0 0 0 0 0 0 1 0 0 1 0 0 0 0 1 0 1 0 0 0 0 1 0 1 0 0 0
