72 215
0 0 0 0 0 0 0 0 0 0 0 0 0 0 0 0 0 0 0 0 0 0 0 0 0 0 0 0 0 0 0 0 0 0 0 0 0 0 0 0 0 0 0 0 0 0 0 0 0 0 0 0 0 0 0 0 0 0 0 0 0 0 0 0 1 1 1 1 1 1 1 1
1 8 0 1 1 1 2 1 3 1 4 1 5 1 6 1 7 1
-1 8 0 -1 1 -1 2 -1 3 -1 4 -1 5 -1 6 -1 7 -1
0 2 0 -1 64 1
0 2 1 -1 65 1
0 2 2 -1 66 1
0 2 3 -1 67 1
0 2 4 -1 68 1
0 2 5 -1 69 1
0 2 6 -1 70 1
0 2 7 -1 71 1
1 8 8 1 9 1 10 1 11 1 12 1 13 1 14 1 15 1
-1 8 8 -1 9 -1 10 -1 11 -1 12 -1 13 -1 14 -1 15 -1
0 2 8 -1 64 1
0 2 9 -1 65 1
0 2 10 -1 66 1
0 2 11 -1 67 1
0 2 12 -1 68 1
0 2 13 -1 69 1
0 2 14 -1 70 1
0 2 15 -1 71 1
1 8 16 1 17 1 18 1 19 1 20 1 21 1 22 1 23 1
-1 8 16 -1 17 -1 18 -1 19 -1 20 -1 21 -1 22 -1 23 -1
0 2 16 -1 64 1
0 2 17 -1 65 1
0 2 18 -1 66 1
0 2 19 -1 67 1
0 2 20 -1 68 1
0 2 21 -1 69 1
0 2 22 -1 70 1
0 2 23 -1 71 1
1 8 24 1 25 1 26 1 27 1 28 1 29 1 30 1 31 1
-1 8 24 -1 25 -1 26 -1 27 -1 28 -1 29 -1 30 -1 31 -1
0 2 24 -1 64 1
0 2 25 -1 65 1
0 2 26 -1 66 1
0 2 27 -1 67 1
0 2 28 -1 68 1
0 2 29 -1 69 1
0 2 30 -1 70 1
0 2 31 -1 71 1
1 8 32 1 33 1 34 1 35 1 36 1 37 1 38 1 39 1
-1 8 32 -1 33 -1 34 -1 35 -1 36 -1 37 -1 38 -1 39 -1
0 2 32 -1 64 1
0 2 33 -1 65 1
0 2 34 -1 66 1
0 2 35 -1 67 1
0 2 36 -1 68 1
0 2 37 -1 69 1
0 2 38 -1 70 1
0 2 39 -1 71 1
1 8 40 1 41 1 42 1 43 1 44 1 45 1 46 1 47 1
-1 8 40 -1 41 -1 42 -1 43 -1 44 -1 45 -1 46 -1 47 -1
0 2 40 -1 64 1
0 2 41 -1 65 1
0 2 42 -1 66 1
0 2 43 -1 67 1
0 2 44 -1 68 1
0 2 45 -1 69 1
0 2 46 -1 70 1
0 2 47 -1 71 1
1 8 48 1 49 1 50 1 51 1 52 1 53 1 54 1 55 1
-1 8 48 -1 49 -1 50 -1 51 -1 52 -1 53 -1 54 -1 55 -1
0 2 48 -1 64 1
0 2 49 -1 65 1
0 2 50 -1 66 1
0 2 51 -1 67 1
0 2 52 -1 68 1
0 2 53 -1 69 1
0 2 54 -1 70 1
0 2 55 -1 71 1
1 8 56 1 57 1 58 1 59 1 60 1 61 1 62 1 63 1
-1 8 56 -1 57 -1 58 -1 59 -1 60 -1 61 -1 62 -1 63 -1
0 2 56 -1 64 1
0 2 57 -1 65 1
0 2 58 -1 66 1
0 2 59 -1 67 1
0 2 60 -1 68 1
0 2 61 -1 69 1
0 2 62 -1 70 1
0 2 63 -1 71 1
-1 2 0 -1 32 -1
-1 2 1 -1 33 -1
-1 2 2 -1 34 -1
-1 2 3 -1 35 -1
-1 2 4 -1 36 -1
-1 2 5 -1 37 -1
-1 2 6 -1 38 -1
-1 2 7 -1 39 -1
-1 2 0 -1 40 -1
-1 2 1 -1 41 -1
-1 2 2 -1 42 -1
-1 2 3 -1 43 -1
-1 2 4 -1 44 -1
-1 2 5 -1 45 -1
-1 2 6 -1 46 -1
-1 2 7 -1 47 -1
-1 2 0 -1 48 -1
-1 2 1 -1 49 -1
-1 2 2 -1 50 -1
-1 2 3 -1 51 -1
-1 2 4 -1 52 -1
-1 2 5 -1 53 -1
-1 2 6 -1 54 -1
-1 2 7 -1 55 -1
-1 2 8 -1 24 -1
-1 2 9 -1 25 -1
-1 2 10 -1 26 -1
-1 2 11 -1 27 -1
-1 2 12 -1 28 -1
-1 2 13 -1 29 -1
-1 2 14 -1 30 -1
-1 2 15 -1 31 -1
-1 2 16 -1 32 -1
-1 2 17 -1 33 -1
-1 2 18 -1 34 -1
-1 2 19 -1 35 -1
-1 2 20 -1 36 -1
-1 2 21 -1 37 -1
-1 2 22 -1 38 -1
-1 2 23 -1 39 -1
-1 2 24 -1 40 -1
-1 2 25 -1 41 -1
-1 2 26 -1 42 -1
-1 2 27 -1 43 -1
-1 2 28 -1 44 -1
-1 2 29 -1 45 -1
-1 2 30 -1 46 -1
-1 2 31 -1 47 -1
-1 2 40 -1 56 -1
-1 2 41 -1 57 -1
-1 2 42 -1 58 -1
-1 2 43 -1 59 -1
-1 2 44 -1 60 -1
-1 2 45 -1 61 -1
-1 2 46 -1 62 -1
-1 2 47 -1 63 -1
-1 2 48 -1 56 -1
-1 2 49 -1 57 -1
-1 2 50 -1 58 -1
-1 2 51 -1 59 -1
-1 2 52 -1 60 -1
-1 2 53 -1 61 -1
-1 2 54 -1 62 -1
-1 2 55 -1 63 -1
0 2 64 1 65 -1
0 2 65 1 66 -1
0 2 66 1 67 -1
0 2 67 1 68 -1
0 2 68 1 69 -1
0 2 69 1 70 -1
0 2 70 1 71 -1
0 9 0 1 8 1 16 1 24 1 32 1 40 1 48 1 56 1 64 -1
0 9 1 1 9 1 17 1 25 1 33 1 41 1 49 1 57 1 65 -1
0 9 2 1 10 1 18 1 26 1 34 1 42 1 50 1 58 1 66 -1
0 9 3 1 11 1 19 1 27 1 35 1 43 1 51 1 59 1 67 -1
0 9 4 1 12 1 20 1 28 1 36 1 44 1 52 1 60 1 68 -1
0 9 5 1 13 1 21 1 29 1 37 1 45 1 53 1 61 1 69 -1
0 9 6 1 14 1 22 1 30 1 38 1 46 1 54 1 62 1 70 -1
0 9 7 1 15 1 23 1 31 1 39 1 47 1 55 1 63 1 71 -1
0 1 1 -1
0 1 2 -1
0 1 3 -1
0 1 4 -1
0 1 5 -1
0 1 6 -1
0 1 7 -1
0 2 0 1 9 -1
0 2 1 1 10 -1
0 2 2 1 11 -1
0 2 3 1 12 -1
0 2 4 1 13 -1
0 2 5 1 14 -1
0 2 6 1 15 -1
0 3 0 1 8 1 17 -1
0 3 1 1 9 1 18 -1
0 3 2 1 10 1 19 -1
0 3 3 1 11 1 20 -1
0 3 4 1 12 1 21 -1
0 3 5 1 13 1 22 -1
0 3 6 1 14 1 23 -1
0 4 0 1 8 1 16 1 25 -1
0 4 1 1 9 1 17 1 26 -1
0 4 2 1 10 1 18 1 27 -1
0 4 3 1 11 1 19 1 28 -1
0 4 4 1 12 1 20 1 29 -1
0 4 5 1 13 1 21 1 30 -1
0 4 6 1 14 1 22 1 31 -1
0 5 0 1 8 1 16 1 24 1 33 -1
0 5 1 1 9 1 17 1 25 1 34 -1
0 5 2 1 10 1 18 1 26 1 35 -1
0 5 3 1 11 1 19 1 27 1 36 -1
0 5 4 1 12 1 20 1 28 1 37 -1
0 5 5 1 13 1 21 1 29 1 38 -1
0 5 6 1 14 1 22 1 30 1 39 -1
0 6 0 1 8 1 16 1 24 1 32 1 41 -1
0 6 1 1 9 1 17 1 25 1 33 1 42 -1
0 6 2 1 10 1 18 1 26 1 34 1 43 -1
0 6 3 1 11 1 19 1 27 1 35 1 44 -1
0 6 4 1 12 1 20 1 28 1 36 1 45 -1
0 6 5 1 13 1 21 1 29 1 37 1 46 -1
0 6 6 1 14 1 22 1 30 1 38 1 47 -1
0 7 0 1 8 1 16 1 24 1 32 1 40 1 49 -1
0 7 1 1 9 1 17 1 25 1 33 1 41 1 50 -1
0 7 2 1 10 1 18 1 26 1 34 1 42 1 51 -1
0 7 3 1 11 1 19 1 27 1 35 1 43 1 52 -1
0 7 4 1 12 1 20 1 28 1 36 1 44 1 53 -1
0 7 5 1 13 1 21 1 29 1 37 1 45 1 54 -1
0 7 6 1 14 1 22 1 30 1 38 1 46 1 55 -1
0 8 0 1 8 1 16 1 24 1 32 1 40 1 48 1 57 -1
0 8 1 1 9 1 17 1 25 1 33 1 41 1 49 1 58 -1
0 8 2 1 10 1 18 1 26 1 34 1 42 1 50 1 59 -1
0 8 3 1 11 1 19 1 27 1 35 1 43 1 51 1 60 -1
0 8 4 1 12 1 20 1 28 1 36 1 44 1 52 1 61 -1
0 8 5 1 13 1 21 1 29 1 37 1 45 1 53 1 62 -1
0 8 6 1 14 1 22 1 30 1 38 1 46 1 54 1 63 -1
incumbent 1
1 0 0 0 0 0 0 0 0 1 0 0 0 0 0 0 1 0 0 0 0 0 0 0 1 0 0 0 0 0 0 0 0 1 0 0 0 0 0 0 0 1 0 0 0 0 0 0 0 1 0 0 0 0 0 0 1 0 0 0 0 0 0 0 1 1 0 0 0 0 0 0
